 0.00000000e+000 0.00000000e+000 0.00000000e+000 0.00000000e+000
 3.14159265e-002 3.41215000e-002 3.24132214e-002 1.70827867e-003
 6.28318531e-002 6.40775486e-002 6.68623449e-002 2.78479630e-003
 9.42477796e-002 8.79024559e-002 1.03409224e-001 1.55067684e-002
 1.25663706e-001 1.07090225e-001 1.42115451e-001 3.50252268e-002
 1.57079633e-001 1.26355026e-001 1.83042214e-001 5.66871873e-002
 1.88495559e-001 1.51943759e-001 2.26250143e-001 7.43063844e-002
 2.19911486e-001 1.89153244e-001 2.71799158e-001 8.26459143e-002
 2.51327412e-001 2.40055719e-001 3.19748292e-001 7.96925731e-002
 2.82743339e-001 3.02392259e-001 3.70155520e-001 6.77632613e-002
 3.14159265e-001 3.70161894e-001 4.23077568e-001 5.29156739e-002
 3.45575192e-001 4.35774225e-001 4.78569719e-001 4.27954939e-002
 3.76991118e-001 4.92998384e-001 5.36685605e-001 4.36872211e-002
 4.08407045e-001 5.39582236e-001 5.97476992e-001 5.78947565e-002
 4.39822972e-001 5.78483987e-001 6.60993554e-001 8.25095677e-002
 4.71238898e-001 6.17144586e-001 7.27282634e-001 1.10138048e-001
 5.02654825e-001 6.64962103e-001 7.96388999e-001 1.31426895e-001
 5.34070751e-001 7.29835825e-001 8.68354578e-001 1.38518753e-001
 5.65486678e-001 8.15054994e-001 9.43218198e-001 1.28163204e-001
 5.96902604e-001 9.17745381e-001 1.02101530e+000 1.03269918e-001
 6.28318531e-001 1.02955863e+000 1.10177764e+000 7.22190155e-002
 6.59734457e-001 1.13947427e+000 1.18553302e+000 4.60587499e-002
 6.91150384e-001 1.23777792e+000 1.27230491e+000 3.45269901e-002
 7.22566310e-001 1.31978619e+000 1.36211218e+000 4.23259924e-002
 7.53982237e-001 1.38790862e+000 1.45496874e+000 6.70601261e-002
 7.85398163e-001 1.45118550e+000 1.55088320e+000 9.96977006e-002
 8.16814090e-001 1.52233669e+000 1.64985847e+000 1.27521777e-001
 8.48230016e-001 1.61328270e+000 1.75189144e+000 1.38608734e-001
 8.79645943e-001 1.73071292e+000 1.85697256e+000 1.26259638e-001
 9.11061870e-001 1.87333647e+000 1.96508546e+000 9.17489865e-002
 9.42477796e-001 2.03191175e+000 2.07620652e+000 4.42947744e-002
 9.73893723e-001 2.19218364e+000 2.19030447e+000 1.87916560e-003
 1.00530965e+000 2.33979915e+000 2.30733996e+000 3.24591952e-002
 1.03672558e+000 2.46550564e+000 2.42726507e+000 3.82405730e-002
 1.06814150e+000 2.56875389e+000 2.55002291e+000 1.87309762e-002
 1.09955743e+000 2.65832123e+000 2.67554714e+000 1.72259112e-002
 1.13097336e+000 2.74958743e+000 2.80376147e+000 5.41740408e-002
 1.16238928e+000 2.85929073e+000 2.93457919e+000 7.52884574e-002
 1.19380521e+000 2.99953856e+000 3.06790264e+000 6.83640838e-002
 1.22522113e+000 3.17319480e+000 3.20362276e+000 3.04279571e-002
 1.25663706e+000 3.37236368e+000 3.34161850e+000 3.07451762e-002
 1.28805299e+000 3.58065371e+000 3.48175637e+000 9.88973432e-002
 1.31946891e+000 3.77858025e+000 3.62388980e+000 1.54690441e-001
 1.35088484e+000 3.95031515e+000 3.76785871e+000 1.82456431e-001
 1.38230077e+000 4.08943479e+000 3.91348887e+000 1.75945918e-001
 1.41371669e+000 4.20157545e+000 4.06059136e+000 1.40984087e-001
 1.44513262e+000 4.30291743e+000 4.20896203e+000 9.39554009e-002
 1.47654855e+000 4.41485569e+000 4.35838090e+000 5.64747952e-002
 1.50796447e+000 4.55658150e+000 4.50861158e+000 4.79699207e-002
 1.53938040e+000 4.73811000e+000 4.65940072e+000 7.87092794e-002
 1.57079633e+000 4.95623471e+000 4.81047738e+000 1.45757333e-001
 1.60221225e+000 5.19495867e+000 4.96155248e+000 2.33406191e-001
 1.63362818e+000 5.43043796e+000 5.11231819e+000 3.18119767e-001
 1.66504411e+000 5.63888853e+000 5.26244735e+000 3.76441182e-001
 1.69646003e+000 5.80480477e+000 5.41159287e+000 3.93211895e-001
 1.72787596e+000 5.92662301e+000 5.55938719e+000 3.67235827e-001
 1.75929189e+000 6.01774320e+000 5.70544161e+000 3.12301584e-001
 1.79070781e+000 6.10236043e+000 5.84934583e+000 2.53014593e-001
 1.82212374e+000 6.20734665e+000 5.99066728e+000 2.16679370e-001
 1.85353967e+000 6.35284685e+000 6.12895062e+000 2.23896232e-001
 1.88495559e+000 6.54480556e+000 6.26371715e+000 2.81088413e-001
 1.91637152e+000 6.77209591e+000 6.39446431e+000 3.77631602e-001
 1.94778745e+000 7.00943296e+000 6.52066514e+000 4.88767826e-001
 1.97920337e+000 7.22529862e+000 6.64176775e+000 5.83530873e-001
 2.01061930e+000 7.39234459e+000 6.75719486e+000 6.35149726e-001
 2.04203522e+000 7.49678697e+000 6.86634331e+000 6.30443653e-001
 2.07345115e+000 7.54351777e+000 6.96858362e+000 5.74934153e-001
 2.10486708e+000 7.55500296e+000 7.06325955e+000 4.91743407e-001
 2.13628300e+000 7.56409276e+000 7.14968773e+000 4.14405028e-001
 2.16769893e+000 7.60295912e+000 7.22715726e+000 3.75801863e-001
 2.19911486e+000 7.69178427e+000 7.29492939e+000 3.96854889e-001
 2.23053078e+000 7.83104960e+000 7.35223721e+000 4.78812385e-001
 2.26194671e+000 8.00019717e+000 7.39828542e+000 6.01911745e-001
 2.29336264e+000 8.16337821e+000 7.43225005e+000 7.31128152e-001
 2.32477856e+000 8.28062690e+000 7.45327834e+000 8.27348561e-001
 2.35619449e+000 8.32089765e+000 7.46048854e+000 8.60409115e-001
 2.38761042e+000 8.27263700e+000 7.45296991e+000 8.19667097e-001
 2.41902634e+000 8.14822480e+000 7.42978262e+000 7.18442176e-001
 2.45044227e+000 7.98053954e+000 7.38995783e+000 5.90581707e-001
 2.48185820e+000 7.81247757e+000 7.33249776e+000 4.79979805e-001
 2.51327412e+000 7.68264606e+000 7.25637583e+000 4.26270222e-001
 2.54469005e+000 7.61185129e+000 7.16053693e+000 4.51314359e-001
 2.57610598e+000 7.59491606e+000 7.04389766e+000 5.51018397e-001
 2.60752190e+000 7.60076394e+000 6.90534676e+000 6.95417180e-001
 2.63893783e+000 7.58108210e+000 6.74374551e+000 8.37336589e-001
 2.67035376e+000 7.48505332e+000 6.55792832e+000 9.27125000e-001
 2.70176968e+000 7.27555482e+000 6.34670335e+000 9.28851475e-001
 2.73318561e+000 6.94156760e+000 6.10885319e+000 8.32714412e-001
 2.76460154e+000 6.50258450e+000 5.84313575e+000 6.59448754e-001
 2.79601746e+000 6.00325890e+000 5.54828513e+000 4.54973774e-001
 2.82743339e+000 5.49964334e+000 5.22301271e+000 2.76630636e-001
 2.85884931e+000 5.04113941e+000 4.86600825e+000 1.75131165e-001
 2.89026524e+000 4.65381218e+000 4.47594118e+000 1.77870997e-001
 2.92168117e+000 4.33048690e+000 4.05146201e+000 2.79024893e-001
 2.95309709e+000 4.03107209e+000 3.59120382e+000 4.39868276e-001
 2.98451302e+000 3.69342829e+000 3.09378392e+000 5.99644370e-001
 3.01592895e+000 3.25179299e+000 2.55780566e+000 6.93987333e-001
 3.04734487e+000 2.65732262e+000 1.98186037e+000 6.75462248e-001
 3.07876080e+000 1.89451116e+000 1.36452942e+000 5.29981739e-001
 3.11017673e+000 9.88372139e-001 7.04386497e-001 2.83985642e-001
 3.14159265e+000 1.65909462e-015 2.83382392e-015 1.17472930e-015
