 0.00000000e+000 0.00000000e+000 0.00000000e+000 0.00000000e+000
 3.14159265e-002 4.62840481e-002 3.24132214e-002 1.38708267e-002
 6.28318531e-002 8.80853163e-002 6.68623449e-002 2.12229714e-002
 9.42477796e-002 1.23204903e-001 1.03409224e-001 1.97956784e-002
 1.25663706e-001 1.53052729e-001 1.42115451e-001 1.09372781e-002
 1.57079633e-001 1.82437012e-001 1.83042214e-001 6.05201768e-004
 1.88495559e-001 2.17858343e-001 2.26250143e-001 8.39180037e-003
 2.19911486e-001 2.64959382e-001 2.71799158e-001 6.83977623e-003
 2.51327412e-001 3.26145920e-001 3.19748292e-001 6.39762819e-003
 2.82743339e-001 3.99365395e-001 3.70155520e-001 2.92098751e-002
 3.14159265e-001 4.78606579e-001 4.23077568e-001 5.55290109e-002
 3.45575192e-001 5.56023322e-001 4.78569719e-001 7.74536028e-002
 3.76991118e-001 6.24936060e-001 5.36685605e-001 8.82504545e-002
 4.08407045e-001 6.82580269e-001 5.97476992e-001 8.51032765e-002
 4.39822972e-001 7.31509970e-001 6.60993554e-001 7.05164155e-002
 4.71238898e-001 7.79028424e-001 7.27282634e-001 5.17457895e-002
 5.02654825e-001 8.34746416e-001 7.96388999e-001 3.83574176e-002
 5.34070751e-001 9.07093390e-001 8.68354578e-001 3.87388117e-002
 5.65486678e-001 1.00005175e+000 9.43218198e-001 5.68335554e-002
 5.96902604e-001 1.11136861e+000 1.02101530e+000 9.03533129e-002
 6.28318531e-001 1.23300744e+000 1.10177764e+000 1.31229795e-001
 6.59734457e-001 1.35379871e+000 1.18553302e+000 1.68265695e-001
 6.91150384e-001 1.46342075e+000 1.27230491e+000 1.91115838e-001
 7.22566310e-001 1.55629854e+000 1.36211218e+000 1.94186361e-001
 7.53982237e-001 1.63396506e+000 1.45496874e+000 1.78996318e-001
 7.85398163e-001 1.70492476e+000 1.55088320e+000 1.54041567e-001
 8.16814090e-001 1.78193462e+000 1.64985847e+000 1.32076151e-001
 8.48230016e-001 1.87756672e+000 1.75189144e+000 1.25675284e-001
 8.79645943e-001 1.99959278e+000 1.85697256e+000 1.42620220e-001
 9.11061870e-001 2.14787319e+000 1.96508546e+000 1.82787728e-001
 9.42477796e-001 2.31396592e+000 2.07620652e+000 2.37759399e-001
 9.73893723e-001 2.48373673e+000 2.19030447e+000 2.93432255e-001
 1.00530965e+000 2.64217198e+000 2.30733996e+000 3.34832020e-001
 1.03672558e+000 2.77875592e+000 2.42726507e+000 3.51490854e-001
 1.06814150e+000 2.89149087e+000 2.55002291e+000 3.41467960e-001
 1.09955743e+000 2.98803876e+000 2.67554714e+000 3.12491611e-001
 1.13097336e+000 3.08343125e+000 2.80376147e+000 2.79669774e-001
 1.16238928e+000 3.19500782e+000 2.93457919e+000 2.60428629e-001
 1.19380521e+000 3.33626996e+000 3.06790264e+000 2.68367316e-001
 1.22522113e+000 3.51180766e+000 3.20362276e+000 3.08184906e-001
 1.25663706e+000 3.71516834e+000 3.34161850e+000 3.73549841e-001
 1.28805299e+000 3.93056946e+000 3.48175637e+000 4.48813098e-001
 1.31946891e+000 4.13802191e+000 3.62388980e+000 5.14132107e-001
 1.35088484e+000 4.32019331e+000 3.76785871e+000 5.52334595e-001
 1.38230077e+000 4.46864476e+000 3.91348887e+000 5.55155886e-001
 1.41371669e+000 4.58719196e+000 4.06059136e+000 5.26600595e-001
 1.44513262e+000 4.69106427e+000 4.20896203e+000 4.82102240e-001
 1.47654855e+000 4.80196869e+000 4.35838090e+000 4.43587795e-001
 1.50796447e+000 4.94062267e+000 4.50861158e+000 4.32011086e-001
 1.53938040e+000 5.11928465e+000 4.65940072e+000 4.59883935e-001
 1.57079633e+000 5.33692273e+000 4.81047738e+000 5.26445354e-001
 1.60221225e+000 5.57884497e+000 4.96155248e+000 6.17292488e-001
 1.63362818e+000 5.82112080e+000 5.11231819e+000 7.08802606e-001
 1.66504411e+000 6.03844957e+000 5.26244735e+000 7.76002225e-001
 1.69646003e+000 6.21286181e+000 5.41159287e+000 8.01268934e-001
 1.72787596e+000 6.34023369e+000 5.55938719e+000 7.80846505e-001
 1.75929189e+000 6.43223306e+000 5.70544161e+000 7.26791446e-001
 1.79070781e+000 6.51281367e+000 5.84934583e+000 6.63467838e-001
 1.82212374e+000 6.61024436e+000 5.99066728e+000 6.19577076e-001
 1.85353967e+000 6.74726199e+000 6.12895062e+000 6.18311375e-001
 1.88495559e+000 6.93270181e+000 6.26371715e+000 6.68984669e-001
 1.91637152e+000 7.15758624e+000 6.39446431e+000 7.63121931e-001
 1.94778745e+000 7.39722769e+000 6.52066514e+000 8.76562551e-001
 1.97920337e+000 7.61887679e+000 6.64176775e+000 9.77109036e-001
 2.01061930e+000 7.79250285e+000 6.75719486e+000 1.03530799e+000
 2.04203522e+000 7.90110640e+000 6.86634331e+000 1.03476309e+000
 2.07345115e+000 7.94697397e+000 6.96858362e+000 9.78390348e-001
 2.10486708e+000 7.95153694e+000 7.06325955e+000 8.88277386e-001
 2.13628300e+000 7.94860508e+000 7.14968773e+000 7.98917344e-001
 2.16769893e+000 7.97301852e+000 7.22715726e+000 7.45861258e-001
 2.19911486e+000 8.04842362e+000 7.29492939e+000 7.53494240e-001
 2.23053078e+000 8.17833383e+000 7.35223721e+000 8.26096615e-001
 2.26194671e+000 8.34368376e+000 7.39828542e+000 9.45398342e-001
 2.29336264e+000 8.50799591e+000 7.43225005e+000 1.07574586e+000
 2.32477856e+000 8.62872381e+000 7.45327834e+000 1.17544547e+000
 2.35619449e+000 8.67116930e+000 7.46048854e+000 1.21068076e+000
 2.38761042e+000 8.62034518e+000 7.45296991e+000 1.16737528e+000
 2.41902634e+000 8.48666145e+000 7.42978262e+000 1.05687883e+000
 2.45044227e+000 8.30323774e+000 7.38995783e+000 9.13279904e-001
 2.48185820e+000 8.11538898e+000 7.33249776e+000 7.82891218e-001
 2.51327412e+000 7.96549715e+000 7.25637583e+000 7.09121315e-001
 2.54469005e+000 7.87816912e+000 7.16053693e+000 7.17632185e-001
 2.57610598e+000 7.85068444e+000 7.04389766e+000 8.06786776e-001
 2.60752190e+000 7.85216637e+000 6.90534676e+000 9.46819619e-001
 2.63893783e+000 7.83212987e+000 6.74374551e+000 1.08838436e+000
 2.67035376e+000 7.73595796e+000 6.55792832e+000 1.17802964e+000
 2.70176968e+000 7.52245489e+000 6.34670335e+000 1.17575154e+000
 2.73318561e+000 7.17774282e+000 6.10885319e+000 1.06888963e+000
 2.76460154e+000 6.72075293e+000 5.84313575e+000 8.77617188e-001
 2.79601746e+000 6.19814748e+000 5.54828513e+000 6.49862346e-001
 2.82743339e+000 5.66989829e+000 5.22301271e+000 4.46885580e-001
 2.85884931e+000 5.18985277e+000 4.86600825e+000 3.23844521e-001
 2.89026524e+000 4.78741637e+000 4.47594118e+000 3.11475192e-001
 2.92168117e+000 4.45634799e+000 4.05146201e+000 4.04885983e-001
 2.95309709e+000 4.15458959e+000 3.59120382e+000 5.63385768e-001
 2.98451302e+000 3.81565338e+000 3.09378392e+000 7.21869465e-001
 3.01592895e+000 3.36842931e+000 2.55780566e+000 8.10623654e-001
 3.04734487e+000 2.75951870e+000 1.98186037e+000 7.77658335e-001
 3.07876080e+000 1.97124589e+000 1.36452942e+000 6.06716467e-001
 3.11017673e+000 1.02968272e+000 7.04386497e-001 3.25296227e-001
 3.14159265e+000 1.68524389e-015 2.83382392e-015 1.14858004e-015
