 0.00000000e+000 0.00000000e+000 0.00000000e+000 0.00000000e+000
 3.14159265e-002 2.80372407e-002 3.24132214e-002 4.37598066e-003
 6.28318531e-002 6.08920248e-002 6.68623449e-002 5.97032012e-003
 9.42477796e-002 1.00361460e-001 1.03409224e-001 3.04776416e-003
 1.25663706e-001 1.44434773e-001 1.42115451e-001 2.31932161e-003
 1.57079633e-001 1.89253668e-001 1.83042214e-001 6.21145480e-003
 1.88495559e-001 2.32249433e-001 2.26250143e-001 5.99929012e-003
 2.19911486e-001 2.74056998e-001 2.71799158e-001 2.25783982e-003
 2.51327412e-001 3.17847390e-001 3.19748292e-001 1.90090268e-003
 2.82743339e-001 3.66764973e-001 3.70155520e-001 3.39054734e-003
 3.14159265e-001 4.21575126e-001 4.23077568e-001 1.50244256e-003
 3.45575192e-001 4.80337053e-001 4.78569719e-001 1.76733434e-003
 3.76991118e-001 5.40218944e-001 5.36685605e-001 3.53333930e-003
 4.08407045e-001 5.99874418e-001 5.97476992e-001 2.39742540e-003
 4.39822972e-001 6.60449132e-001 6.60993554e-001 5.44422280e-004
 4.71238898e-001 7.24499361e-001 7.27282634e-001 2.78327362e-003
 5.02654825e-001 7.93830817e-001 7.96388999e-001 2.55818219e-003
 5.34070751e-001 8.68086734e-001 8.68354578e-001 2.67843991e-004
 5.65486678e-001 9.45204023e-001 9.43218198e-001 1.98582554e-003
 5.96902604e-001 1.02326311e+000 1.02101530e+000 2.24780798e-003
 6.28318531e-001 1.10212604e+000 1.10177764e+000 3.48399424e-004
 6.59734457e-001 1.18350297e+000 1.18553302e+000 2.03004426e-003
 6.91150384e-001 1.26945358e+000 1.27230491e+000 2.85133146e-003
 7.22566310e-001 1.36064215e+000 1.36211218e+000 1.47002471e-003
 7.53982237e-001 1.45582872e+000 1.45496874e+000 8.59973044e-004
 7.85398163e-001 1.55299108e+000 1.55088320e+000 2.10787823e-003
 8.16814090e-001 1.65108206e+000 1.64985847e+000 1.22359435e-003
 8.48230016e-001 1.75091053e+000 1.75189144e+000 9.80905921e-004
 8.79645943e-001 1.85441123e+000 1.85697256e+000 2.56132622e-003
 9.11061870e-001 1.96295450e+000 1.96508546e+000 2.13096339e-003
 9.42477796e-001 2.07615632e+000 2.07620652e+000 5.02038165e-005
 9.73893723e-001 2.19220318e+000 2.19030447e+000 1.89871063e-003
 1.00530965e+000 2.30939883e+000 2.30733996e+000 2.05887178e-003
 1.03672558e+000 2.42759498e+000 2.42726507e+000 3.29918566e-004
 1.06814150e+000 2.54827516e+000 2.55002291e+000 1.74774924e-003
 1.09955743e+000 2.67322155e+000 2.67554714e+000 2.32559179e-003
 1.13097336e+000 2.80291353e+000 2.80376147e+000 8.47941309e-004
 1.16238928e+000 2.93603814e+000 2.93457919e+000 1.45895442e-003
 1.19380521e+000 3.07053921e+000 3.06790264e+000 2.63657237e-003
 1.22522113e+000 3.20530810e+000 3.20362276e+000 1.68534358e-003
 1.25663706e+000 3.34105985e+000 3.34161850e+000 5.58653995e-004
 1.28805299e+000 3.47962916e+000 3.48175637e+000 2.12720887e-003
 1.31946891e+000 3.62227639e+000 3.62388980e+000 1.61341106e-003
 1.35088484e+000 3.76845555e+000 3.76785871e+000 5.96834342e-004
 1.38230077e+000 3.91611649e+000 3.91348887e+000 2.62761559e-003
 1.41371669e+000 4.06330457e+000 4.06059136e+000 2.71320658e-003
 1.44513262e+000 4.20969576e+000 4.20896203e+000 7.33730262e-004
 1.47654855e+000 4.35673638e+000 4.35838090e+000 1.64451359e-003
 1.50796447e+000 4.50623679e+000 4.50861158e+000 2.37479279e-003
 1.53938040e+000 4.65860172e+000 4.65940072e+000 7.99004105e-004
 1.57079633e+000 4.81222088e+000 4.81047738e+000 1.74349758e-003
 1.60221225e+000 4.96457653e+000 4.96155248e+000 3.02404823e-003
 1.63362818e+000 5.11415402e+000 5.11231819e+000 1.83582623e-003
 1.66504411e+000 5.26152245e+000 5.26244735e+000 9.24893190e-004
 1.69646003e+000 5.40862438e+000 5.41159287e+000 2.96849620e-003
 1.72787596e+000 5.55683384e+000 5.55938719e+000 2.55334072e-003
 1.75929189e+000 5.70542478e+000 5.70544161e+000 1.68383647e-005
 1.79070781e+000 5.85178943e+000 5.84934583e+000 2.44359344e-003
 1.82212374e+000 5.99327850e+000 5.99066728e+000 2.61121551e-003
 1.85353967e+000 6.12912780e+000 6.12895062e+000 1.77189180e-004
 1.88495559e+000 6.26080592e+000 6.26371715e+000 2.91122889e-003
 1.91637152e+000 6.39041953e+000 6.39446431e+000 4.04477845e-003
 1.94778745e+000 6.51847783e+000 6.52066514e+000 2.18730518e-003
 1.97920337e+000 6.64292351e+000 6.64176775e+000 1.15575613e-003
 2.01061930e+000 6.76032323e+000 6.75719486e+000 3.12836513e-003
 2.04203522e+000 6.86828364e+000 6.86634331e+000 1.94032292e-003
 2.07345115e+000 6.96705900e+000 6.96858362e+000 1.52462490e-003
 2.10486708e+000 7.05892128e+000 7.06325955e+000 4.33827800e-003
 2.13628300e+000 7.14572704e+000 7.14968773e+000 3.96069471e-003
 2.16769893e+000 7.22669255e+000 7.22715726e+000 4.64708810e-004
 2.19911486e+000 7.29831009e+000 7.29492939e+000 3.38070805e-003
 2.23053078e+000 7.35659240e+000 7.35223721e+000 4.35518603e-003
 2.26194671e+000 7.39983567e+000 7.39828542e+000 1.55024814e-003
 2.29336264e+000 7.42954560e+000 7.43225005e+000 2.70445677e-003
 2.32477856e+000 7.44861943e+000 7.45327834e+000 4.65890583e-003
 2.35619449e+000 7.45818593e+000 7.46048854e+000 2.30260823e-003
 2.38761042e+000 7.45574349e+000 7.45296991e+000 2.77357871e-003
 2.41902634e+000 7.43628357e+000 7.42978262e+000 6.50094927e-003
 2.45044227e+000 7.39562948e+000 7.38995783e+000 5.67165017e-003
 2.48185820e+000 7.33326839e+000 7.33249776e+000 7.70632376e-004
 2.51327412e+000 7.25220622e+000 7.25637583e+000 4.16961015e-003
 2.54469005e+000 7.15575513e+000 7.16053693e+000 4.78180219e-003
 2.57610598e+000 7.04378309e+000 7.04389766e+000 1.14574846e-004
 2.60752190e+000 6.91160154e+000 6.90534676e+000 6.25478799e-003
 2.63893783e+000 6.75265435e+000 6.74374551e+000 8.90883793e-003
 2.67035376e+000 6.56301897e+000 6.55792832e+000 5.09064514e-003
 2.70176968e+000 6.34402605e+000 6.34670335e+000 2.67729830e-003
 2.73318561e+000 6.10059594e+000 6.10885319e+000 8.25725357e-003
 2.76460154e+000 5.83632208e+000 5.84313575e+000 6.81366896e-003
 2.79601746e+000 5.54918211e+000 5.54828513e+000 8.96984096e-004
 2.82743339e+000 5.23158643e+000 5.22301271e+000 8.57372191e-003
 2.85884931e+000 4.87516746e+000 4.86600825e+000 9.15921587e-003
 2.89026524e+000 4.47675604e+000 4.47594118e+000 8.14854441e-004
 2.92168117e+000 4.04061500e+000 4.05146201e+000 1.08470162e-002
 2.95309709e+000 3.57459089e+000 3.59120382e+000 1.66129279e-002
 2.98451302e+000 3.08266660e+000 3.09378392e+000 1.11173150e-002
 3.01592895e+000 2.55975656e+000 2.55780566e+000 1.95089696e-003
 3.04734487e+000 1.99363689e+000 1.98186037e+000 1.17765214e-002
 3.07876080e+000 1.37396989e+000 1.36452942e+000 9.44046882e-003
 3.11017673e+000 7.02922339e-001 7.04386497e-001 1.46415762e-003
 3.14159265e+000 3.37566590e-015 2.83382392e-015 5.41841975e-016
