 0.00000000e+000 0.00000000e+000 0.00000000e+000 0.00000000e+000
 3.14159265e-002 3.21579017e+000 3.24132214e-002 3.18337695e+000
 6.28318531e-002 2.17285978e+001 6.68623449e-002 2.16617355e+001
 9.42477796e-002 5.46917110e+001 1.03409224e-001 5.45883018e+001
 1.25663706e-001 8.34714407e+001 1.42115451e-001 8.33293253e+001
 1.57079633e-001 8.65134001e+001 1.83042214e-001 8.63303579e+001
 1.88495559e-001 5.83585865e+001 2.26250143e-001 5.81323363e+001
 2.19911486e-001 1.64533825e+001 2.71799158e-001 1.61815833e+001
 2.51327412e-001 -1.07122083e+001 3.19748292e-001 1.10319566e+001
 2.82743339e-001 -5.05180111e+000 3.70155520e-001 5.42195663e+000
 3.14159265e-001 2.73313380e+001 4.23077568e-001 2.69082604e+001
 3.45575192e-001 6.11467195e+001 4.78569719e-001 6.06681497e+001
 3.76991118e-001 7.15151190e+001 5.36685605e-001 7.09784334e+001
 4.08407045e-001 5.22191380e+001 5.97476992e-001 5.16216610e+001
 4.39822972e-001 1.81952490e+001 6.60993554e-001 1.75342555e+001
 4.71238898e-001 -8.79224994e+000 7.27282634e-001 9.51953257e+000
 5.02654825e-001 -1.85160254e+001 7.96388999e-001 1.93124144e+001
 5.34070751e-001 -1.91539878e+001 8.68354578e-001 2.00223424e+001
 5.65486678e-001 -2.75129104e+001 9.43218198e-001 2.84561286e+001
 5.96902604e-001 -5.19070317e+001 1.02101530e+000 5.29280469e+001
 6.28318531e-001 -8.31051890e+001 1.10177764e+000 8.42069666e+001
 6.59734457e-001 -1.01425740e+002 1.18553302e+000 1.02611273e+002
 6.91150384e-001 -9.37611012e+001 1.27230491e+000 9.50334061e+001
 7.22566310e-001 -6.55072332e+001 1.36211218e+000 6.68693454e+001
 7.53982237e-001 -3.67296951e+001 1.45496874e+000 3.81846639e+001
 7.85398163e-001 -2.56612862e+001 1.55088320e+000 2.72121694e+001
 8.16814090e-001 -3.38151056e+001 1.64985847e+000 3.54649640e+001
 8.48230016e-001 -4.57560380e+001 1.75189144e+000 4.75079294e+001
 8.79645943e-001 -4.37953752e+001 1.85697256e+000 4.56523478e+001
 9.11061870e-001 -2.45935054e+001 1.96508546e+000 2.65585908e+001
 9.42477796e-001 -2.60445793e+000 2.07620652e+000 4.68066445e+000
 9.73893723e-001 3.35984660e+000 2.19030447e+000 1.16954212e+000
 1.00530965e+000 -1.10040796e+001 2.30733996e+000 1.33114195e+001
 1.03672558e+000 -2.83457366e+001 2.42726507e+000 3.07730017e+001
 1.06814150e+000 -2.20950958e+001 2.55002291e+000 2.46451187e+001
 1.09955743e+000 2.05698313e+001 2.67554714e+000 1.78942842e+001
 1.13097336e+000 8.44004278e+001 2.80376147e+000 8.15966663e+001
 1.16238928e+000 1.33721602e+002 2.93457919e+000 1.30787022e+002
 1.19380521e+000 1.37664404e+002 3.06790264e+000 1.34596501e+002
 1.22522113e+000 9.35675290e+001 3.20362276e+000 9.03639062e+001
 1.25663706e+000 2.96181335e+001 3.34161850e+000 2.62765150e+001
 1.28805299e+000 -1.59537042e+001 3.48175637e+000 1.94354606e+001
 1.31946891e+000 -2.28680143e+001 3.62388980e+000 2.64919041e+001
 1.35088484e+000 -1.78077323e+000 3.76785871e+000 5.54863195e+000
 1.38230077e+000 1.76649787e+001 3.91348887e+000 1.37514898e+001
 1.41371669e+000 1.31294969e+001 4.06059136e+000 9.06890549e+000
 1.44513262e+000 -1.21143489e+001 4.20896203e+000 1.63233109e+001
 1.47654855e+000 -3.41889525e+001 4.35838090e+000 3.85473334e+001
 1.50796447e+000 -3.22694538e+001 4.50861158e+000 3.67780654e+001
 1.53938040e+000 -9.99622728e+000 4.65940072e+000 1.46556280e+001
 1.57079633e+000 4.81047738e+000 4.81047738e+000 1.18283694e-009
 1.60221225e+000 -1.66920737e+001 4.96155248e+000 2.16536262e+001
 1.63362818e+000 -7.71250693e+001 5.11231819e+000 8.22373875e+001
 1.66504411e+000 -1.45027884e+002 5.26244735e+000 1.50290331e+002
 1.69646003e+000 -1.74800898e+002 5.41159287e+000 1.80212491e+002
 1.72787596e+000 -1.40135110e+002 5.55938719e+000 1.45694497e+002
 1.75929189e+000 -5.49352275e+001 5.70544161e+000 6.06406692e+001
 1.79070781e+000 3.50284120e+001 5.84934583e+000 2.91790662e+001
 1.82212374e+000 8.37143538e+001 5.99066728e+000 7.77236865e+001
 1.85353967e+000 7.57666755e+001 6.12895062e+000 6.96377249e+001
 1.88495559e+000 3.42807634e+001 6.26371715e+000 2.80170462e+001
 1.91637152e+000 1.62218842e+000 6.39446431e+000 4.77227589e+000
 1.94778745e+000 9.88352985e+000 6.52066514e+000 3.36286471e+000
 1.97920337e+000 6.30583094e+001 6.64176775e+000 5.64165416e+001
 2.01061930e+000 1.40614106e+002 6.75719486e+000 1.33856911e+002
 2.04203522e+000 2.14127464e+002 6.86634331e+000 2.07261121e+002
 2.07345115e+000 2.61100280e+002 6.96858362e+000 2.54131696e+002
 2.10486708e+000 2.68289364e+002 7.06325955e+000 2.61226104e+002
 2.13628300e+000 2.30762388e+002 7.14968773e+000 2.23612700e+002
 2.16769893e+000 1.56952798e+002 7.22715726e+000 1.49725641e+002
 2.19911486e+000 7.89225960e+001 7.29492939e+000 7.16276666e+001
 2.23053078e+000 5.22815958e+001 7.35223721e+000 4.49293586e+001
 2.26194671e+000 1.30102633e+002 7.39828542e+000 1.22704348e+002
 2.29336264e+000 3.16462918e+002 7.43225005e+000 3.09030668e+002
 2.32477856e+000 5.32839949e+002 7.45327834e+000 5.25386671e+002
 2.35619449e+000 6.37168937e+002 7.46048854e+000 6.29708448e+002
 2.38761042e+000 5.05404366e+002 7.45296991e+000 4.97951396e+002
 2.41902634e+000 1.33743706e+002 7.42978262e+000 1.26313924e+002
 2.45044227e+000 -3.13987683e+002 7.38995783e+000 3.21377640e+002
 2.48185820e+000 -5.69707921e+002 7.33249776e+000 5.77040419e+002
 2.51327412e+000 -4.19723927e+002 7.25637583e+000 4.26980303e+002
 2.54469005e+000 1.34714439e+002 7.16053693e+000 1.27553903e+002
 2.57610598e+000 8.31867705e+002 7.04389766e+000 8.24823808e+002
 2.60752190e+000 1.27536242e+003 6.90534676e+000 1.26845708e+003
 2.63893783e+000 1.17391164e+003 6.74374551e+000 1.16716789e+003
 2.67035376e+000 5.46825749e+002 6.55792832e+000 5.40267820e+002
 2.70176968e+000 -2.49511428e+002 6.34670335e+000 2.55858131e+002
 2.73318561e+000 -7.12416778e+002 6.10885319e+000 7.18525631e+002
 2.76460154e+000 -4.94607109e+002 5.84313575e+000 5.00450244e+002
 2.79601746e+000 3.72617198e+002 5.54828513e+000 3.67068913e+002
 2.82743339e+000 1.48272050e+003 5.22301271e+000 1.47749748e+003
 2.85884931e+000 2.28763950e+003 4.86600825e+000 2.28277349e+003
 2.89026524e+000 2.41459469e+003 4.47594118e+000 2.41011875e+003
 2.92168117e+000 1.86503559e+003 4.05146201e+000 1.86098413e+003
 2.95309709e+000 9.76448863e+002 3.59120382e+000 9.72857659e+002
 2.98451302e+000 1.87935693e+002 3.09378392e+000 1.84841909e+002
 3.01592895e+000 -2.23113550e+002 2.55780566e+000 2.25671356e+002
 3.04734487e+000 -2.60314376e+002 1.98186037e+000 2.62296236e+002
 3.07876080e+000 -1.25084521e+002 1.36452942e+000 1.26449050e+002
 3.11017673e+000 -2.00017126e+001 7.04386497e-001 2.07060991e+001
 3.14159265e+000 -3.35424920e-012 2.83382392e-015 3.35708302e-012
