 0.00000000e+000 0.00000000e+000 0.00000000e+000 0.00000000e+000
 3.14159265e-002 8.55838822e-003 3.24132214e-002 2.38548332e-002
 6.28318531e-002 2.49937278e-002 6.68623449e-002 4.18686171e-002
 9.42477796e-002 5.44264670e-002 1.03409224e-001 4.89827573e-002
 1.25663706e-001 9.75140529e-002 1.42115451e-001 4.46013984e-002
 1.57079633e-001 1.50439055e-001 1.83042214e-001 3.26031583e-002
 1.88495559e-001 2.06582998e-001 2.26250143e-001 1.96671453e-002
 2.19911486e-001 2.59228712e-001 2.71799158e-001 1.25704464e-002
 2.51327412e-001 3.04242072e-001 3.19748292e-001 1.55062200e-002
 2.82743339e-001 3.41699600e-001 3.70155520e-001 2.84559202e-002
 3.14159265e-001 3.75844286e-001 4.23077568e-001 4.72332822e-002
 3.45575192e-001 4.13405424e-001 4.78569719e-001 6.51642947e-002
 3.76991118e-001 4.60954366e-001 5.36685605e-001 7.57312393e-002
 4.08407045e-001 5.22339481e-001 5.97476992e-001 7.51375118e-002
 4.39822972e-001 5.97206330e-001 6.60993554e-001 6.37872243e-002
 4.71238898e-001 6.81178844e-001 7.27282634e-001 4.61037909e-002
 5.02654825e-001 7.67623242e-001 7.96388999e-001 2.87657564e-002
 5.34070751e-001 8.50294836e-001 8.68354578e-001 1.80597423e-002
 5.65486678e-001 9.25822053e-001 9.43218198e-001 1.73961450e-002
 5.96902604e-001 9.95047471e-001 1.02101530e+000 2.59678274e-002
 6.28318531e-001 1.06269642e+000 1.10177764e+000 3.90812230e-002
 6.59734457e-001 1.13550309e+000 1.18553302e+000 5.00299291e-002
 6.91150384e-001 1.21953297e+000 1.27230491e+000 5.27719349e-002
 7.22566310e-001 1.31775946e+000 1.36211218e+000 4.43527227e-002
 7.53982237e-001 1.42885489e+000 1.45496874e+000 2.61138581e-002
 7.85398163e-001 1.54767990e+000 1.55088320e+000 3.20330110e-003
 8.16814090e-001 1.66728527e+000 1.64985847e+000 1.74268026e-002
 8.48230016e-001 1.78164117e+000 1.75189144e+000 2.97497272e-002
 8.79645943e-001 1.88801613e+000 1.85697256e+000 3.10435708e-002
 9.11061870e-001 1.98805991e+000 1.96508546e+000 2.29744505e-002
 9.42477796e-001 2.08715047e+000 2.07620652e+000 1.09439528e-002
 9.73893723e-001 2.19224986e+000 2.19030447e+000 1.94538971e-003
 1.00530965e+000 2.30910633e+000 2.30733996e+000 1.76637280e-003
 1.03672558e+000 2.43990716e+000 2.42726507e+000 1.26420975e-002
 1.06814150e+000 2.58231907e+000 2.55002291e+000 3.22961570e-002
 1.09955743e+000 2.73031283e+000 2.67554714e+000 5.47656856e-002
 1.13097336e+000 2.87646620e+000 2.80376147e+000 7.27047223e-002
 1.16238928e+000 3.01484909e+000 2.93457919e+000 8.02699000e-002
 1.19380521e+000 3.14335294e+000 3.06790264e+000 7.54503028e-002
 1.22522113e+000 3.26453134e+000 3.20362276e+000 6.09085825e-002
 1.25663706e+000 3.38459626e+000 3.34161850e+000 4.29777583e-002
 1.28805299e+000 3.51094068e+000 3.48175637e+000 2.91843120e-002
 1.31946891e+000 3.64914805e+000 3.62388980e+000 2.52582504e-002
 1.35088484e+000 3.80066824e+000 3.76785871e+000 3.28095226e-002
 1.38230077e+000 3.96209430e+000 3.91348887e+000 4.86054291e-002
 1.41371669e+000 4.12635622e+000 4.06059136e+000 6.57648637e-002
 1.44513262e+000 4.28539281e+000 4.20896203e+000 7.64307810e-002
 1.47654855e+000 4.43326893e+000 4.35838090e+000 7.48880329e-002
 1.50796447e+000 4.56850887e+000 4.50861158e+000 5.98972907e-002
 1.53938040e+000 4.69470280e+000 4.65940072e+000 3.53020805e-002
 1.57079633e+000 4.81910840e+000 4.81047738e+000 8.63101590e-003
 1.60221225e+000 4.94975836e+000 4.96155248e+000 1.17941234e-002
 1.63362818e+000 5.09218753e+000 5.11231819e+000 2.01306554e-002
 1.66504411e+000 5.24706934e+000 5.26244735e+000 1.53780099e-002
 1.69646003e+000 5.40972082e+000 5.41159287e+000 1.87205597e-003
 1.72787596e+000 5.57171888e+000 5.55938719e+000 1.23316925e-002
 1.75929189e+000 5.72404023e+000 5.70544161e+000 1.85986126e-002
 1.79070781e+000 5.86051967e+000 5.84934583e+000 1.11738383e-002
 1.82212374e+000 5.98026382e+000 5.99066728e+000 1.04034664e-002
 1.85353967e+000 6.08803374e+000 6.12895062e+000 4.09168711e-002
 1.88495559e+000 6.19238597e+000 6.26371715e+000 7.13311757e-002
 1.91637152e+000 6.30224099e+000 6.39446431e+000 9.22233183e-002
 1.94778745e+000 6.42318951e+000 6.52066514e+000 9.74756272e-002
 1.97920337e+000 6.55498928e+000 6.64176775e+000 8.67784665e-002
 2.01061930e+000 6.69128032e+000 6.75719486e+000 6.59145374e-002
 2.04203522e+000 6.82170356e+000 6.86634331e+000 4.46397522e-002
 2.07345115e+000 6.93566639e+000 6.96858362e+000 3.29172289e-002
 2.10486708e+000 7.02632446e+000 7.06325955e+000 3.69350963e-002
 2.13628300e+000 7.09321490e+000 7.14968773e+000 5.64728281e-002
 2.16769893e+000 7.14245222e+000 7.22715726e+000 8.47050388e-002
 2.19911486e+000 7.18431696e+000 7.29492939e+000 1.10612423e-001
 2.23053078e+000 7.22908570e+000 7.35223721e+000 1.23151508e-001
 2.26194671e+000 7.28267298e+000 7.39828542e+000 1.15612443e-001
 2.29336264e+000 7.34379066e+000 7.43225005e+000 8.84593926e-002
 2.32477856e+000 7.40380361e+000 7.45327834e+000 4.94747272e-002
 2.35619449e+000 7.44945346e+000 7.46048854e+000 1.10350840e-002
 2.38761042e+000 7.46750891e+000 7.45296991e+000 1.45390021e-002
 2.41902634e+000 7.44960879e+000 7.42978262e+000 1.98261713e-002
 2.45044227e+000 7.39541313e+000 7.38995783e+000 5.45529702e-003
 2.48185820e+000 7.31275137e+000 7.33249776e+000 1.97463896e-002
 2.51327412e+000 7.21456295e+000 7.25637583e+000 4.18128844e-002
 2.54469005e+000 7.11365937e+000 7.16053693e+000 4.68775624e-002
 2.57610598e+000 7.01722928e+000 7.04389766e+000 2.66683853e-002
 2.60752190e+000 6.92320197e+000 6.90534676e+000 1.78552134e-002
 2.63893783e+000 6.81997565e+000 6.74374551e+000 7.62301389e-002
 2.67035376e+000 6.68980230e+000 6.55792832e+000 1.31873972e-001
 2.70176968e+000 6.51473631e+000 6.34670335e+000 1.68032965e-001
 2.73318561e+000 6.28301684e+000 6.10885319e+000 1.74163646e-001
 2.76460154e+000 5.99347202e+000 5.84313575e+000 1.50336279e-001
 2.79601746e+000 5.65614805e+000 5.54828513e+000 1.07862922e-001
 2.82743339e+000 5.28868759e+000 5.22301271e+000 6.56748836e-002
 2.85884931e+000 4.90955190e+000 4.86600825e+000 4.35436551e-002
 2.89026524e+000 4.53042684e+000 4.47594118e+000 5.44856593e-002
 2.92168117e+000 4.15060256e+000 4.05146201e+000 9.91405511e-002
 2.95309709e+000 3.75556941e+000 3.59120382e+000 1.64365596e-001
 2.98451302e+000 3.32068508e+000 3.09378392e+000 2.26901161e-001
 3.01592895e+000 2.81900639e+000 2.55780566e+000 2.61200730e-001
 3.04734487e+000 2.23085962e+000 1.98186037e+000 2.48999253e-001
 3.07876080e+000 1.55199313e+000 1.36452942e+000 1.87463713e-001
 3.11017673e+000 7.97497562e-001 7.04386497e-001 9.31110652e-002
 3.14159265e+000 1.46915361e-015 2.83382392e-015 1.36467031e-015
