 0.00000000e+000 0.00000000e+000 0.00000000e+000 0.00000000e+000
 3.14159265e-002 8.53196403e-002 3.24132214e-002 5.29064189e-002
 6.28318531e-002 1.48985980e-001 6.68623449e-002 8.21236348e-002
 9.42477796e-002 1.82121233e-001 1.03409224e-001 7.87120089e-002
 1.25663706e-001 1.93942648e-001 1.42115451e-001 5.18271969e-002
 1.57079633e-001 2.06515029e-001 1.83042214e-001 2.34728159e-002
 1.88495559e-001 2.41982503e-001 2.26250143e-001 1.57323603e-002
 2.19911486e-001 3.09707231e-001 2.71799158e-001 3.79080727e-002
 2.51327412e-001 4.00797746e-001 3.19748292e-001 8.10494533e-002
 2.82743339e-001 4.93210415e-001 3.70155520e-001 1.23054894e-001
 3.14159265e-001 5.64462460e-001 4.23077568e-001 1.41384891e-001
 3.45575192e-001 6.04582748e-001 4.78569719e-001 1.26013029e-001
 3.76991118e-001 6.21809023e-001 5.36685605e-001 8.51234176e-002
 4.08407045e-001 6.37772848e-001 5.97476992e-001 4.02958556e-002
 4.39822972e-001 6.75020128e-001 6.60993554e-001 1.40265735e-002
 4.71238898e-001 7.44138444e-001 7.27282634e-001 1.68558097e-002
 5.02654825e-001 8.37940122e-001 7.96388999e-001 4.15511228e-002
 5.34070751e-001 9.36002220e-001 8.68354578e-001 6.76476422e-002
 5.65486678e-001 1.01682949e+000 9.43218198e-001 7.36112951e-002
 5.96902604e-001 1.07050604e+000 1.02101530e+000 4.94907432e-002
 6.28318531e-001 1.10448418e+000 1.10177764e+000 2.70653611e-003
 6.59734457e-001 1.13921943e+000 1.18553302e+000 4.63135893e-002
 6.91150384e-001 1.19629979e+000 1.27230491e+000 7.60051183e-002
 7.22566310e-001 1.28605897e+000 1.36211218e+000 7.60532103e-002
 7.53982237e-001 1.40188931e+000 1.45496874e+000 5.30794369e-002
 7.85398163e-001 1.52448522e+000 1.55088320e+000 2.63979793e-002
 8.16814090e-001 1.63341690e+000 1.64985847e+000 1.64415625e-002
 8.48230016e-001 1.71918117e+000 1.75189144e+000 3.27102634e-002
 8.79645943e-001 1.78867434e+000 1.85697256e+000 6.82982233e-002
 9.11061870e-001 1.86096194e+000 1.96508546e+000 1.04123515e-001
 9.42477796e-001 1.95594118e+000 2.07620652e+000 1.20265340e-001
 9.73893723e-001 2.08263312e+000 2.19030447e+000 1.07671359e-001
 1.00530965e+000 2.23398748e+000 2.30733996e+000 7.33524725e-002
 1.03672558e+000 2.39118246e+000 2.42726507e+000 3.60826037e-002
 1.06814150e+000 2.53478430e+000 2.55002291e+000 1.52386111e-002
 1.09955743e+000 2.65611715e+000 2.67554714e+000 1.94299938e-002
 1.13097336e+000 2.76213343e+000 2.80376147e+000 4.16280472e-002
 1.16238928e+000 2.87097362e+000 2.93457919e+000 6.36055672e-002
 1.19380521e+000 3.00093105e+000 3.06790264e+000 6.69715925e-002
 1.22522113e+000 3.15941578e+000 3.20362276e+000 4.42069753e-002
 1.25663706e+000 3.33846095e+000 3.34161850e+000 3.15755169e-003
 1.28805299e+000 3.51938916e+000 3.48175637e+000 3.76327974e-002
 1.31946891e+000 3.68380428e+000 3.62388980e+000 5.99144732e-002
 1.35088484e+000 3.82433465e+000 3.76785871e+000 5.64759369e-002
 1.38230077e+000 3.94873788e+000 3.91348887e+000 3.52490144e-002
 1.41371669e+000 4.07495824e+000 4.06059136e+000 1.43668776e-002
 1.44513262e+000 4.22012608e+000 4.20896203e+000 1.11640526e-002
 1.47654855e+000 4.39008904e+000 4.35838090e+000 3.17081448e-002
 1.50796447e+000 4.57572849e+000 4.50861158e+000 6.71169136e-002
 1.53938040e+000 4.75825001e+000 4.65940072e+000 9.88492946e-002
 1.57079633e+000 4.92027001e+000 4.81047738e+000 1.09792632e-001
 1.60221225e+000 5.05605537e+000 4.96155248e+000 9.45028851e-002
 1.63362818e+000 5.17477762e+000 5.11231819e+000 6.24594349e-002
 1.66504411e+000 5.29482109e+000 5.26244735e+000 3.23737441e-002
 1.69646003e+000 5.43254331e+000 5.41159287e+000 2.09504390e-002
 1.72787596e+000 5.59222436e+000 5.55938719e+000 3.28371742e-002
 1.75929189e+000 5.76325256e+000 5.70544161e+000 5.78109501e-002
 1.79070781e+000 5.92627476e+000 5.84934583e+000 7.69289285e-002
 1.82212374e+000 6.06465912e+000 5.99066728e+000 7.39918379e-002
 1.85353967e+000 6.17439842e+000 6.12895062e+000 4.54478063e-002
 1.88495559e+000 6.26646802e+000 6.26371715e+000 2.75087441e-003
 1.91637152e+000 6.36014554e+000 6.39446431e+000 3.43187719e-002
 1.94778745e+000 6.47123144e+000 6.52066514e+000 4.94336961e-002
 1.97920337e+000 6.60222620e+000 6.64176775e+000 3.95415531e-002
 2.01061930e+000 6.74042261e+000 6.75719486e+000 1.67722475e-002
 2.04203522e+000 6.86517213e+000 6.86634331e+000 1.17118165e-003
 2.07345115e+000 6.96006262e+000 6.96858362e+000 8.52099720e-003
 2.10486708e+000 7.02271390e+000 7.06325955e+000 4.05456579e-002
 2.13628300e+000 7.06621653e+000 7.14968773e+000 8.34712046e-002
 2.16769893e+000 7.11118479e+000 7.22715726e+000 1.15972468e-001
 2.19911486e+000 7.17304901e+000 7.29492939e+000 1.21880377e-001
 2.23053078e+000 7.25218478e+000 7.35223721e+000 1.00052432e-001
 2.26194671e+000 7.33292468e+000 7.39828542e+000 6.53607434e-002
 2.29336264e+000 7.39226438e+000 7.43225005e+000 3.99856710e-002
 2.32477856e+000 7.41323171e+000 7.45327834e+000 4.00466257e-002
 2.35619449e+000 7.39493768e+000 7.46048854e+000 6.55508632e-002
 2.38761042e+000 7.35311872e+000 7.45296991e+000 9.98511825e-002
 2.41902634e+000 7.31055125e+000 7.42978262e+000 1.19231366e-001
 2.45044227e+000 7.28282290e+000 7.38995783e+000 1.07134935e-001
 2.48185820e+000 7.26792496e+000 7.33249776e+000 6.45728035e-002
 2.51327412e+000 7.24610542e+000 7.25637583e+000 1.02704146e-002
 2.54469005e+000 7.19045488e+000 7.16053693e+000 2.99179479e-002
 2.57610598e+000 7.08224226e+000 7.04389766e+000 3.83446007e-002
 2.60752190e+000 6.92192578e+000 6.90534676e+000 1.65790221e-002
 2.63893783e+000 6.72900330e+000 6.74374551e+000 1.47422090e-002
 2.67035376e+000 6.53028880e+000 6.55792832e+000 2.76395272e-002
 2.70176968e+000 6.34313013e+000 6.34670335e+000 3.57322000e-003
 2.73318561e+000 6.16341103e+000 6.10885319e+000 5.45578399e-002
 2.76460154e+000 5.96578562e+000 5.84313575e+000 1.22649873e-001
 2.79601746e+000 5.71666334e+000 5.54828513e+000 1.68378212e-001
 2.82743339e+000 5.39290447e+000 5.22301271e+000 1.69891760e-001
 2.85884931e+000 4.99543011e+000 4.86600825e+000 1.29421867e-001
 2.89026524e+000 4.54937038e+000 4.47594118e+000 7.34291996e-002
 2.92168117e+000 4.08983008e+000 4.05146201e+000 3.83680726e-002
 2.95309709e+000 3.64073012e+000 3.59120382e+000 4.95263015e-002
 2.98451302e+000 3.19867547e+000 3.09378392e+000 1.04891552e-001
 3.01592895e+000 2.73165242e+000 2.55780566e+000 1.73846760e-001
 3.04734487e+000 2.19451158e+000 1.98186037e+000 2.12651212e-001
 3.07876080e+000 1.55386577e+000 1.36452942e+000 1.89336351e-001
 3.11017673e+000 8.09409244e-001 7.04386497e-001 1.05022747e-001
 3.14159265e+000 3.97539051e-015 2.83382392e-015 1.14156659e-015
