 0.00000000e+000 0.00000000e+000 0.00000000e+000 0.00000000e+000
 3.14159265e-002 2.02324614e-002 3.24132214e-002 1.21807600e-002
 6.28318531e-002 -3.24532806e-001 6.68623449e-002 3.91395151e-001
 9.42477796e-002 -1.16570549e+000 1.03409224e-001 1.26911471e+000
 1.25663706e-001 -2.28004524e+000 1.42115451e-001 2.42216069e+000
 1.57079633e-001 -3.14486164e+000 1.83042214e-001 3.32790385e+000
 1.88495559e-001 -3.15572796e+000 2.26250143e-001 3.38197810e+000
 2.19911486e-001 -1.91892891e+000 2.71799158e-001 2.19072807e+000
 2.51327412e-001 5.08448437e-001 3.19748292e-001 1.88700144e-001
 2.82743339e-001 3.54476712e+000 3.70155520e-001 3.17461160e+000
 3.14159265e-001 6.22821598e+000 4.23077568e-001 5.80513841e+000
 3.45575192e-001 7.54324758e+000 4.78569719e-001 7.06467786e+000
 3.76991118e-001 6.81426384e+000 5.36685605e-001 6.27757823e+000
 4.08407045e-001 4.01447158e+000 5.97476992e-001 3.41699459e+000
 4.39822972e-001 -1.40827642e-001 6.60993554e-001 8.01821196e-001
 4.71238898e-001 -4.37273370e+000 7.27282634e-001 5.10001633e+000
 5.02654825e-001 -7.24413704e+000 7.96388999e-001 8.04052604e+000
 5.34070751e-001 -7.65741603e+000 8.68354578e-001 8.52577061e+000
 5.65486678e-001 -5.26665435e+000 9.43218198e-001 6.20987255e+000
 5.96902604e-001 -6.48374018e-001 1.02101530e+000 1.66938932e+000
 6.28318531e-001 4.84409405e+000 1.10177764e+000 3.74231641e+000
 6.59734457e-001 9.50530186e+000 1.18553302e+000 8.31976884e+000
 6.91150384e-001 1.18416942e+001 1.27230491e+000 1.05693893e+001
 7.22566310e-001 1.10806637e+001 1.36211218e+000 9.71855150e+000
 7.53982237e-001 7.44497012e+000 1.45496874e+000 5.99000138e+000
 7.85398163e-001 2.09256518e+000 1.55088320e+000 5.41681986e-001
 8.16814090e-001 -3.26133266e+000 1.64985847e+000 4.91119113e+000
 8.48230016e-001 -6.91116875e+000 1.75189144e+000 8.66306019e+000
 8.79645943e-001 -7.72174357e+000 1.85697256e+000 9.57871613e+000
 9.11061870e-001 -5.49038763e+000 1.96508546e+000 7.45547309e+000
 9.42477796e-001 -9.89525336e-001 2.07620652e+000 3.06573186e+000
 9.73893723e-001 4.31814646e+000 2.19030447e+000 2.12784198e+000
 1.00530965e+000 8.78538769e+000 2.30733996e+000 6.47804773e+000
 1.03672558e+000 1.11264748e+001 2.42726507e+000 8.69920969e+000
 1.06814150e+000 1.08149276e+001 2.55002291e+000 8.26490465e+000
 1.09955743e+000 8.20350210e+000 2.67554714e+000 5.52795495e+000
 1.13097336e+000 4.34036243e+000 2.80376147e+000 1.53660095e+000
 1.16238928e+000 5.63859365e-001 2.93457919e+000 2.37071982e+000
 1.19380521e+000 -1.96765183e+000 3.06790264e+000 5.03555447e+000
 1.22522113e+000 -2.64080509e+000 3.20362276e+000 5.84442785e+000
 1.25663706e+000 -1.52603305e+000 3.34161850e+000 4.86765155e+000
 1.28805299e+000 7.39753830e-001 3.48175637e+000 2.74200254e+000
 1.31946891e+000 3.25960519e+000 3.62388980e+000 3.64284611e-001
 1.35088484e+000 5.23913869e+000 3.76785871e+000 1.47127997e+000
 1.38230077e+000 6.26122792e+000 3.91348887e+000 2.34773905e+000
 1.41371669e+000 6.37415313e+000 4.06059136e+000 2.31356177e+000
 1.44513262e+000 5.97643287e+000 4.20896203e+000 1.76747084e+000
 1.47654855e+000 5.56585418e+000 4.35838090e+000 1.20747329e+000
 1.50796447e+000 5.47304255e+000 4.50861158e+000 9.64430964e-001
 1.53938040e+000 5.70070545e+000 4.65940072e+000 1.04130473e+000
 1.57079633e+000 5.93926580e+000 4.81047738e+000 1.12878842e+000
 1.60221225e+000 5.74962165e+000 4.96155248e+000 7.88069173e-001
 1.63362818e+000 4.82787726e+000 5.11231819e+000 2.84440931e-001
 1.66504411e+000 3.22712347e+000 5.26244735e+000 2.03532387e+000
 1.69646003e+000 1.42511433e+000 5.41159287e+000 3.98647855e+000
 1.72787596e+000 1.89537171e-001 5.55938719e+000 5.36985001e+000
 1.75929189e+000 2.79639008e-001 5.70544161e+000 5.42580261e+000
 1.79070781e+000 2.09864263e+000 5.84934583e+000 3.75070320e+000
 1.82212374e+000 5.44347697e+000 5.99066728e+000 5.47190310e-001
 1.85353967e+000 9.47120712e+000 6.12895062e+000 3.34225651e+000
 1.88495559e+000 1.29229181e+001 6.26371715e+000 6.65920097e+000
 1.91637152e+000 1.45445484e+001 6.39446431e+000 8.15008407e+000
 1.94778745e+000 1.35595872e+001 6.52066514e+000 7.03892210e+000
 1.97920337e+000 1.00152495e+001 6.64176775e+000 3.37348174e+000
 2.01061930e+000 4.85784167e+000 6.75719486e+000 1.89935319e+000
 2.04203522e+000 -3.14840257e-001 6.86634331e+000 7.18118357e+000
 2.07345115e+000 -3.75833705e+000 6.96858362e+000 1.07269207e+001
 2.10486708e+000 -4.17771027e+000 7.06325955e+000 1.12409698e+001
 2.13628300e+000 -1.20553129e+000 7.14968773e+000 8.35521902e+000
 2.16769893e+000 4.41624702e+000 7.22715726e+000 2.81091024e+000
 2.19911486e+000 1.10301532e+001 7.29492939e+000 3.73522384e+000
 2.23053078e+000 1.65811882e+001 7.35223721e+000 9.22895103e+000
 2.26194671e+000 1.92901467e+001 7.39828542e+000 1.18918613e+001
 2.29336264e+000 1.82533556e+001 7.43225005e+000 1.08211055e+001
 2.32477856e+000 1.37600162e+001 7.45327834e+000 6.30673785e+000
 2.35619449e+000 7.21300736e+000 7.46048854e+000 2.47481175e-001
 2.38761042e+000 6.75463029e-001 7.45296991e+000 6.77750688e+000
 2.41902634e+000 -3.80461587e+000 7.42978262e+000 1.12343985e+001
 2.45044227e+000 -4.86233512e+000 7.38995783e+000 1.22522929e+001
 2.48185820e+000 -2.25031357e+000 7.33249776e+000 9.58281133e+000
 2.51327412e+000 3.10437169e+000 7.25637583e+000 4.15200414e+000
 2.54469005e+000 9.43293014e+000 7.16053693e+000 2.27239321e+000
 2.57610598e+000 1.47255494e+001 7.04389766e+000 7.68165176e+000
 2.60752190e+000 1.73894114e+001 6.90534676e+000 1.04840646e+001
 2.63893783e+000 1.67401832e+001 6.74374551e+000 9.99643766e+000
 2.67035376e+000 1.31684599e+001 6.55792832e+000 6.61053161e+000
 2.70176968e+000 7.94117512e+000 6.34670335e+000 1.59447177e+000
 2.73318561e+000 2.72593119e+000 6.10885319e+000 3.38292200e+000
 2.76460154e+000 -9.82415687e-001 5.84313575e+000 6.82555143e+000
 2.79601746e+000 -2.33003272e+000 5.54828513e+000 7.87831785e+000
 2.82743339e+000 -1.31421377e+000 5.22301271e+000 6.53722647e+000
 2.85884931e+000 1.31589645e+000 4.86600825e+000 3.55011179e+000
 2.89026524e+000 4.40499832e+000 4.47594118e+000 7.09428642e-002
 2.92168117e+000 6.83686405e+000 4.05146201e+000 2.78540204e+000
 2.95309709e+000 7.90801396e+000 3.59120382e+000 4.31681015e+000
 2.98451302e+000 7.50012428e+000 3.09378392e+000 4.40634037e+000
 3.01592895e+000 6.00912076e+000 2.55780566e+000 3.45131510e+000
 3.04734487e+000 4.08677528e+000 1.98186037e+000 2.10491491e+000
 3.07876080e+000 2.32011654e+000 1.36452942e+000 9.55587123e-001
 3.11017673e+000 9.89089849e-001 7.04386497e-001 2.84703352e-001
 3.14159265e+000 3.15771579e-014 2.83382392e-015 2.87433340e-014
