 0.00000000e+000 0.00000000e+000 0.00000000e+000 0.00000000e+000
 3.14159265e-002 3.23144856e-002 3.24132214e-002 9.87357920e-005
 6.28318531e-002 6.59217589e-002 6.68623449e-002 9.40586047e-004
 9.42477796e-002 1.01837958e-001 1.03409224e-001 1.57126626e-003
 1.25663706e-001 1.40618438e-001 1.42115451e-001 1.49701336e-003
 1.57079633e-001 1.82324929e-001 1.83042214e-001 7.17284875e-004
 1.88495559e-001 2.26648004e-001 2.26250143e-001 3.97861002e-004
 2.19911486e-001 2.73133672e-001 2.71799158e-001 1.33451436e-003
 2.51327412e-001 3.21427786e-001 3.19748292e-001 1.67949376e-003
 2.82743339e-001 3.71449690e-001 3.70155520e-001 1.29416978e-003
 3.14159265e-001 4.23437155e-001 4.23077568e-001 3.59587243e-004
 3.45575192e-001 4.77855856e-001 4.78569719e-001 7.13862735e-004
 3.76991118e-001 5.35218416e-001 5.36685605e-001 1.46718948e-003
 4.08407045e-001 5.95890635e-001 5.97476992e-001 1.58635793e-003
 4.39822972e-001 6.59963907e-001 6.60993554e-001 1.02964713e-003
 4.71238898e-001 7.27243359e-001 7.27282634e-001 3.92750032e-005
 5.02654825e-001 7.97353220e-001 7.96388999e-001 9.64220972e-004
 5.34070751e-001 8.69913657e-001 8.68354578e-001 1.55907896e-003
 5.65486678e-001 9.44715433e-001 9.43218198e-001 1.49723527e-003
 5.96902604e-001 1.02182093e+000 1.02101530e+000 8.05631750e-004
 6.28318531e-001 1.10155102e+000 1.10177764e+000 2.26626706e-004
 6.59734457e-001 1.18436406e+000 1.18553302e+000 1.16895582e-003
 6.91150384e-001 1.27067721e+000 1.27230491e+000 1.62770176e-003
 7.22566310e-001 1.36070320e+000 1.36211218e+000 1.40897854e-003
 7.53982237e-001 1.45436947e+000 1.45496874e+000 5.99273780e-004
 7.85398163e-001 1.55135238e+000 1.55088320e+000 4.69187338e-004
 8.16814090e-001 1.65121280e+000 1.64985847e+000 1.35433015e-003
 8.48230016e-001 1.75357748e+000 1.75189144e+000 1.68604111e-003
 8.79645943e-001 1.85829219e+000 1.85697256e+000 1.31962658e-003
 9.11061870e-001 1.96548329e+000 1.96508546e+000 3.97828339e-004
 9.42477796e-001 2.07550174e+000 2.07620652e+000 7.04784448e-004
 9.73893723e-001 2.18877107e+000 2.19030447e+000 1.53340243e-003
 1.00530965e+000 2.30560048e+000 2.30733996e+000 1.73947727e-003
 1.03672558e+000 2.42603894e+000 2.42726507e+000 1.22612485e-003
 1.06814150e+000 2.54983065e+000 2.55002291e+000 1.92259962e-004
 1.09955743e+000 2.67649130e+000 2.67554714e+000 9.44157927e-004
 1.13097336e+000 2.80547576e+000 2.80376147e+000 1.71428313e-003
 1.16238928e+000 2.93636981e+000 2.93457919e+000 1.79062722e-003
 1.19380521e+000 3.06902769e+000 3.06790264e+000 1.12504632e-003
 1.22522113e+000 3.20359759e+000 3.20362276e+000 2.51614102e-005
 1.25663706e+000 3.34042240e+000 3.34161850e+000 1.19610132e-003
 1.28805299e+000 3.47985303e+000 3.48175637e+000 1.90333908e-003
 1.31946891e+000 3.62204884e+000 3.62388980e+000 1.84096180e-003
 1.35088484e+000 3.76684632e+000 3.76785871e+000 1.01239434e-003
 1.38230077e+000 3.91375125e+000 3.91348887e+000 2.62375896e-004
 1.41371669e+000 4.06206079e+000 4.06059136e+000 1.46942574e-003
 1.44513262e+000 4.21106878e+000 4.20896203e+000 2.10674639e-003
 1.47654855e+000 4.36027229e+000 4.35838090e+000 1.89139316e-003
 1.50796447e+000 4.50949469e+000 4.50861158e+000 8.83113863e-004
 1.53938040e+000 4.65887193e+000 4.65940072e+000 5.28790717e-004
 1.57079633e+000 4.80870297e+000 4.81047738e+000 1.77441198e-003
 1.60221225e+000 4.95922096e+000 4.96155248e+000 2.33152136e-003
 1.63362818e+000 5.11037574e+000 5.11231819e+000 1.94244605e-003
 1.66504411e+000 5.26171705e+000 5.26244735e+000 7.30299797e-004
 1.69646003e+000 5.41242963e+000 5.41159287e+000 8.36756558e-004
 1.72787596e+000 5.56151158e+000 5.55938719e+000 2.12439539e-003
 1.75929189e+000 5.70802815e+000 5.70544161e+000 2.58653492e-003
 1.79070781e+000 5.85134001e+000 5.84934583e+000 1.99417521e-003
 1.82212374e+000 5.99121116e+000 5.99066728e+000 5.43874724e-004
 1.85353967e+000 6.12774685e+000 6.12895062e+000 1.20376842e-003
 1.88495559e+000 6.26117911e+000 6.26371715e+000 2.53803805e-003
 1.91637152e+000 6.39158046e+000 6.39446431e+000 2.88385336e-003
 1.94778745e+000 6.51861938e+000 6.52066514e+000 2.04576047e-003
 1.97920337e+000 6.64145954e+000 6.64176775e+000 3.08206190e-004
 2.01061930e+000 6.75885110e+000 6.75719486e+000 1.65623436e-003
 2.04203522e+000 6.86938643e+000 6.86634331e+000 3.04311888e-003
 2.07345115e+000 6.97182443e+000 6.96858362e+000 3.24081159e-003
 2.10486708e+000 7.06535398e+000 7.06325955e+000 2.09442465e-003
 2.13628300e+000 7.14968520e+000 7.14968773e+000 2.53671154e-006
 2.16769893e+000 7.22492069e+000 7.22715726e+000 2.23656454e-003
 2.19911486e+000 7.29124591e+000 7.29492939e+000 3.68347541e-003
 2.23053078e+000 7.34855375e+000 7.35223721e+000 3.68346397e-003
 2.26194671e+000 7.39615282e+000 7.39828542e+000 2.13260399e-003
 2.29336264e+000 7.43268429e+000 7.43225005e+000 4.34239681e-004
 2.32477856e+000 7.45629603e+000 7.45327834e+000 3.01769692e-003
 2.35619449e+000 7.46502128e+000 7.46048854e+000 4.53274314e-003
 2.38761042e+000 7.45722235e+000 7.45296991e+000 4.25244632e-003
 2.41902634e+000 7.43192262e+000 7.42978262e+000 2.14000429e-003
 2.45044227e+000 7.38888183e+000 7.38995783e+000 1.07600703e-003
 2.48185820e+000 7.32836193e+000 7.33249776e+000 4.13582896e-003
 2.51327412e+000 7.25065209e+000 7.25637583e+000 5.72374159e-003
 2.54469005e+000 7.15552479e+000 7.16053693e+000 5.01213986e-003
 2.57610598e+000 7.04183916e+000 7.04389766e+000 2.05850341e-003
 2.60752190e+000 6.90746884e+000 6.90534676e+000 2.12207991e-003
 2.63893783e+000 6.74961864e+000 6.74374551e+000 5.87313140e-003
 2.67035376e+000 6.56544454e+000 6.55792832e+000 7.51621567e-003
 2.70176968e+000 6.35275997e+000 6.34670335e+000 6.05662542e-003
 2.73318561e+000 6.11055144e+000 6.10885319e+000 1.69824961e-003
 2.76460154e+000 5.83906805e+000 5.84313575e+000 4.06769242e-003
 2.79601746e+000 5.53938813e+000 5.54828513e+000 8.89700491e-003
 2.82743339e+000 5.21255886e+000 5.22301271e+000 1.04538522e-002
 2.85884931e+000 4.85858697e+000 4.86600825e+000 7.42127288e-003
 2.89026524e+000 4.47566050e+000 4.47594118e+000 2.80682494e-004
 2.92168117e+000 4.05995948e+000 4.05146201e+000 8.49746989e-003
 2.95309709e+000 3.60626145e+000 3.59120382e+000 1.50576328e-002
 2.98451302e+000 3.10930558e+000 3.09378392e+000 1.55216643e-002
 3.01592895e+000 2.56562233e+000 2.55780566e+000 7.81666453e-003
 3.04734487e+000 1.97534725e+000 1.98186037e+000 6.51311594e-003
 3.07876080e+000 1.34348624e+000 1.36452942e+000 2.10431821e-002
 3.11017673e+000 6.80209631e-001 7.04386497e-001 2.41768657e-002
 3.14159265e+000 3.25205043e-015 2.83382392e-015 4.18226510e-016
