 0.00000000e+000 0.00000000e+000 0.00000000e+000 0.00000000e+000
 3.14159265e-002 -5.57289435e-002 3.24132214e-002 8.81421649e-002
 6.28318531e-002 -8.58759878e-002 6.68623449e-002 1.52738333e-001
 9.42477796e-002 -7.39915668e-002 1.03409224e-001 1.77400791e-001
 1.25663706e-001 -1.84905369e-002 1.42115451e-001 1.60605988e-001
 1.57079633e-001 6.71389777e-002 1.83042214e-001 1.15903236e-001
 1.88495559e-001 1.59700579e-001 2.26250143e-001 6.65495646e-002
 2.19911486e-001 2.35193025e-001 2.71799158e-001 3.66061324e-002
 2.51327412e-001 2.77902465e-001 3.19748292e-001 4.18458277e-002
 2.82743339e-001 2.86283512e-001 3.70155520e-001 8.38720085e-002
 3.14159265e-001 2.73456713e-001 4.23077568e-001 1.49620856e-001
 3.45575192e-001 2.62186691e-001 4.78569719e-001 2.16383028e-001
 3.76991118e-001 2.76279543e-001 5.36685605e-001 2.60406062e-001
 4.08407045e-001 3.31667509e-001 5.97476992e-001 2.65809483e-001
 4.39822972e-001 4.30536996e-001 6.60993554e-001 2.30456558e-001
 4.71238898e-001 5.60677979e-001 7.27282634e-001 1.66604655e-001
 5.02654825e-001 7.00243069e-001 7.96388999e-001 9.61459302e-002
 5.34070751e-001 8.26061407e-001 8.68354578e-001 4.22931711e-002
 5.65486678e-001 9.22329379e-001 9.43218198e-001 2.08888189e-002
 5.96902604e-001 9.86391808e-001 1.02101530e+000 3.46234904e-002
 6.28318531e-001 1.02946443e+000 1.10177764e+000 7.23132177e-002
 6.59734457e-001 1.07208879e+000 1.18553302e+000 1.13444223e-001
 6.91150384e-001 1.13611086e+000 1.27230491e+000 1.36194049e-001
 7.22566310e-001 1.23627365e+000 1.36211218e+000 1.25838532e-001
 7.53982237e-001 1.37462576e+000 1.45496874e+000 8.03429821e-002
 7.85398163e-001 1.53983887e+000 1.55088320e+000 1.10443243e-002
 8.16814090e-001 1.71163333e+000 1.64985847e+000 6.17748658e-002
 8.48230016e-001 1.86856036e+000 1.75189144e+000 1.16668923e-001
 8.79645943e-001 1.99612747e+000 1.85697256e+000 1.39154914e-001
 9.11061870e-001 2.09215636e+000 1.96508546e+000 1.27070897e-001
 9.42477796e-001 2.16735583e+000 2.07620652e+000 9.11493127e-002
 9.73893723e-001 2.24094791e+000 2.19030447e+000 5.06434317e-002
 1.00530965e+000 2.33308401e+000 2.30733996e+000 2.57440532e-002
 1.03672558e+000 2.45700325e+000 2.42726507e+000 2.97381839e-002
 1.06814150e+000 2.61395355e+000 2.55002291e+000 6.39306427e-002
 1.09955743e+000 2.79280340e+000 2.67554714e+000 1.17256255e-001
 1.13097336e+000 2.97444577e+000 2.80376147e+000 1.70684291e-001
 1.16238928e+000 3.13924596e+000 2.93457919e+000 2.04666773e-001
 1.19380521e+000 3.27462414e+000 3.06790264e+000 2.06721500e-001
 1.22522113e+000 3.37983494e+000 3.20362276e+000 1.76212188e-001
 1.25663706e+000 3.46611418e+000 3.34161850e+000 1.24495672e-001
 1.28805299e+000 3.55217086e+000 3.48175637e+000 7.04144935e-002
 1.31946891e+000 3.65680878e+000 3.62388980e+000 3.29189740e-002
 1.35088484e+000 3.79156527e+000 3.76785871e+000 2.37065589e-002
 1.38230077e+000 3.95623242e+000 3.91348887e+000 4.27435521e-002
 1.41371669e+000 4.13899006e+000 4.06059136e+000 7.83986943e-002
 1.44513262e+000 4.32107651e+000 4.20896203e+000 1.12114483e-001
 1.47654855e+000 4.48415440e+000 4.35838090e+000 1.25773502e-001
 1.50796447e+000 4.61748261e+000 4.50861158e+000 1.08871032e-001
 1.53938040e+000 4.72208823e+000 4.65940072e+000 6.26875123e-002
 1.57079633e+000 4.81030881e+000 4.81047738e+000 1.68574323e-004
 1.60221225e+000 4.90088791e+000 4.96155248e+000 6.06645708e-002
 1.63362818e+000 5.01154739e+000 5.11231819e+000 1.00770802e-001
 1.66504411e+000 5.15194948e+000 5.26244735e+000 1.10497867e-001
 1.69646003e+000 5.31981328e+000 5.41159287e+000 9.17795914e-002
 1.72787596e+000 5.50171875e+000 5.55938719e+000 5.76684375e-002
 1.75929189e+000 5.67829611e+000 5.70544161e+000 2.71455029e-002
 1.79070781e+000 5.83177493e+000 5.84934583e+000 1.75708978e-002
 1.82212374e+000 5.95293012e+000 5.99066728e+000 3.77371641e-002
 1.85353967e+000 6.04468278e+000 6.12895062e+000 8.42678353e-002
 1.88495559e+000 6.12091217e+000 6.26371715e+000 1.42804981e-001
 1.91637152e+000 6.20090899e+000 6.39446431e+000 1.93555323e-001
 1.94778745e+000 6.30162046e+000 6.52066514e+000 2.19044682e-001
 1.97920337e+000 6.43072706e+000 6.64176775e+000 2.11040688e-001
 2.01061930e+000 6.58329456e+000 6.75719486e+000 1.73900300e-001
 2.04203522e+000 6.74336630e+000 6.86634331e+000 1.22977015e-001
 2.07345115e+000 6.88993002e+000 6.96858362e+000 7.86536053e-002
 2.10486708e+000 7.00496107e+000 7.06325955e+000 5.82984865e-002
 2.13628300e+000 7.08039234e+000 7.14968773e+000 6.92953936e-002
 2.16769893e+000 7.12123638e+000 7.22715726e+000 1.05920877e-001
 2.19911486e+000 7.14355731e+000 7.29492939e+000 1.51372079e-001
 2.23053078e+000 7.16799828e+000 7.35223721e+000 1.84238931e-001
 2.26194671e+000 7.21133605e+000 7.39828542e+000 1.86949375e-001
 2.29336264e+000 7.27936039e+000 7.43225005e+000 1.52889663e-001
 2.32477856e+000 7.36392317e+000 7.45327834e+000 8.93551664e-002
 2.35619449e+000 7.44542159e+000 7.46048854e+000 1.50669541e-002
 2.38761042e+000 7.49987014e+000 7.45296991e+000 4.69002288e-002
 2.41902634e+000 7.50788932e+000 7.42978262e+000 7.81066994e-002
 2.45044227e+000 7.46211714e+000 7.38995783e+000 7.21593100e-002
 2.48185820e+000 7.37007547e+000 7.33249776e+000 3.75777112e-002
 2.51327412e+000 7.25122420e+000 7.25637583e+000 5.15163444e-003
 2.54469005e+000 7.12917808e+000 7.16053693e+000 3.13588523e-002
 2.57610598e+000 7.02198517e+000 7.04389766e+000 2.19124949e-002
 2.60752190e+000 6.93421611e+000 6.90534676e+000 2.88693567e-002
 2.63893783e+000 6.85403042e+000 6.74374551e+000 1.10284916e-001
 2.67035376e+000 6.75655513e+000 6.55792832e+000 1.98626803e-001
 2.70176968e+000 6.61250395e+000 6.34670335e+000 2.65800600e-001
 2.73318561e+000 6.39889272e+000 6.10885319e+000 2.90039530e-001
 2.76460154e+000 6.10777650e+000 5.84313575e+000 2.64640755e-001
 2.79601746e+000 5.74953838e+000 5.54828513e+000 2.01253247e-001
 2.82743339e+000 5.34921668e+000 5.22301271e+000 1.26203976e-001
 2.85884931e+000 4.93696448e+000 4.86600825e+000 7.09562297e-002
 2.89026524e+000 4.53602424e+000 4.47594118e+000 6.00830603e-002
 2.92168117e+000 4.15269741e+000 4.05146201e+000 1.01235399e-001
 2.95309709e+000 3.77224212e+000 3.59120382e+000 1.81038298e-001
 2.98451302e+000 3.36259757e+000 3.09378392e+000 2.68813652e-001
 3.01592895e+000 2.88502156e+000 2.55780566e+000 3.27215899e-001
 3.04734487e+000 2.30815649e+000 1.98186037e+000 3.26296117e-001
 3.07876080e+000 1.62065944e+000 1.36452942e+000 2.56130019e-001
 3.11017673e+000 8.37874459e-001 7.04386497e-001 1.33487962e-001
 3.14159265e+000 1.32553274e-015 2.83382392e-015 1.50829118e-015
