 0.00000000e+000 0.00000000e+000 0.00000000e+000 0.00000000e+000
 3.14159265e-002 5.38945398e-002 3.24132214e-002 2.14813184e-002
 6.28318531e-002 1.07609144e-001 6.68623449e-002 4.07467991e-002
 9.42477796e-002 1.60975093e-001 1.03409224e-001 5.75658691e-002
 1.25663706e-001 2.13845753e-001 1.42115451e-001 7.17303020e-002
 1.57079633e-001 2.66106755e-001 1.83042214e-001 8.30645411e-002
 1.88495559e-001 3.17685169e-001 2.26250143e-001 9.14350259e-002
 2.19911486e-001 3.68557388e-001 2.71799158e-001 9.67582298e-002
 2.51327412e-001 4.18755448e-001 3.19748292e-001 9.90071562e-002
 2.82743339e-001 4.68371605e-001 3.70155520e-001 9.82160844e-002
 3.14159265e-001 5.17560971e-001 4.23077568e-001 9.44834029e-002
 3.45575192e-001 5.66542148e-001 4.78569719e-001 8.79724290e-002
 3.76991118e-001 6.15595770e-001 5.36685605e-001 7.89101653e-002
 4.08407045e-001 6.65061000e-001 5.97476992e-001 6.75840073e-002
 4.39822972e-001 7.15330029e-001 6.60993554e-001 5.43364749e-002
 4.71238898e-001 7.66840733e-001 7.27282634e-001 3.95580985e-002
 5.02654825e-001 8.20067643e-001 7.96388999e-001 2.36786446e-002
 5.34070751e-001 8.75511495e-001 8.68354578e-001 7.15691717e-003
 5.65486678e-001 9.33687612e-001 9.43218198e-001 9.53058569e-003
 5.96902604e-001 9.95113453e-001 1.02101530e+000 2.59018454e-002
 6.28318531e-001 1.06029566e+000 1.10177764e+000 4.14819822e-002
 6.59734457e-001 1.12971698e+000 1.18553302e+000 5.58160387e-002
 6.91150384e-001 1.20382339e+000 1.27230491e+000 6.84815171e-002
 7.22566310e-001 1.28301188e+000 1.36211218e+000 7.91003014e-002
 7.53982237e-001 1.36761914e+000 1.45496874e+000 8.73496077e-002
 7.85398163e-001 1.45791157e+000 1.55088320e+000 9.29716280e-002
 8.16814090e-001 1.55407690e+000 1.64985847e+000 9.57815644e-002
 8.48230016e-001 1.65621765e+000 1.75189144e+000 9.56737919e-002
 8.79645943e-001 1.76434663e+000 1.85697256e+000 9.26259352e-002
 9.11061870e-001 1.87838476e+000 1.96508546e+000 8.67007004e-002
 9.42477796e-001 1.99816116e+000 2.07620652e+000 7.80453643e-002
 9.73893723e-001 2.12341559e+000 2.19030447e+000 6.68888844e-002
 1.00530965e+000 2.25380329e+000 2.30733996e+000 5.35366624e-002
 1.03672558e+000 2.38890201e+000 2.42726507e+000 3.83630575e-002
 1.06814150e+000 2.52822110e+000 2.55002291e+000 2.18018117e-002
 1.09955743e+000 2.67121254e+000 2.67554714e+000 4.33460960e-003
 1.13097336e+000 2.81728342e+000 2.80376147e+000 1.35219471e-002
 1.16238928e+000 2.96580981e+000 2.93457919e+000 3.12306227e-002
 1.19380521e+000 3.11615136e+000 3.06790264e+000 4.82487159e-002
 1.22522113e+000 3.26766647e+000 3.20362276e+000 6.40437124e-002
 1.25663706e+000 3.41972750e+000 3.34161850e+000 7.81089943e-002
 1.28805299e+000 3.57173554e+000 3.48175637e+000 8.99791711e-002
 1.31946891e+000 3.72313440e+000 3.62388980e+000 9.92445959e-002
 1.35088484e+000 3.87342336e+000 3.76785871e+000 1.05564643e-001
 1.38230077e+000 4.02216822e+000 3.91348887e+000 1.08679346e-001
 1.41371669e+000 4.16901039e+000 4.06059136e+000 1.08419032e-001
 1.44513262e+000 4.31367366e+000 4.20896203e+000 1.04711629e-001
 1.47654855e+000 4.45596828e+000 4.35838090e+000 9.75873846e-002
 1.50796447e+000 4.59579238e+000 4.50861158e+000 8.71807956e-002
 1.53938040e+000 4.73313033e+000 4.65940072e+000 7.37296080e-002
 1.57079633e+000 4.86804822e+000 4.81047738e+000 5.75708405e-002
 1.60221225e+000 5.00068633e+000 4.96155248e+000 3.91338477e-002
 1.63362818e+000 5.13124872e+000 5.11231819e+000 1.89305258e-002
 1.66504411e+000 5.25999019e+000 5.26244735e+000 2.45715817e-003
 1.69646003e+000 5.38720082e+000 5.41159287e+000 2.43920562e-002
 1.72787596e+000 5.51318837e+000 5.55938719e+000 4.61988179e-002
 1.75929189e+000 5.63825905e+000 5.70544161e+000 6.71825645e-002
 1.79070781e+000 5.76269703e+000 5.84934583e+000 8.66488031e-002
 1.82212374e+000 5.88674320e+000 5.99066728e+000 1.03924084e-001
 1.85353967e+000 6.01057375e+000 6.12895062e+000 1.18376866e-001
 1.88495559e+000 6.13427912e+000 6.26371715e+000 1.29438021e-001
 1.91637152e+000 6.25784388e+000 6.39446431e+000 1.36620427e-001
 1.94778745e+000 6.38112808e+000 6.52066514e+000 1.39537059e-001
 1.97920337e+000 6.50385070e+000 6.64176775e+000 1.37917048e-001
 2.01061930e+000 6.62557568e+000 6.75719486e+000 1.31619178e-001
 2.04203522e+000 6.74570096e+000 6.86634331e+000 1.20642350e-001
 2.07345115e+000 6.86345102e+000 6.96858362e+000 1.05132605e-001
 2.10486708e+000 6.97787322e+000 7.06325955e+000 8.53863349e-002
 2.13628300e+000 7.08783829e+000 7.14968773e+000 6.18494379e-002
 2.16769893e+000 7.19204504e+000 7.22715726e+000 3.51122179e-002
 2.19911486e+000 7.28902944e+000 7.29492939e+000 5.89994322e-003
 2.23053078e+000 7.37717814e+000 7.35223721e+000 2.49409268e-002
 2.26194671e+000 7.45474616e+000 7.39828542e+000 5.64607398e-002
 2.29336264e+000 7.51987872e+000 7.43225005e+000 8.76286651e-002
 2.32477856e+000 7.57063676e+000 7.45327834e+000 1.17358419e-001
 2.35619449e+000 7.60502584e+000 7.46048854e+000 1.44537305e-001
 2.38761042e+000 7.62102798e+000 7.45296991e+000 1.68058077e-001
 2.41902634e+000 7.61663569e+000 7.42978262e+000 1.86853072e-001
 2.45044227e+000 7.58988782e+000 7.38995783e+000 1.99929985e-001
 2.48185820e+000 7.53890635e+000 7.33249776e+000 2.06408592e-001
 2.51327412e+000 7.46193355e+000 7.25637583e+000 2.05557719e-001
 2.54469005e+000 7.35736862e+000 7.16053693e+000 1.96831692e-001
 2.57610598e+000 7.22380319e+000 7.04389766e+000 1.79905532e-001
 2.60752190e+000 7.06005489e+000 6.90534676e+000 1.54708133e-001
 2.63893783e+000 6.86519822e+000 6.74374551e+000 1.21452708e-001
 2.67035376e+000 6.63859214e+000 6.55792832e+000 8.06638135e-002
 2.70176968e+000 6.37990368e+000 6.34670335e+000 3.32003293e-002
 2.73318561e+000 6.08912702e+000 6.10885319e+000 1.97261686e-002
 2.76460154e+000 5.76659762e+000 5.84313575e+000 7.65381234e-002
 2.79601746e+000 5.41300095e+000 5.54828513e+000 1.35284182e-001
 2.82743339e+000 5.02937557e+000 5.22301271e+000 1.93637134e-001
 2.85884931e+000 4.61711047e+000 4.86600825e+000 2.48897773e-001
 2.89026524e+000 4.17793643e+000 4.47594118e+000 2.98004755e-001
 2.92168117e+000 3.71391164e+000 4.05146201e+000 3.37550372e-001
 2.95309709e+000 3.22740172e+000 3.59120382e+000 3.63802096e-001
 2.98451302e+000 2.72105434e+000 3.09378392e+000 3.72729582e-001
 3.01592895e+000 2.19776891e+000 2.55780566e+000 3.60036755e-001
 3.04734487e+000 1.66066189e+000 1.98186037e+000 3.21198474e-001
 3.07876080e+000 1.11302822e+000 1.36452942e+000 2.51501195e-001
 3.11017673e+000 5.58299536e-001 7.04386497e-001 1.46086961e-001
 3.14159265e+000 2.57927460e-015 2.83382392e-015 2.54549319e-016
