 0.00000000e+000 0.00000000e+000 0.00000000e+000 0.00000000e+000
 3.14159265e-002 2.18535739e-002 3.24132214e-002 1.05596475e-002
 6.28318531e-002 5.12862439e-002 6.68623449e-002 1.55761010e-002
 9.42477796e-002 9.05103732e-002 1.03409224e-001 1.28988511e-002
 1.25663706e-001 1.35298599e-001 1.42115451e-001 6.81685226e-003
 1.57079633e-001 1.78985881e-001 1.83042214e-001 4.05633210e-003
 1.88495559e-001 2.18202347e-001 2.26250143e-001 8.04779610e-003
 2.19911486e-001 2.55648270e-001 2.71799158e-001 1.61508878e-002
 2.51327412e-001 2.97738842e-001 3.19748292e-001 2.20094500e-002
 2.82743339e-001 3.49207326e-001 3.70155520e-001 2.09481940e-002
 3.14159265e-001 4.09221855e-001 4.23077568e-001 1.38557130e-002
 3.45575192e-001 4.72225689e-001 4.78569719e-001 6.34402991e-003
 3.76991118e-001 5.32718891e-001 5.36685605e-001 3.96671418e-003
 4.08407045e-001 5.89915205e-001 5.97476992e-001 7.56178766e-003
 4.39822972e-001 6.48363155e-001 6.60993554e-001 1.26303991e-002
 4.71238898e-001 7.14050851e-001 7.27282634e-001 1.32317834e-002
 5.02654825e-001 7.89317291e-001 7.96388999e-001 7.07170827e-003
 5.34070751e-001 8.70874637e-001 8.68354578e-001 2.52005875e-003
 5.65486678e-001 9.52597848e-001 9.43218198e-001 9.37965008e-003
 5.96902604e-001 1.03070579e+000 1.02101530e+000 9.69049199e-003
 6.28318531e-001 1.10694340e+000 1.10177764e+000 5.16575425e-003
 6.59734457e-001 1.18707184e+000 1.18553302e+000 1.53882729e-003
 6.91150384e-001 1.27594615e+000 1.27230491e+000 3.64123906e-003
 7.22566310e-001 1.37335142e+000 1.36211218e+000 1.12392385e-002
 7.53982237e-001 1.47413459e+000 1.45496874e+000 1.91658466e-002
 7.85398163e-001 1.57253698e+000 1.55088320e+000 2.16537812e-002
 8.16814090e-001 1.66706880e+000 1.64985847e+000 1.72103373e-002
 8.48230016e-001 1.76178779e+000 1.75189144e+000 9.89635043e-003
 8.79645943e-001 1.86287144e+000 1.85697256e+000 5.89888263e-003
 9.11061870e-001 1.97336165e+000 1.96508546e+000 8.27618801e-003
 9.42477796e-001 2.09053516e+000 2.07620652e+000 1.43286393e-002
 9.73893723e-001 2.20816093e+000 2.19030447e+000 1.78564522e-002
 1.00530965e+000 2.32177260e+000 2.30733996e+000 1.44326408e-002
 1.03672558e+000 2.43250141e+000 2.42726507e+000 5.23634294e-003
 1.06814150e+000 2.54618867e+000 2.55002291e+000 3.83424704e-003
 1.09955743e+000 2.66847251e+000 2.67554714e+000 7.07463051e-003
 1.13097336e+000 2.79997722e+000 2.80376147e+000 3.78425922e-003
 1.16238928e+000 2.93570154e+000 2.93457919e+000 1.12235674e-003
 1.19380521e+000 3.06918766e+000 3.06790264e+000 1.28502433e-003
 1.22522113e+000 3.19799127e+000 3.20362276e+000 5.63148622e-003
 1.25663706e+000 3.32581085e+000 3.34161850e+000 1.58076509e-002
 1.28805299e+000 3.45940176e+000 3.48175637e+000 2.23546100e-002
 1.31946891e+000 3.60280958e+000 3.62388980e+000 2.10802253e-002
 1.35088484e+000 3.75378661e+000 3.76785871e+000 1.40721054e-002
 1.38230077e+000 3.90548703e+000 3.91348887e+000 8.00183522e-003
 1.41371669e+000 4.05210017e+000 4.06059136e+000 8.49119451e-003
 1.44513262e+000 4.19369832e+000 4.20896203e+000 1.52637090e-002
 1.47654855e+000 4.33614577e+000 4.35838090e+000 2.22351246e-002
 1.50796447e+000 4.48603393e+000 4.50861158e+000 2.25776544e-002
 1.53938040e+000 4.64484701e+000 4.65940072e+000 1.45537136e-002
 1.57079633e+000 4.80731759e+000 4.81047738e+000 3.15979064e-003
 1.60221225e+000 4.96548006e+000 4.96155248e+000 3.92757824e-003
 1.63362818e+000 5.11510984e+000 5.11231819e+000 2.79165370e-003
 1.66504411e+000 5.25911640e+000 5.26244735e+000 3.33095200e-003
 1.69646003e+000 5.40491048e+000 5.41159287e+000 6.68239666e-003
 1.72787596e+000 5.55782347e+000 5.55938719e+000 1.56371365e-003
 1.75929189e+000 5.71608331e+000 5.70544161e+000 1.06416915e-002
 1.79070781e+000 5.87168594e+000 5.84934583e+000 2.23401118e-002
 1.82212374e+000 6.01660402e+000 5.99066728e+000 2.59367383e-002
 1.85353967e+000 6.14920381e+000 6.12895062e+000 2.02531942e-002
 1.88495559e+000 6.27539882e+000 6.26371715e+000 1.16816752e-002
 1.91637152e+000 6.40337700e+000 6.39446431e+000 8.91269108e-003
 1.94778745e+000 6.53618133e+000 6.52066514e+000 1.55161928e-002
 1.97920337e+000 6.66840558e+000 6.64176775e+000 2.66378276e-002
 2.01061930e+000 6.78998307e+000 6.75719486e+000 3.27882128e-002
 2.04203522e+000 6.89410624e+000 6.86634331e+000 2.77629274e-002
 2.07345115e+000 6.98267639e+000 6.96858362e+000 1.40927717e-002
 2.10486708e+000 7.06452818e+000 7.06325955e+000 1.26862383e-003
 2.13628300e+000 7.14764131e+000 7.14968773e+000 2.04642277e-003
 2.16769893e+000 7.23173072e+000 7.22715726e+000 4.57346158e-003
 2.19911486e+000 7.30755969e+000 7.29492939e+000 1.26303002e-002
 2.23053078e+000 7.36387088e+000 7.35223721e+000 1.16336697e-002
 2.26194671e+000 7.39637727e+000 7.39828542e+000 1.90815404e-003
 2.29336264e+000 7.41123580e+000 7.43225005e+000 2.10142581e-002
 2.32477856e+000 7.41975765e+000 7.45327834e+000 3.35206885e-002
 2.35619449e+000 7.42840901e+000 7.46048854e+000 3.20795272e-002
 2.38761042e+000 7.43237561e+000 7.45296991e+000 2.05942932e-002
 2.41902634e+000 7.41837274e+000 7.42978262e+000 1.14098846e-002
 2.45044227e+000 7.37483106e+000 7.38995783e+000 1.51267690e-002
 2.48185820e+000 7.30121222e+000 7.33249776e+000 3.12855367e-002
 2.51327412e+000 7.20846410e+000 7.25637583e+000 4.79117301e-002
 2.54469005e+000 7.10966423e+000 7.16053693e+000 5.08726965e-002
 2.57610598e+000 7.00816185e+000 7.04389766e+000 3.57358073e-002
 2.60752190e+000 6.89311967e+000 6.90534676e+000 1.22270846e-002
 2.63893783e+000 6.74675290e+000 6.74374551e+000 3.00738870e-003
 2.67035376e+000 6.55797298e+000 6.55792832e+000 4.46611733e-005
 2.70176968e+000 6.33136385e+000 6.34670335e+000 1.53394939e-002
 2.73318561e+000 6.08353883e+000 6.10885319e+000 2.53143600e-002
 2.76460154e+000 5.82893258e+000 5.84313575e+000 1.42031675e-002
 2.79601746e+000 5.56610341e+000 5.54828513e+000 1.78182837e-002
 2.82743339e+000 5.27609036e+000 5.22301271e+000 5.30776494e-002
 2.85884931e+000 4.93528467e+000 4.86600825e+000 6.92764272e-002
 2.89026524e+000 4.53343371e+000 4.47594118e+000 5.74925320e-002
 2.92168117e+000 4.08231711e+000 4.05146201e+000 3.08550978e-002
 2.95309709e+000 3.60698531e+000 3.59120382e+000 1.57814932e-002
 2.98451302e+000 3.12495520e+000 3.09378392e+000 3.11712875e-002
 3.01592895e+000 2.62909847e+000 2.55780566e+000 7.12928051e-002
 3.04734487e+000 2.08865491e+000 1.98186037e+000 1.06794546e-001
 3.07876080e+000 1.47003782e+000 1.36452942e+000 1.05508401e-001
 3.11017673e+000 7.64027595e-001 7.04386497e-001 5.96410979e-002
 3.14159265e+000 1.39273856e-015 2.83382392e-015 1.44108536e-015
