 0.00000000e+000 0.00000000e+000 0.00000000e+000 0.00000000e+000
 3.14159265e-002 5.41460285e-002 3.24132214e-002 2.17328072e-002
 6.28318531e-002 1.08104589e-001 6.68623449e-002 4.12422445e-002
 9.42477796e-002 1.61699642e-001 1.03409224e-001 5.82904180e-002
 1.25663706e-001 2.14777648e-001 1.42115451e-001 7.26621964e-002
 1.57079633e-001 2.67217942e-001 1.83042214e-001 8.41757290e-002
 1.88495559e-001 3.18942092e-001 2.26250143e-001 9.26919488e-002
 2.19911486e-001 3.69921925e-001 2.71799158e-001 9.81227676e-002
 2.51327412e-001 4.20185995e-001 3.19748292e-001 1.00437703e-001
 2.82743339e-001 4.69824246e-001 3.70155520e-001 9.96687257e-002
 3.14159265e-001 5.18990731e-001 4.23077568e-001 9.59131631e-002
 3.45575192e-001 5.67904274e-001 4.78569719e-001 8.93345550e-002
 3.76991118e-001 6.16847016e-001 5.36685605e-001 8.01614114e-002
 4.08407045e-001 6.66160878e-001 5.97476992e-001 6.86838860e-002
 4.39822972e-001 7.16241994e-001 6.60993554e-001 5.52484395e-002
 4.71238898e-001 7.67533259e-001 7.27282634e-001 4.02506244e-002
 5.02654825e-001 8.20515179e-001 7.96388999e-001 2.41261799e-002
 5.34070751e-001 8.75695253e-001 8.68354578e-001 7.34067473e-003
 5.65486678e-001 9.33596181e-001 9.43218198e-001 9.62201667e-003
 5.96902604e-001 9.94743212e-001 1.02101530e+000 2.62720868e-002
 6.28318531e-001 1.05965098e+000 1.10177764e+000 4.21266659e-002
 6.59734457e-001 1.12881019e+000 1.18553302e+000 5.67228247e-002
 6.91150384e-001 1.20267457e+000 1.27230491e+000 6.96303324e-002
 7.22566310e-001 1.28164839e+000 1.36211218e+000 8.04637945e-002
 7.53982237e-001 1.36607493e+000 1.45496874e+000 8.88938096e-002
 7.85398163e-001 1.45622639e+000 1.55088320e+000 9.46568034e-002
 8.16814090e-001 1.55229523e+000 1.64985847e+000 9.75632327e-002
 8.48230016e-001 1.65438755e+000 1.75189144e+000 9.75038918e-002
 8.79645943e-001 1.76251846e+000 1.85697256e+000 9.44541034e-002
 9.11061870e-001 1.87660983e+000 1.96508546e+000 8.84756322e-002
 9.42477796e-001 1.99649030e+000 2.07620652e+000 7.97162196e-002
 9.73893723e-001 2.12189777e+000 2.19030447e+000 6.84067026e-002
 1.00530965e+000 2.25248421e+000 2.30733996e+000 5.48557488e-002
 1.03672558e+000 2.38782276e+000 2.42726507e+000 3.94423031e-002
 1.06814150e+000 2.52741700e+000 2.55002291e+000 2.26059112e-002
 1.09955743e+000 2.67071200e+000 2.67554714e+000 4.83514320e-003
 1.13097336e+000 2.81710707e+000 2.80376147e+000 1.33455985e-002
 1.16238928e+000 2.96596974e+000 2.93457919e+000 3.13905554e-002
 1.19380521e+000 3.11665064e+000 3.06790264e+000 4.87479972e-002
 1.22522113e+000 3.26849886e+000 3.20362276e+000 6.48761060e-002
 1.25663706e+000 3.42087743e+000 3.34161850e+000 7.92589285e-002
 1.28805299e+000 3.57317832e+000 3.48175637e+000 9.14219553e-002
 1.31946891e+000 3.72483669e+000 3.62388980e+000 1.00946883e-001
 1.35088484e+000 3.87534385e+000 3.76785871e+000 1.07485131e-001
 1.38230077e+000 4.02425857e+000 3.91348887e+000 1.10769702e-001
 1.41371669e+000 4.17121638e+000 4.06059136e+000 1.10625023e-001
 1.44513262e+000 4.31593646e+000 4.20896203e+000 1.06974429e-001
 1.47654855e+000 4.45822593e+000 4.35838090e+000 9.98450341e-002
 1.50796447e+000 4.59798135e+000 4.50861158e+000 8.93697688e-002
 1.53938040e+000 4.73518718e+000 4.65940072e+000 7.57864615e-002
 1.57079633e+000 4.86991128e+000 4.81047738e+000 5.94338947e-002
 1.60221225e+000 5.00229734e+000 4.96155248e+000 4.07448616e-002
 1.63362818e+000 5.13255451e+000 5.11231819e+000 2.02363234e-002
 1.66504411e+000 5.26094419e+000 5.26244735e+000 1.50315286e-003
 1.69646003e+000 5.38776446e+000 5.41159287e+000 2.38284146e-002
 1.72787596e+000 5.51333231e+000 5.55938719e+000 4.60548718e-002
 1.75929189e+000 5.63796424e+000 5.70544161e+000 6.74773723e-002
 1.79070781e+000 5.76195548e+000 5.84934583e+000 8.73903495e-002
 1.82212374e+000 5.88555855e+000 5.99066728e+000 1.05108735e-001
 1.85353967e+000 6.00896152e+000 6.12895062e+000 1.19989096e-001
 1.88495559e+000 6.13226671e+000 6.26371715e+000 1.31450433e-001
 1.91637152e+000 6.25547026e+000 6.39446431e+000 1.38994054e-001
 1.94778745e+000 6.37844317e+000 6.52066514e+000 1.42221963e-001
 1.97920337e+000 6.50091455e+000 6.64176775e+000 1.40853195e-001
 2.01061930e+000 6.62245728e+000 6.75719486e+000 1.34737578e-001
 2.04203522e+000 6.74247687e+000 6.86634331e+000 1.23866440e-001
 2.07345115e+000 6.86020378e+000 6.96858362e+000 1.08379840e-001
 2.10486708e+000 6.97468959e+000 7.06325955e+000 8.85699640e-002
 2.13628300e+000 7.08480731e+000 7.14968773e+000 6.48804180e-002
 2.16769893e+000 7.18925604e+000 7.22715726e+000 3.79012226e-002
 2.19911486e+000 7.28656996e+000 7.29492939e+000 8.35942551e-003
 2.23053078e+000 7.37513188e+000 7.35223721e+000 2.28946686e-002
 2.26194671e+000 7.45319096e+000 7.39828542e+000 5.49055397e-002
 2.29336264e+000 7.51888461e+000 7.43225005e+000 8.66345593e-002
 2.32477856e+000 7.57026419e+000 7.45327834e+000 1.16985854e-001
 2.35619449e+000 7.60532406e+000 7.46048854e+000 1.44835525e-001
 2.38761042e+000 7.62203364e+000 7.45296991e+000 1.69063734e-001
 2.41902634e+000 7.61837172e+000 7.42978262e+000 1.88589095e-001
 2.45044227e+000 7.59236256e+000 7.38995783e+000 2.02404728e-001
 2.48185820e+000 7.54211306e+000 7.33249776e+000 2.09615298e-001
 2.51327412e+000 7.46585014e+000 7.25637583e+000 2.09474303e-001
 2.54469005e+000 7.36195779e+000 7.16053693e+000 2.01420864e-001
 2.57610598e+000 7.22901291e+000 7.04389766e+000 1.85115253e-001
 2.60752190e+000 7.06581915e+000 6.90534676e+000 1.60472398e-001
 2.63893783e+000 6.87143816e+000 6.74374551e+000 1.27692650e-001
 2.67035376e+000 6.64521742e+000 6.55792832e+000 8.72890952e-002
 2.70176968e+000 6.38681416e+000 6.34670335e+000 4.01108092e-002
 2.73318561e+000 6.09621464e+000 6.10885319e+000 1.26385452e-002
 2.76460154e+000 5.77374851e+000 5.84313575e+000 6.93872381e-002
 2.79601746e+000 5.42009762e+000 5.54828513e+000 1.28187509e-001
 2.82743339e+000 5.03629930e+000 5.22301271e+000 1.86713407e-001
 2.85884931e+000 4.62374364e+000 4.86600825e+000 2.42264605e-001
 2.89026524e+000 4.18416493e+000 4.47594118e+000 2.91776255e-001
 2.92168117e+000 3.71962719e+000 4.05146201e+000 3.31834823e-001
 2.95309709e+000 3.23250408e+000 3.59120382e+000 3.58699737e-001
 2.98451302e+000 2.72545337e+000 3.09378392e+000 3.68330544e-001
 3.01592895e+000 2.20138646e+000 2.55780566e+000 3.56419201e-001
 3.04734487e+000 1.66343339e+000 1.98186037e+000 3.18426979e-001
 3.07876080e+000 1.11490402e+000 1.36452942e+000 2.49625403e-001
 3.11017673e+000 5.59245942e-001 7.04386497e-001 1.45140555e-001
 3.14159265e+000 2.58807187e-015 2.83382392e-015 2.45752052e-016
