 0.00000000e+000 0.00000000e+000 0.00000000e+000 0.00000000e+000
 3.14159265e-002 3.61624080e-002 3.24132214e-002 3.74918668e-003
 6.28318531e-002 7.25314408e-002 6.68623449e-002 5.66909585e-003
 9.42477796e-002 1.09370408e-001 1.03409224e-001 5.96118358e-003
 1.25663706e-001 1.47038965e-001 1.42115451e-001 4.92351379e-003
 1.57079633e-001 1.86003009e-001 1.83042214e-001 2.96079540e-003
 1.88495559e-001 2.26809601e-001 2.26250143e-001 5.59457806e-004
 2.19911486e-001 2.70030700e-001 2.71799158e-001 1.76845805e-003
 2.51327412e-001 3.16187728e-001 3.19748292e-001 3.56056422e-003
 2.82743339e-001 3.65674506e-001 3.70155520e-001 4.48101435e-003
 3.14159265e-001 4.18697449e-001 4.23077568e-001 4.38011925e-003
 3.45575192e-001 4.75248734e-001 4.78569719e-001 3.32098496e-003
 3.76991118e-001 5.35121042e-001 5.36685605e-001 1.56456274e-003
 4.08407045e-001 5.97963089e-001 5.97476992e-001 4.86096525e-004
 4.39822972e-001 6.63365604e-001 6.60993554e-001 2.37204937e-003
 4.71238898e-001 7.30959993e-001 7.27282634e-001 3.67735836e-003
 5.02654825e-001 8.00508378e-001 7.96388999e-001 4.11937895e-003
 5.34070751e-001 8.71965000e-001 8.68354578e-001 3.61042222e-003
 5.65486678e-001 9.45494910e-001 9.43218198e-001 2.27671202e-003
 5.96902604e-001 1.02144516e+000 1.02101530e+000 4.29861391e-004
 6.28318531e-001 1.10027435e+000 1.10177764e+000 1.50329770e-003
 6.59734457e-001 1.18245582e+000 1.18553302e+000 3.07719799e-003
 6.91150384e-001 1.26837609e+000 1.27230491e+000 3.92881564e-003
 7.22566310e-001 1.35825134e+000 1.36211218e+000 3.86083596e-003
 7.53982237e-001 1.45208113e+000 1.45496874e+000 2.88760908e-003
 7.85398163e-001 1.54965017e+000 1.55088320e+000 1.23302879e-003
 8.16814090e-001 1.65057816e+000 1.64985847e+000 7.19692786e-004
 8.48230016e-001 1.75440681e+000 1.75189144e+000 2.51537359e-003
 8.79645943e-001 1.86070425e+000 1.85697256e+000 3.73169392e-003
 9.11061870e-001 1.96916305e+000 1.96508546e+000 4.07758943e-003
 9.42477796e-001 2.07966895e+000 2.07620652e+000 3.46242591e-003
 9.73893723e-001 2.19232405e+000 2.19030447e+000 2.01957508e-003
 1.00530965e+000 2.30741824e+000 2.30733996e+000 7.82803281e-005
 1.03672558e+000 2.42535461e+000 2.42726507e+000 1.91045284e-003
 1.06814150e+000 2.54654543e+000 2.55002291e+000 3.47748376e-003
 1.09955743e+000 2.67130203e+000 2.67554714e+000 4.24511021e-003
 1.13097336e+000 2.79974425e+000 2.80376147e+000 4.01722056e-003
 1.16238928e+000 2.93175050e+000 2.93457919e+000 2.82868809e-003
 1.19380521e+000 3.06696092e+000 3.06790264e+000 9.41715158e-004
 1.22522113e+000 3.20483385e+000 3.20362276e+000 1.21109460e-003
 1.25663706e+000 3.34474329e+000 3.34161850e+000 3.12478565e-003
 1.28805299e+000 3.48609561e+000 3.48175637e+000 4.33924642e-003
 1.31946891e+000 3.62843843e+000 3.62388980e+000 4.54862545e-003
 1.35088484e+000 3.77153593e+000 3.76785871e+000 3.67721913e-003
 1.38230077e+000 3.91539213e+000 3.91348887e+000 1.90325980e-003
 1.41371669e+000 4.06021506e+000 4.06059136e+000 3.76303230e-004
 1.44513262e+000 4.20632866e+000 4.20896203e+000 2.63337059e-003
 1.47654855e+000 4.35405133e+000 4.35838090e+000 4.32956870e-003
 1.50796447e+000 4.50356849e+000 4.50861158e+000 5.04309591e-003
 1.53938040e+000 4.65482871e+000 4.65940072e+000 4.57201361e-003
 1.57079633e+000 4.80748832e+000 4.81047738e+000 2.98906293e-003
 1.60221225e+000 4.96091886e+000 4.96155248e+000 6.33619945e-004
 1.63362818e+000 5.11427759e+000 5.11231819e+000 1.95939571e-003
 1.66504411e+000 5.26662649e+000 5.26244735e+000 4.17914131e-003
 1.69646003e+000 5.41707354e+000 5.41159287e+000 5.48066457e-003
 1.72787596e+000 5.56490365e+000 5.55938719e+000 5.51646614e-003
 1.75929189e+000 5.70966819e+000 5.70544161e+000 4.22657680e-003
 1.79070781e+000 5.85121025e+000 5.84934583e+000 1.86442065e-003
 1.82212374e+000 5.98961712e+000 5.99066728e+000 1.05016427e-003
 1.85353967e+000 6.12510789e+000 6.12895062e+000 3.84272821e-003
 1.88495559e+000 6.25787978e+000 6.26371715e+000 5.83736327e-003
 1.91637152e+000 6.38794722e+000 6.39446431e+000 6.51709384e-003
 1.94778745e+000 6.51501093e+000 6.52066514e+000 5.65420467e-003
 1.97920337e+000 6.63838922e+000 6.64176775e+000 3.37852743e-003
 2.01061930e+000 6.75703019e+000 6.75719486e+000 1.64673716e-004
 2.04203522e+000 6.86960614e+000 6.86634331e+000 3.26282672e-003
 2.07345115e+000 6.97467207e+000 6.96858362e+000 6.08845260e-003
 2.10486708e+000 7.07085436e+000 7.06325955e+000 7.59480856e-003
 2.13628300e+000 7.15702697e+000 7.14968773e+000 7.33923521e-003
 2.16769893e+000 7.23243304e+000 7.22715726e+000 5.27578300e-003
 2.19911486e+000 7.29672012e+000 7.29492939e+000 1.79073678e-003
 2.23053078e+000 7.34987531e+000 7.35223721e+000 2.36189886e-003
 2.26194671e+000 7.39206928e+000 7.39828542e+000 6.21614027e-003
 2.29336264e+000 7.42343959e+000 7.43225005e+000 8.81046138e-003
 2.32477856e+000 7.44385999e+000 7.45327834e+000 9.41834398e-003
 2.35619449e+000 7.45274859e+000 7.46048854e+000 7.73995176e-003
 2.38761042e+000 7.44896269e+000 7.45296991e+000 4.00722104e-003
 2.41902634e+000 7.43081143e+000 7.42978262e+000 1.02881206e-003
 2.45044227e+000 7.39619267e+000 7.38995783e+000 6.23483741e-003
 2.48185820e+000 7.34283234e+000 7.33249776e+000 1.03345787e-002
 2.51327412e+000 7.26857945e+000 7.25637583e+000 1.22036165e-002
 2.54469005e+000 7.17169298e+000 7.16053693e+000 1.11560468e-002
 2.57610598e+000 7.05105315e+000 7.04389766e+000 7.15548786e-003
 2.60752190e+000 6.90624062e+000 6.90534676e+000 8.93867569e-004
 2.63893783e+000 6.73745135e+000 6.74374551e+000 6.29416147e-003
 2.67035376e+000 6.54524871e+000 6.55792832e+000 1.26796170e-002
 2.70176968e+000 6.33019109e+000 6.34670335e+000 1.65122595e-002
 2.73318561e+000 6.09240492e+000 6.10885319e+000 1.64482660e-002
 2.76460154e+000 5.83119360e+000 5.84313575e+000 1.19421432e-002
 2.79601746e+000 5.54477616e+000 5.54828513e+000 3.50896650e-003
 2.82743339e+000 5.23023446e+000 5.22301271e+000 7.22175228e-003
 2.85884931e+000 4.88371518e+000 4.86600825e+000 1.77069317e-002
 2.89026524e+000 4.50088874e+000 4.47594118e+000 2.49475606e-002
 2.92168117e+000 4.07761864e+000 4.05146201e+000 2.61566314e-002
 2.95309709e+000 3.61075102e+000 3.59120382e+000 1.95472063e-002
 2.98451302e+000 3.09890407e+000 3.09378392e+000 5.12015502e-003
 3.01592895e+000 2.54312626e+000 2.55780566e+000 1.46794036e-002
 3.04734487e+000 1.94730465e+000 1.98186037e+000 3.45557208e-002
 3.07876080e+000 1.31823827e+000 1.36452942e+000 4.62911458e-002
 3.11017673e+000 6.65341467e-001 7.04386497e-001 3.90450297e-002
 3.14159265e+000 3.16777789e-015 2.83382392e-015 3.33953965e-016
