 0.00000000e+000 0.00000000e+000 0.00000000e+000 0.00000000e+000
 3.14159265e-002 -4.11743347e-001 3.24132214e-002 4.44156568e-001
 6.28318531e-002 -3.26859783e+000 6.68623449e-002 3.33546018e+000
 9.42477796e-002 -8.99196060e+000 1.03409224e-001 9.09536983e+000
 1.25663706e-001 -1.55317791e+001 1.42115451e-001 1.56738945e+001
 1.57079633e-001 -1.98350579e+001 1.83042214e-001 2.00181001e+001
 1.88495559e-001 -2.00784047e+001 2.26250143e-001 2.03046548e+001
 2.19911486e-001 -1.69391688e+001 2.71799158e-001 1.72109680e+001
 2.51327412e-001 -1.29632439e+001 3.19748292e-001 1.32829922e+001
 2.82743339e-001 -1.05873965e+001 3.70155520e-001 1.09575520e+001
 3.14159265e-001 -1.03947530e+001 4.23077568e-001 1.08178306e+001
 3.45575192e-001 -1.09323138e+001 4.78569719e-001 1.14108836e+001
 3.76991118e-001 -1.01331019e+001 5.36685605e-001 1.06697875e+001
 4.08407045e-001 -7.11452812e+000 5.97476992e-001 7.71200511e+000
 4.39822972e-001 -2.88060099e+000 6.60993554e-001 3.54159454e+000
 4.71238898e-001 5.97633637e-001 7.27282634e-001 1.29648997e-001
 5.02654825e-001 2.10730528e+000 7.96388999e-001 1.31091628e+000
 5.34070751e-001 2.26508090e+000 8.68354578e-001 1.39672632e+000
 5.65486678e-001 3.03438896e+000 9.43218198e-001 2.09117076e+000
 5.96902604e-001 6.07237635e+000 1.02101530e+000 5.05136105e+000
 6.28318531e-001 1.12471161e+001 1.10177764e+000 1.01453385e+001
 6.59734457e-001 1.65286948e+001 1.18553302e+000 1.53431618e+001
 6.91150384e-001 1.93580289e+001 1.27230491e+000 1.80857240e+001
 7.22566310e-001 1.84346910e+001 1.36211218e+000 1.70725788e+001
 7.53982237e-001 1.45655783e+001 1.45496874e+000 1.31106095e+001
 7.85398163e-001 9.98818805e+000 1.55088320e+000 8.43730486e+000
 8.16814090e-001 6.77313081e+000 1.64985847e+000 5.12327234e+000
 8.48230016e-001 5.56203021e+000 1.75189144e+000 3.81013877e+000
 8.79645943e-001 5.52636650e+000 1.85697256e+000 3.66939394e+000
 9.11061870e-001 5.39981074e+000 1.96508546e+000 3.43472528e+000
 9.42477796e-001 4.61254351e+000 2.07620652e+000 2.53633698e+000
 9.73893723e-001 3.59095088e+000 2.19030447e+000 1.40064641e+000
 1.00530965e+000 3.08833734e+000 2.30733996e+000 7.80997384e-001
 1.03672558e+000 3.26110450e+000 2.42726507e+000 8.33839433e-001
 1.06814150e+000 3.37937166e+000 2.55002291e+000 8.29348750e-001
 1.09955743e+000 2.44538991e+000 2.67554714e+000 2.30157232e-001
 1.13097336e+000 1.52305000e-001 2.80376147e+000 2.65145647e+000
 1.16238928e+000 -2.70658746e+000 2.93457919e+000 5.64116665e+000
 1.19380521e+000 -4.79220132e+000 3.06790264e+000 7.86010396e+000
 1.22522113e+000 -5.29654694e+000 3.20362276e+000 8.50016969e+000
 1.25663706e+000 -4.61664371e+000 3.34161850e+000 7.95826222e+000
 1.28805299e+000 -4.01836081e+000 3.48175637e+000 7.50011718e+000
 1.31946891e+000 -4.54276344e+000 3.62388980e+000 8.16665325e+000
 1.35088484e+000 -6.07315853e+000 3.76785871e+000 9.84101725e+000
 1.38230077e+000 -7.37184618e+000 3.91348887e+000 1.12853350e+001
 1.41371669e+000 -7.08707476e+000 4.06059136e+000 1.11476661e+001
 1.44513262e+000 -4.90002553e+000 4.20896203e+000 9.10898756e+000
 1.47654855e+000 -1.83834876e+000 4.35838090e+000 6.19672966e+000
 1.50796447e+000 5.35746722e-001 4.50861158e+000 3.97286486e+000
 1.53938040e+000 1.40944203e+000 4.65940072e+000 3.24995869e+000
 1.57079633e+000 1.40701833e+000 4.81047738e+000 3.40345905e+000
 1.60221225e+000 2.08827722e+000 4.96155248e+000 2.87327526e+000
 1.63362818e+000 4.64532658e+000 5.11231819e+000 4.66991610e-001
 1.66504411e+000 8.85763409e+000 5.26244735e+000 3.59518675e+000
 1.69646003e+000 1.31651465e+001 5.41159287e+000 7.75355359e+000
 1.72787596e+000 1.58077670e+001 5.55938719e+000 1.02483799e+001
 1.75929189e+000 1.61115193e+001 5.70544161e+000 1.04060776e+001
 1.79070781e+000 1.48961170e+001 5.84934583e+000 9.04677117e+000
 1.82212374e+000 1.37164142e+001 5.99066728e+000 7.72574694e+000
 1.85353967e+000 1.36078634e+001 6.12895062e+000 7.47891280e+000
 1.88495559e+000 1.43820562e+001 6.26371715e+000 8.11833902e+000
 1.91637152e+000 1.50092133e+001 6.39446431e+000 8.61474903e+000
 1.94778745e+000 1.46791052e+001 6.52066514e+000 8.15844005e+000
 1.97920337e+000 1.35662760e+001 6.64176775e+000 6.92450826e+000
 2.01061930e+000 1.26227741e+001 6.75719486e+000 5.86557925e+000
 2.04203522e+000 1.26145884e+001 6.86634331e+000 5.74824512e+000
 2.07345115e+000 1.33157258e+001 6.96858362e+000 6.34714222e+000
 2.10486708e+000 1.36467418e+001 7.06325955e+000 6.58348222e+000
 2.13628300e+000 1.26830805e+001 7.14968773e+000 5.53339274e+000
 2.16769893e+000 1.06166043e+001 7.22715726e+000 3.38944703e+000
 2.19911486e+000 8.70594572e+000 7.29492939e+000 1.41101633e+000
 2.23053078e+000 8.10444633e+000 7.35223721e+000 7.52209117e-001
 2.26194671e+000 8.51116473e+000 7.39828542e+000 1.11287931e+000
 2.29336264e+000 7.91258077e+000 7.43225005e+000 4.80330714e-001
 2.32477856e+000 3.90048628e+000 7.45327834e+000 3.55279205e+000
 2.35619449e+000 -4.26830943e+000 7.46048854e+000 1.17287980e+001
 2.38761042e+000 -1.44768089e+001 7.45296991e+000 2.19297788e+001
 2.41902634e+000 -2.25342274e+001 7.42978262e+000 2.99640101e+001
 2.45044227e+000 -2.46024386e+001 7.38995783e+000 3.19923965e+001
 2.48185820e+000 -1.96139976e+001 7.33249776e+000 2.69464954e+001
 2.51327412e+000 -9.94519930e+000 7.25637583e+000 1.72015751e+001
 2.54469005e+000 1.33155260e-001 7.16053693e+000 7.02738167e+000
 2.57610598e+000 7.05746825e+000 7.04389766e+000 1.35705892e-002
 2.60752190e+000 9.72329868e+000 6.90534676e+000 2.81795192e+000
 2.63893783e+000 9.25644306e+000 6.74374551e+000 2.51269756e+000
 2.67035376e+000 7.31711773e+000 6.55792832e+000 7.59189410e-001
 2.70176968e+000 4.61057245e+000 6.34670335e+000 1.73613090e+000
 2.73318561e+000 9.73721053e-001 6.10885319e+000 5.13513214e+000
 2.76460154e+000 -3.12082772e+000 5.84313575e+000 8.96396347e+000
 2.79601746e+000 -5.25333459e+000 5.54828513e+000 1.08016197e+001
 2.82743339e+000 -1.61513550e+000 5.22301271e+000 6.83814820e+000
 2.85884931e+000 1.03988318e+001 4.86600825e+000 5.53282355e+000
 2.89026524e+000 2.93258799e+001 4.47594118e+000 2.48499388e+001
 2.92168117e+000 4.89626141e+001 4.05146201e+000 4.49111521e+001
 2.95309709e+000 6.10442565e+001 3.59120382e+000 5.74530527e+001
 2.98451302e+000 5.99518590e+001 3.09378392e+000 5.68580751e+001
 3.01592895e+000 4.63327082e+001 2.55780566e+000 4.37749025e+001
 3.04734487e+000 2.69292426e+001 1.98186037e+000 2.49473823e+001
 3.07876080e+000 1.04196117e+001 1.36452942e+000 9.05508224e+000
 3.11017673e+000 1.93452798e+000 7.04386497e-001 1.23014148e+000
 3.14159265e+000 7.87763840e-014 2.83382392e-015 7.59425600e-014
