 0.00000000e+000 0.00000000e+000 0.00000000e+000 0.00000000e+000
 3.14159265e-002 -1.09047101e-002 3.24132214e-002 4.33179314e-002
 6.28318531e-002 -8.42308821e-002 6.68623449e-002 1.51093227e-001
 9.42477796e-002 -2.68177248e-001 1.03409224e-001 3.71586472e-001
 1.25663706e-001 -5.86063144e-001 1.42115451e-001 7.28178595e-001
 1.57079633e-001 -1.03187289e+000 1.83042214e-001 1.21491511e+000
 1.88495559e-001 -1.57301500e+000 2.26250143e-001 1.79926514e+000
 2.19911486e-001 -2.15941937e+000 2.71799158e-001 2.43121853e+000
 2.51327412e-001 -2.73643027e+000 3.19748292e-001 3.05617856e+000
 2.82743339e-001 -3.25795281e+000 3.70155520e-001 3.62810833e+000
 3.14159265e-001 -3.69625118e+000 4.23077568e-001 4.11932875e+000
 3.45575192e-001 -4.04571000e+000 4.78569719e-001 4.52427972e+000
 3.76991118e-001 -4.31953618e+000 5.36685605e-001 4.85622179e+000
 4.08407045e-001 -4.54037278e+000 5.97476992e-001 5.13784977e+000
 4.39822972e-001 -4.72759453e+000 6.60993554e-001 5.38858809e+000
 4.71238898e-001 -4.88516604e+000 7.27282634e-001 5.61244868e+000
 5.02654825e-001 -4.99403414e+000 7.96388999e-001 5.79042314e+000
 5.34070751e-001 -5.01201724e+000 8.68354578e-001 5.88037181e+000
 5.65486678e-001 -4.88224779e+000 9.43218198e-001 5.82546599e+000
 5.96902604e-001 -4.54886780e+000 1.02101530e+000 5.56988310e+000
 6.28318531e-001 -3.97646197e+000 1.10177764e+000 5.07823962e+000
 6.59734457e-001 -3.16823147e+000 1.18553302e+000 4.35376449e+000
 6.91150384e-001 -2.17760687e+000 1.27230491e+000 3.44991178e+000
 7.22566310e-001 -1.10904911e+000 1.36211218e+000 2.47116129e+000
 7.53982237e-001 -1.06039874e-001 1.45496874e+000 1.56100862e+000
 7.85398163e-001 6.72743852e-001 1.55088320e+000 8.78139345e-001
 8.16814090e-001 1.08502140e+000 1.64985847e+000 5.64837070e-001
 8.48230016e-001 1.03784443e+000 1.75189144e+000 7.14047006e-001
 8.79645943e-001 5.14398685e-001 1.85697256e+000 1.34257388e+000
 9.11061870e-001 -4.12185809e-001 1.96508546e+000 2.37727127e+000
 9.42477796e-001 -1.58258487e+000 2.07620652e+000 3.65879139e+000
 9.73893723e-001 -2.77361093e+000 2.19030447e+000 4.96391541e+000
 1.00530965e+000 -3.73606569e+000 2.30733996e+000 6.04340565e+000
 1.03672558e+000 -4.24134953e+000 2.42726507e+000 6.66861459e+000
 1.06814150e+000 -4.12760456e+000 2.55002291e+000 6.67762747e+000
 1.09955743e+000 -3.33560168e+000 2.67554714e+000 6.01114883e+000
 1.13097336e+000 -1.92615772e+000 2.80376147e+000 4.72991920e+000
 1.16238928e+000 -7.43629176e-002 2.93457919e+000 3.00894210e+000
 1.19380521e+000 1.95935997e+000 3.06790264e+000 1.10854267e+000
 1.22522113e+000 3.87634739e+000 3.20362276e+000 6.72724639e-001
 1.25663706e+000 5.39577090e+000 3.34161850e+000 2.05415240e+000
 1.28805299e+000 6.30819805e+000 3.48175637e+000 2.82644168e+000
 1.31946891e+000 6.51523469e+000 3.62388980e+000 2.89134489e+000
 1.35088484e+000 6.04646320e+000 3.76785871e+000 2.27860448e+000
 1.38230077e+000 5.04956669e+000 3.91348887e+000 1.13607782e+000
 1.41371669e+000 3.75531226e+000 4.06059136e+000 3.05279098e-001
 1.44513262e+000 2.42471136e+000 4.20896203e+000 1.78425067e+000
 1.47654855e+000 1.28991122e+000 4.35838090e+000 3.06846968e+000
 1.50796447e+000 5.02180256e-001 4.50861158e+000 4.00643133e+000
 1.53938040e+000 9.92117224e-002 4.65940072e+000 4.56018900e+000
 1.57079633e+000 8.30446822e-014 4.81047738e+000 4.81047738e+000
 1.60221225e+000 2.95004549e-002 4.96155248e+000 4.93205203e+000
 1.63362818e+000 -3.15717844e-002 5.11231819e+000 5.14388997e+000
 1.66504411e+000 -3.82607509e-001 5.26244735e+000 5.64505486e+000
 1.69646003e+000 -1.13946718e+000 5.41159287e+000 6.55106006e+000
 1.72787596e+000 -2.28704564e+000 5.55938719e+000 7.84643283e+000
 1.75929189e+000 -3.66106578e+000 5.70544161e+000 9.36650740e+000
 1.79070781e+000 -4.96629492e+000 5.84934583e+000 1.08156408e+001
 1.82212374e+000 -5.83049226e+000 5.99066728e+000 1.18211595e+001
 1.85353967e+000 -5.88508562e+000 6.12895062e+000 1.20140362e+001
 1.88495559e+000 -4.85665673e+000 6.26371715e+000 1.11203739e+001
 1.91637152e+000 -2.64940560e+000 6.39446431e+000 9.04386991e+000
 1.94778745e+000 6.01074175e-001 6.52066514e+000 5.91959096e+000
 1.97920337e+000 4.51790447e+000 6.64176775e+000 2.12386328e+000
 2.01061930e+000 8.52399982e+000 6.75719486e+000 1.76680496e+000
 2.04203522e+000 1.19309374e+001 6.86634331e+000 5.06459410e+000
 2.07345115e+000 1.40620729e+001 6.96858362e+000 7.09348923e+000
 2.10486708e+000 1.43880452e+001 7.06325955e+000 7.32478570e+000
 2.13628300e+000 1.26484326e+001 7.14968773e+000 5.49874483e+000
 2.16769893e+000 8.93400993e+000 7.22715726e+000 1.70685268e+000
 2.19911486e+000 3.70998753e+000 7.29492939e+000 3.58494185e+000
 2.23053078e+000 -2.22914968e+000 7.35223721e+000 9.58138689e+000
 2.26194671e+000 -7.86984785e+000 7.39828542e+000 1.52681333e+001
 2.29336264e+000 -1.21385957e+001 7.43225005e+000 1.95708458e+001
 2.32477856e+000 -1.40835009e+001 7.45327834e+000 2.15367793e+001
 2.35619449e+000 -1.30462259e+001 7.46048854e+000 2.05067144e+001
 2.38761042e+000 -8.79245188e+000 7.45296991e+000 1.62454218e+001
 2.41902634e+000 -1.57542562e+000 7.42978262e+000 9.00520824e+000
 2.45044227e+000 7.88140402e+000 7.38995783e+000 4.91446189e-001
 2.48185820e+000 1.84821894e+001 7.33249776e+000 1.11496917e+001
 2.51327412e+000 2.89217088e+001 7.25637583e+000 2.16653330e+001
 2.54469005e+000 3.78861864e+001 7.16053693e+000 3.07256495e+001
 2.57610598e+000 4.42572117e+001 7.04389766e+000 3.72133140e+001
 2.60752190e+000 4.72831999e+001 6.90534676e+000 4.03778531e+001
 2.63893783e+000 4.66886173e+001 6.74374551e+000 3.99448718e+001
 2.67035376e+000 4.27025706e+001 6.55792832e+000 3.61446423e+001
 2.70176968e+000 3.60031682e+001 6.34670335e+000 2.96564649e+001
 2.73318561e+000 2.75894686e+001 6.10885319e+000 2.14806154e+001
 2.76460154e+000 1.86058680e+001 5.84313575e+000 1.27627322e+001
 2.79601746e+000 1.01519435e+001 5.54828513e+000 4.60365834e+000
 2.82743339e+000 3.11251928e+000 5.22301271e+000 2.11049343e+000
 2.85884931e+000 -1.96222076e+000 4.86600825e+000 6.82822900e+000
 2.89026524e+000 -4.90732976e+000 4.47594118e+000 9.38327094e+000
 2.92168117e+000 -5.91922210e+000 4.05146201e+000 9.97068411e+000
 2.95309709e+000 -5.46684611e+000 3.59120382e+000 9.05804993e+000
 2.98451302e+000 -4.15983023e+000 3.09378392e+000 7.25361415e+000
 3.01592895e+000 -2.60318184e+000 2.55780566e+000 5.16098750e+000
 3.04734487e+000 -1.26955589e+000 1.98186037e+000 3.25141626e+000
 3.07876080e+000 -4.15141595e-001 1.36452942e+000 1.77967101e+000
 3.11017673e+000 -5.49581297e-002 7.04386497e-001 7.59344627e-001
 3.14159265e+000 -3.94643047e-014 2.83382392e-015 4.22981286e-014
