 0.00000000e+000 0.00000000e+000 0.00000000e+000 0.00000000e+000
 3.14159265e-002 2.17884433e-002 3.24132214e-002 1.06247780e-002
 6.28318531e-002 5.16247370e-002 6.68623449e-002 1.52376079e-002
 9.42477796e-002 9.20368743e-002 1.03409224e-001 1.13723500e-002
 1.25663706e-001 1.38836646e-001 1.42115451e-001 3.27880489e-003
 1.57079633e-001 1.85095178e-001 1.83042214e-001 2.05296417e-003
 1.88495559e-001 2.27008378e-001 2.26250143e-001 7.58234713e-004
 2.19911486e-001 2.66925141e-001 2.71799158e-001 4.87401666e-003
 2.51327412e-001 3.11193593e-001 3.19748292e-001 8.55469954e-003
 2.82743339e-001 3.64719304e-001 3.70155520e-001 5.43621592e-003
 3.14159265e-001 4.26764617e-001 4.23077568e-001 3.68704871e-003
 3.45575192e-001 4.91430672e-001 4.78569719e-001 1.28609531e-002
 3.76991118e-001 5.52388112e-001 5.36685605e-001 1.57025068e-002
 4.08407045e-001 6.07954499e-001 5.97476992e-001 1.04775070e-002
 4.39822972e-001 6.62381286e-001 6.60993554e-001 1.38773199e-003
 4.71238898e-001 7.22360858e-001 7.27282634e-001 4.92177666e-003
 5.02654825e-001 7.91677149e-001 7.96388999e-001 4.71184961e-003
 5.34070751e-001 8.68389619e-001 8.68354578e-001 3.50407676e-005
 5.65486678e-001 9.46791735e-001 9.43218198e-001 3.57353693e-003
 5.96902604e-001 1.02243160e+000 1.02101530e+000 1.41630347e-003
 6.28318531e-001 1.09599277e+000 1.10177764e+000 5.78487582e-003
 6.59734457e-001 1.17283396e+000 1.18553302e+000 1.26990598e-002
 6.91150384e-001 1.25860978e+000 1.27230491e+000 1.36951318e-002
 7.22566310e-001 1.35462485e+000 1.36211218e+000 7.48733379e-003
 7.53982237e-001 1.45675475e+000 1.45496874e+000 1.78600669e-003
 7.85398163e-001 1.55878547e+000 1.55088320e+000 7.90227528e-003
 8.16814090e-001 1.65737517e+000 1.64985847e+000 7.51670506e-003
 8.48230016e-001 1.75454583e+000 1.75189144e+000 2.65439250e-003
 8.79645943e-001 1.85570986e+000 1.85697256e+000 1.26270105e-003
 9.11061870e-001 1.96495416e+000 1.96508546e+000 1.31301841e-004
 9.42477796e-001 2.08154698e+000 2.07620652e+000 5.34045745e-003
 9.73893723e-001 2.20056125e+000 2.19030447e+000 1.02567765e-002
 1.00530965e+000 2.31704723e+000 2.30733996e+000 9.70727361e-003
 1.03672558e+000 2.43023562e+000 2.42726507e+000 2.97055648e-003
 1.06814150e+000 2.54425712e+000 2.55002291e+000 5.76579155e-003
 1.09955743e+000 2.66479407e+000 2.67554714e+000 1.07530742e-002
 1.13097336e+000 2.79447101e+000 2.80376147e+000 9.29046849e-003
 1.16238928e+000 2.93081541e+000 2.93457919e+000 3.76377783e-003
 1.19380521e+000 3.06844368e+000 3.06790264e+000 5.41043879e-004
 1.22522113e+000 3.20358979e+000 3.20362276e+000 3.29620311e-005
 1.25663706e+000 3.33715804e+000 3.34161850e+000 4.46046485e-003
 1.28805299e+000 3.47375359e+000 3.48175637e+000 8.00277457e-003
 1.31946891e+000 3.61754040e+000 3.62388980e+000 6.34940858e-003
 1.35088484e+000 3.76844007e+000 3.76785871e+000 5.81355943e-004
 1.38230077e+000 3.92188730e+000 3.91348887e+000 8.39843508e-003
 1.41371669e+000 4.07235754e+000 4.06059136e+000 1.17661793e-002
 1.44513262e+000 4.21770785e+000 4.20896203e+000 8.74582455e-003
 1.47654855e+000 4.36069040e+000 4.35838090e+000 2.30950221e-003
 1.50796447e+000 4.50637970e+000 4.50861158e+000 2.23188533e-003
 1.53938040e+000 4.65769459e+000 4.65940072e+000 1.70613182e-003
 1.57079633e+000 4.81279623e+000 4.81047738e+000 2.31884566e-003
 1.60221225e+000 4.96655444e+000 4.96155248e+000 5.00196142e-003
 1.63362818e+000 5.11483147e+000 5.11231819e+000 2.51327696e-003
 1.66504411e+000 5.25793783e+000 5.26244735e+000 4.50951783e-003
 1.69646003e+000 5.40029891e+000 5.41159287e+000 1.12939663e-002
 1.72787596e+000 5.54656959e+000 5.55938719e+000 1.28175913e-002
 1.75929189e+000 5.69745547e+000 5.70544161e+000 7.98614025e-003
 1.79070781e+000 5.84878014e+000 5.84934583e+000 5.65692769e-004
 1.82212374e+000 5.99461778e+000 5.99066728e+000 3.95049747e-003
 1.85353967e+000 6.13186739e+000 6.12895062e+000 2.91677896e-003
 1.88495559e+000 6.26239527e+000 6.26371715e+000 1.32187914e-003
 1.91637152e+000 6.39090283e+000 6.39446431e+000 3.56148101e-003
 1.94778745e+000 6.52030282e+000 6.52066514e+000 3.62320098e-004
 1.97920337e+000 6.64854372e+000 6.64176775e+000 6.77596995e-003
 2.01061930e+000 6.76965019e+000 6.75719486e+000 1.24553308e-002
 2.04203522e+000 6.87818803e+000 6.86634331e+000 1.18447145e-002
 2.07345115e+000 6.97340840e+000 6.96858362e+000 4.82478326e-003
 2.10486708e+000 7.05951176e+000 7.06325955e+000 3.74779497e-003
 2.13628300e+000 7.14170647e+000 7.14968773e+000 7.98126293e-003
 2.16769893e+000 7.22132844e+000 7.22715726e+000 5.82881631e-003
 2.19911486e+000 7.29417378e+000 7.29492939e+000 7.55608066e-004
 2.23053078e+000 7.35354946e+000 7.35223721e+000 1.31224346e-003
 2.26194671e+000 7.39553421e+000 7.39828542e+000 2.75121389e-003
 2.29336264e+000 7.42195983e+000 7.43225005e+000 1.02902220e-002
 2.32477856e+000 7.43843505e+000 7.45327834e+000 1.48432873e-002
 2.35619449e+000 7.44891355e+000 7.46048854e+000 1.15749919e-002
 2.38761042e+000 7.45135467e+000 7.45296991e+000 1.61523587e-003
 2.41902634e+000 7.43828132e+000 7.42978262e+000 8.49869731e-003
 2.45044227e+000 7.40199088e+000 7.38995783e+000 1.20330489e-002
 2.48185820e+000 7.34015542e+000 7.33249776e+000 7.65765766e-003
 2.51327412e+000 7.25700754e+000 7.25637583e+000 6.31709226e-004
 2.54469005e+000 7.15887537e+000 7.16053693e+000 1.66155896e-003
 2.57610598e+000 7.04764516e+000 7.04389766e+000 3.74749699e-003
 2.60752190e+000 6.91772737e+000 6.90534676e+000 1.23806115e-002
 2.63893783e+000 6.75941177e+000 6.74374551e+000 1.56662602e-002
 2.67035376e+000 6.56615431e+000 6.55792832e+000 8.22599072e-003
 2.70176968e+000 6.33975836e+000 6.34670335e+000 6.94498587e-003
 2.73318561e+000 6.08877422e+000 6.10885319e+000 2.00789693e-002
 2.76460154e+000 5.82091652e+000 5.84313575e+000 2.22192247e-002
 2.79601746e+000 5.53551081e+000 5.54828513e+000 1.27743153e-002
 2.82743339e+000 5.22247295e+000 5.22301271e+000 5.39761871e-004
 2.85884931e+000 4.86930992e+000 4.86600825e+000 3.30167261e-003
 2.89026524e+000 4.47090145e+000 4.47594118e+000 5.03973533e-003
 2.92168117e+000 4.03390226e+000 4.05146201e+000 1.75597474e-002
 2.95309709e+000 3.57128760e+000 3.59120382e+000 1.99162159e-002
 2.98451302e+000 3.09040214e+000 3.09378392e+000 3.38177591e-003
 3.01592895e+000 2.58380737e+000 2.55780566e+000 2.60017085e-002
 3.04734487e+000 2.03124346e+000 1.98186037e+000 4.93830916e-002
 3.07876080e+000 1.41326950e+000 1.36452942e+000 4.87400803e-002
 3.11017673e+000 7.28131634e-001 7.04386497e-001 2.37451368e-002
 3.14159265e+000 1.55659139e-015 2.83382392e-015 1.27723253e-015
