 0.00000000e+000 0.00000000e+000 0.00000000e+000 0.00000000e+000
 3.14159265e-002 4.06414548e-002 3.24132214e-002 8.22823343e-003
 6.28318531e-002 7.88032925e-002 6.68623449e-002 1.19409476e-002
 9.42477796e-002 1.12829350e-001 1.03409224e-001 9.42012530e-003
 1.25663706e-001 1.42503436e-001 1.42115451e-001 3.87985161e-004
 1.57079633e-001 1.69300583e-001 1.83042214e-001 1.37416303e-002
 1.88495559e-001 1.96200834e-001 2.26250143e-001 3.00493091e-002
 2.19911486e-001 2.27097578e-001 2.71799158e-001 4.47015800e-002
 2.51327412e-001 2.65930746e-001 3.19748292e-001 5.38175462e-002
 2.82743339e-001 3.15745035e-001 3.70155520e-001 5.44104849e-002
 3.14159265e-001 3.77898069e-001 4.23077568e-001 4.51794990e-002
 3.45575192e-001 4.51616538e-001 4.78569719e-001 2.69531808e-002
 3.76991118e-001 5.34024821e-001 5.36685605e-001 2.66078393e-003
 4.08407045e-001 6.20665968e-001 5.97476992e-001 2.31889760e-002
 4.39822972e-001 7.06422124e-001 6.60993554e-001 4.54285698e-002
 4.71238898e-001 7.86645706e-001 7.27282634e-001 5.93630712e-002
 5.02654825e-001 8.58255999e-001 7.96388999e-001 6.18670003e-002
 5.34070751e-001 9.20552163e-001 8.68354578e-001 5.21975849e-002
 5.65486678e-001 9.75545472e-001 9.43218198e-001 3.23272744e-002
 5.96902604e-001 1.02771134e+000 1.02101530e+000 6.69604060e-003
 6.28318531e-001 1.08318518e+000 1.10177764e+000 1.85924679e-002
 6.59734457e-001 1.14854931e+000 1.18553302e+000 3.69837096e-002
 6.91150384e-001 1.22945397e+000 1.27230491e+000 4.28509329e-002
 7.22566310e-001 1.32936224e+000 1.36211218e+000 3.27499395e-002
 7.53982237e-001 1.44869458e+000 1.45496874e+000 6.27416289e-003
 7.85398163e-001 1.58457499e+000 1.55088320e+000 3.36917927e-002
 8.16814090e-001 1.73126057e+000 1.64985847e+000 8.14021065e-002
 8.48230016e-001 1.88119475e+000 1.75189144e+000 1.29303314e-001
 8.79645943e-001 2.02648988e+000 1.85697256e+000 1.69517320e-001
 9.11061870e-001 2.16054700e+000 1.96508546e+000 1.95461544e-001
 9.42477796e-001 2.27948031e+000 2.07620652e+000 2.03273792e-001
 9.73893723e-001 2.38304205e+000 2.19030447e+000 1.92737578e-001
 1.00530965e+000 2.47483612e+000 2.30733996e+000 1.67496167e-001
 1.03672558e+000 2.56174827e+000 2.42726507e+000 1.34483202e-001
 1.06814150e+000 2.65267974e+000 2.55002291e+000 1.02656824e-001
 1.09955743e+000 2.75681743e+000 2.67554714e+000 8.12702900e-002
 1.13097336e+000 2.88177628e+000 2.80376147e+000 7.80148085e-002
 1.16238928e+000 3.03198654e+000 2.93457919e+000 9.74073543e-002
 1.19380521e+000 3.20766096e+000 3.06790264e+000 1.39758320e-001
 1.22522113e+000 3.40456953e+000 3.20362276e+000 2.00946778e-001
 1.25663706e+000 3.61469349e+000 3.34161850e+000 2.73074987e-001
 1.28805299e+000 3.82765540e+000 3.48175637e+000 3.45899033e-001
 1.31946891e+000 4.03266375e+000 3.62388980e+000 4.08773950e-001
 1.35088484e+000 4.22060040e+000 3.76785871e+000 4.52741685e-001
 1.38230077e+000 4.38584078e+000 3.91348887e+000 4.72351908e-001
 1.41371669e+000 4.52743940e+000 4.06059136e+000 4.66848037e-001
 1.44513262e+000 4.64942923e+000 4.20896203e+000 4.40467197e-001
 1.47654855e+000 4.76015230e+000 4.35838090e+000 4.01771402e-001
 1.50796447e+000 4.87072716e+000 4.50861158e+000 3.62115583e-001
 1.53938040e+000 4.99293018e+000 4.65940072e+000 3.33529460e-001
 1.57079633e+000 5.13688800e+000 4.81047738e+000 3.26410617e-001
 1.60221225e+000 5.30902362e+000 4.96155248e+000 3.47471135e-001
 1.63362818e+000 5.51065811e+000 5.11231819e+000 3.98339917e-001
 1.66504411e+000 5.73755134e+000 5.26244735e+000 4.75103990e-001
 1.69646003e+000 5.98048961e+000 5.41159287e+000 5.68896738e-001
 1.72787596e+000 6.22682949e+000 5.55938719e+000 6.67442302e-001
 1.75929189e+000 6.46272297e+000 5.70544161e+000 7.57281359e-001
 1.79070781e+000 6.67561542e+000 5.84934583e+000 8.26269588e-001
 1.82212374e+000 6.85654960e+000 5.99066728e+000 8.65882320e-001
 1.85353967e+000 7.00183941e+000 6.12895062e+000 8.72888796e-001
 1.88495559e+000 7.11378921e+000 6.26371715e+000 8.50072062e-001
 1.91637152e+000 7.20030925e+000 6.39446431e+000 8.05844942e-001
 1.94778745e+000 7.27348153e+000 6.52066514e+000 7.52816390e-001
 1.97920337e+000 7.34732536e+000 6.64176775e+000 7.05557612e-001
 2.01061930e+000 7.43516235e+000 6.75719486e+000 6.77967491e-001
 2.04203522e+000 7.54705724e+000 6.86634331e+000 6.80713926e-001
 2.07345115e+000 7.68780131e+000 6.96858362e+000 7.19217686e-001
 2.10486708e+000 7.85580957e+000 7.06325955e+000 7.92550016e-001
 2.13628300e+000 8.04314010e+000 7.14968773e+000 8.93452367e-001
 2.16769893e+000 8.23664316e+000 7.22715726e+000 1.00948590e+000
 2.19911486e+000 8.42004595e+000 7.29492939e+000 1.12511657e+000
 2.23053078e+000 8.57661191e+000 7.35223721e+000 1.22437470e+000
 2.26194671e+000 8.69191139e+000 7.39828542e+000 1.29362597e+000
 2.29336264e+000 8.75622057e+000 7.43225005e+000 1.32397051e+000
 2.32477856e+000 8.76613045e+000 7.45327834e+000 1.31285211e+000
 2.35619449e+000 8.72508508e+000 7.46048854e+000 1.26459654e+000
 2.38761042e+000 8.64275287e+000 7.45296991e+000 1.18978297e+000
 2.41902634e+000 8.53333426e+000 7.42978262e+000 1.10355165e+000
 2.45044227e+000 8.41308835e+000 7.38995783e+000 1.02313052e+000
 2.48185820e+000 8.29749005e+000 7.33249776e+000 9.64992289e-001
 2.51327412e+000 8.19848722e+000 7.25637583e+000 9.42111390e-001
 2.54469005e+000 8.12230553e+000 7.16053693e+000 9.61768603e-001
 2.57610598e+000 8.06815336e+000 7.04389766e+000 1.02425570e+000
 2.60752190e+000 8.02802775e+000 6.90534676e+000 1.12268100e+000
 2.63893783e+000 7.98764155e+000 6.74374551e+000 1.24389605e+000
 2.67035376e+000 7.92831229e+000 6.55792832e+000 1.37038397e+000
 2.70176968e+000 7.82950456e+000 6.34670335e+000 1.48280122e+000
 2.73318561e+000 7.67162232e+000 6.10885319e+000 1.56276913e+000
 2.76460154e+000 7.43861986e+000 5.84313575e+000 1.59548412e+000
 2.79601746e+000 7.12004172e+000 5.54828513e+000 1.57175659e+000
 2.82743339e+000 6.71220390e+000 5.22301271e+000 1.48919119e+000
 2.85884931e+000 6.21837271e+000 4.86600825e+000 1.35236446e+000
 2.89026524e+000 5.64795907e+000 4.47594118e+000 1.17201788e+000
 2.92168117e+000 5.01489919e+000 4.05146201e+000 9.63437181e-001
 2.95309709e+000 4.33551336e+000 3.59120382e+000 7.44309539e-001
 2.98451302e+000 3.62620496e+000 3.09378392e+000 5.32421038e-001
 3.01592895e+000 2.90137334e+000 2.55780566e+000 3.43567684e-001
 3.04734487e+000 2.17186553e+000 1.98186037e+000 1.90005158e-001
 3.07876080e+000 1.44419328e+000 1.36452942e+000 7.96638612e-002
 3.11017673e+000 7.20610347e-001 7.04386497e-001 1.62238499e-002
 3.14159265e+000 2.76162952e-015 2.83382392e-015 7.21944053e-017
