 0.00000000e+000 0.00000000e+000 0.00000000e+000 0.00000000e+000
 3.14159265e-002 7.24088548e-002 3.24132214e-002 3.99956334e-002
 6.28318531e-002 1.44172856e-001 6.68623449e-002 7.73105115e-002
 9.42477796e-002 2.14669942e-001 1.03409224e-001 1.11260718e-001
 1.25663706e-001 2.83322997e-001 1.42115451e-001 1.41207546e-001
 1.57079633e-001 3.49620751e-001 1.83042214e-001 1.66578538e-001
 1.88495559e-001 4.13136847e-001 2.26250143e-001 1.86886703e-001
 2.19911486e-001 4.73546521e-001 2.71799158e-001 2.01747363e-001
 2.51327412e-001 5.30640450e-001 3.19748292e-001 2.10892158e-001
 2.82743339e-001 5.84335340e-001 3.70155520e-001 2.14179820e-001
 3.14159265e-001 6.34680972e-001 4.23077568e-001 2.11603403e-001
 3.45575192e-001 6.81863475e-001 4.78569719e-001 2.03293756e-001
 3.76991118e-001 7.26204719e-001 5.36685605e-001 1.89519114e-001
 4.08407045e-001 7.68157819e-001 5.97476992e-001 1.70680827e-001
 4.39822972e-001 8.08298845e-001 6.60993554e-001 1.47305291e-001
 4.71238898e-001 8.47314936e-001 7.27282634e-001 1.20032302e-001
 5.02654825e-001 8.85989124e-001 7.96388999e-001 8.96001252e-002
 5.34070751e-001 9.25182238e-001 8.68354578e-001 5.68276604e-002
 5.65486678e-001 9.65812378e-001 9.43218198e-001 2.25941805e-002
 5.96902604e-001 1.00883247e+000 1.02101530e+000 1.21828260e-002
 6.28318531e-001 1.05520653e+000 1.10177764e+000 4.65711168e-002
 6.59734457e-001 1.10588519e+000 1.18553302e+000 7.96478319e-002
 6.91150384e-001 1.16178125e+000 1.27230491e+000 1.10523654e-001
 7.22566310e-001 1.22374585e+000 1.36211218e+000 1.38366334e-001
 7.53982237e-001 1.29254580e+000 1.45496874e+000 1.62422941e-001
 7.85398163e-001 1.36884298e+000 1.55088320e+000 1.82040217e-001
 8.16814090e-001 1.45317599e+000 1.64985847e+000 1.96682473e-001
 8.48230016e-001 1.54594493e+000 1.75189144e+000 2.05946510e-001
 8.79645943e-001 1.64739941e+000 1.85697256e+000 2.09573152e-001
 9.11061870e-001 1.75763044e+000 1.96508546e+000 2.07455017e-001
 9.42477796e-001 1.87656621e+000 2.07620652e+000 1.99640312e-001
 9.73893723e-001 2.00397200e+000 2.19030447e+000 1.86332477e-001
 1.00530965e+000 2.13945428e+000 2.30733996e+000 1.67885678e-001
 1.03672558e+000 2.28246887e+000 2.42726507e+000 1.44796192e-001
 1.06814150e+000 2.43233301e+000 2.55002291e+000 1.17689903e-001
 1.09955743e+000 2.58824097e+000 2.67554714e+000 8.73061779e-002
 1.13097336e+000 2.74928294e+000 2.80376147e+000 5.44785389e-002
 1.16238928e+000 2.91446659e+000 2.93457919e+000 2.01125922e-002
 1.19380521e+000 3.08274085e+000 3.06790264e+000 1.48382054e-002
 1.22522113e+000 3.25302108e+000 3.20362276e+000 4.93983272e-002
 1.25663706e+000 3.42421533e+000 3.34161850e+000 8.25968255e-002
 1.28805299e+000 3.59525051e+000 3.48175637e+000 1.13494144e-001
 1.31946891e+000 3.76509818e+000 3.62388980e+000 1.41208372e-001
 1.35088484e+000 3.93279895e+000 3.76785871e+000 1.64940234e-001
 1.38230077e+000 4.09748498e+000 3.91348887e+000 1.83996108e-001
 1.41371669e+000 4.25839981e+000 4.06059136e+000 1.97808449e-001
 1.44513262e+000 4.41491504e+000 4.20896203e+000 2.05953009e-001
 1.47654855e+000 4.56654325e+000 4.35838090e+000 2.08162353e-001
 1.50796447e+000 4.71294683e+000 4.50861158e+000 2.04335252e-001
 1.53938040e+000 4.85394234e+000 4.65940072e+000 1.94541624e-001
 1.57079633e+000 4.98950022e+000 4.81047738e+000 1.79022834e-001
 1.60221225e+000 5.11973973e+000 4.96155248e+000 1.58187251e-001
 1.63362818e+000 5.24491930e+000 5.11231819e+000 1.32601108e-001
 1.66504411e+000 5.36542218e+000 5.26244735e+000 1.02974831e-001
 1.69646003e+000 5.48173799e+000 5.41159287e+000 7.01451121e-002
 1.72787596e+000 5.59444032e+000 5.55938719e+000 3.50531346e-002
 1.75929189e+000 5.70416108e+000 5.70544161e+000 1.28053936e-003
 1.79070781e+000 5.81156202e+000 5.84934583e+000 3.77838089e-002
 1.82212374e+000 5.91730437e+000 5.99066728e+000 7.33629120e-002
 1.85353967e+000 6.02201704e+000 6.12895062e+000 1.06933577e-001
 1.88495559e+000 6.12626451e+000 6.26371715e+000 1.37452635e-001
 1.91637152e+000 6.23051505e+000 6.39446431e+000 1.63949259e-001
 1.94778745e+000 6.33511018e+000 6.52066514e+000 1.85554962e-001
 1.97920337e+000 6.44023622e+000 6.64176775e+000 2.01531528e-001
 2.01061930e+000 6.54589880e+000 6.75719486e+000 2.11296056e-001
 2.04203522e+000 6.65190095e+000 6.86634331e+000 2.14442358e-001
 2.07345115e+000 6.75782559e+000 6.96858362e+000 2.10758028e-001
 2.10486708e+000 6.86302297e+000 7.06325955e+000 2.00236589e-001
 2.13628300e+000 6.96660352e+000 7.14968773e+000 1.83084215e-001
 2.16769893e+000 7.06743659e+000 7.22715726e+000 1.59720667e-001
 2.19911486e+000 7.16415518e+000 7.29492939e+000 1.30774202e-001
 2.23053078e+000 7.25516686e+000 7.35223721e+000 9.70703490e-002
 2.26194671e+000 7.33867082e+000 7.39828542e+000 5.96146015e-002
 2.29336264e+000 7.41268085e+000 7.43225005e+000 1.95692085e-002
 2.32477856e+000 7.47505393e+000 7.45327834e+000 2.17755973e-002
 2.35619449e+000 7.52352401e+000 7.46048854e+000 6.30354670e-002
 2.38761042e+000 7.55574020e+000 7.45296991e+000 1.02770297e-001
 2.41902634e+000 7.56930898e+000 7.42978262e+000 1.39526365e-001
 2.45044227e+000 7.56183925e+000 7.38995783e+000 1.71881419e-001
 2.48185820e+000 7.53098957e+000 7.33249776e+000 1.98491813e-001
 2.51327412e+000 7.47451655e+000 7.25637583e+000 2.18140711e-001
 2.54469005e+000 7.39032327e+000 7.16053693e+000 2.29786341e-001
 2.57610598e+000 7.27650692e+000 7.04389766e+000 2.32609262e-001
 2.60752190e+000 7.13140434e+000 6.90534676e+000 2.26057585e-001
 2.63893783e+000 6.95363467e+000 6.74374551e+000 2.09889159e-001
 2.67035376e+000 6.74213804e+000 6.55792832e+000 1.84209716e-001
 2.70176968e+000 6.49620945e+000 6.34670335e+000 1.49506101e-001
 2.73318561e+000 6.21552695e+000 6.10885319e+000 1.06673764e-001
 2.76460154e+000 5.90017356e+000 5.84313575e+000 5.70378119e-002
 2.79601746e+000 5.55065218e+000 5.54828513e+000 2.36704764e-003
 2.82743339e+000 5.16789327e+000 5.22301271e+000 5.51194390e-002
 2.85884931e+000 4.75325483e+000 4.86600825e+000 1.12753419e-001
 2.89026524e+000 4.30851465e+000 4.47594118e+000 1.67426529e-001
 2.92168117e+000 3.83585490e+000 4.05146201e+000 2.15607110e-001
 2.95309709e+000 3.33783915e+000 3.59120382e+000 2.53364668e-001
 2.98451302e+000 2.81738231e+000 3.09378392e+000 2.76401612e-001
 3.01592895e+000 2.27771391e+000 2.55780566e+000 2.80091751e-001
 3.04734487e+000 1.72233546e+000 1.98186037e+000 2.59524910e-001
 3.07876080e+000 1.15497254e+000 1.36452942e+000 2.09556877e-001
 3.11017673e+000 5.79522705e-001 7.04386497e-001 1.24863792e-001
 3.14159265e+000 1.63945259e-015 2.83382392e-015 1.19437133e-015
