 0.00000000e+000 0.00000000e+000 0.00000000e+000 0.00000000e+000
 3.14159265e-002 3.05451350e-002 3.24132214e-002 1.86808638e-003
 6.28318531e-002 6.29770999e-002 6.68623449e-002 3.88524500e-003
 9.42477796e-002 9.86976431e-002 1.03409224e-001 4.71158118e-003
 1.25663706e-001 1.38306769e-001 1.42115451e-001 3.80868257e-003
 1.57079633e-001 1.81560781e-001 1.83042214e-001 1.48143284e-003
 1.88495559e-001 2.27610587e-001 2.26250143e-001 1.36044403e-003
 2.19911486e-001 2.75424514e-001 2.71799158e-001 3.62535623e-003
 2.51327412e-001 3.24235941e-001 3.19748292e-001 4.48764853e-003
 2.82743339e-001 3.73852910e-001 3.70155520e-001 3.69739021e-003
 3.14159265e-001 4.24724498e-001 4.23077568e-001 1.64692940e-003
 3.45575192e-001 4.77754041e-001 4.78569719e-001 8.15677621e-004
 3.76991118e-001 5.33945276e-001 5.36685605e-001 2.74032953e-003
 4.08407045e-001 5.94027271e-001 5.97476992e-001 3.44972171e-003
 4.39822972e-001 6.58205871e-001 6.60993554e-001 2.78768304e-003
 4.71238898e-001 7.26133797e-001 7.27282634e-001 1.14883713e-003
 5.02654825e-001 7.97101850e-001 7.96388999e-001 7.12851376e-004
 5.34070751e-001 8.70365693e-001 8.68354578e-001 2.01111471e-003
 5.65486678e-001 9.45471095e-001 9.43218198e-001 2.25289675e-003
 5.96902604e-001 1.02244505e+000 1.02101530e+000 1.42974726e-003
 6.28318531e-001 1.10177791e+000 1.10177764e+000 2.62331211e-007
 6.59734457e-001 1.18420878e+000 1.18553302e+000 1.32423911e-003
 6.91150384e-001 1.27040714e+000 1.27230491e+000 1.89776556e-003
 7.22566310e-001 1.36068580e+000 1.36211218e+000 1.42638228e-003
 7.53982237e-001 1.45486650e+000 1.45496874e+000 1.02241922e-004
 7.85398163e-001 1.55235600e+000 1.55088320e+000 1.47280072e-003
 8.16814090e-001 1.65240245e+000 1.64985847e+000 2.54398338e-003
 8.48230016e-001 1.75442625e+000 1.75189144e+000 2.53481511e-003
 8.79645943e-001 1.85828609e+000 1.85697256e+000 1.31353415e-003
 9.11061870e-001 1.96436512e+000 1.96508546e+000 7.20338331e-004
 9.42477796e-001 2.07343398e+000 2.07620652e+000 2.77254369e-003
 9.73893723e-001 2.18633902e+000 2.19030447e+000 3.96545745e-003
 1.00530965e+000 2.30363794e+000 2.30733996e+000 3.70201608e-003
 1.03672558e+000 2.42533113e+000 2.42726507e+000 1.93393798e-003
 1.06814150e+000 2.55080320e+000 2.55002291e+000 7.80287798e-004
 1.09955743e+000 2.67900801e+000 2.67554714e+000 3.46086663e-003
 1.13097336e+000 2.80883303e+000 2.80376147e+000 5.07155121e-003
 1.16238928e+000 2.93950447e+000 2.93457919e+000 4.92527920e-003
 1.19380521e+000 3.07087336e+000 3.06790264e+000 2.97072013e-003
 1.22522113e+000 3.20346453e+000 3.20362276e+000 1.58224925e-004
 1.25663706e+000 3.33826063e+000 3.34161850e+000 3.35787203e-003
 1.28805299e+000 3.47629694e+000 3.48175637e+000 5.45943004e-003
 1.31946891e+000 3.61821906e+000 3.62388980e+000 5.67074066e-003
 1.35088484e+000 3.76397418e+000 3.76785871e+000 3.88453904e-003
 1.38230077e+000 3.91275794e+000 3.91348887e+000 7.30928935e-004
 1.41371669e+000 4.06324234e+000 4.06059136e+000 2.65097983e-003
 1.44513262e+000 4.21400040e+000 4.20896203e+000 5.03837502e-003
 1.47654855e+000 4.36396601e+000 4.35838090e+000 5.58510956e-003
 1.50796447e+000 4.51275106e+000 4.50861158e+000 4.13948153e-003
 1.53938040e+000 4.66069618e+000 4.65940072e+000 1.29545614e-003
 1.57079633e+000 4.80863382e+000 4.81047738e+000 1.84356130e-003
 1.60221225e+000 4.95745574e+000 4.96155248e+000 4.09674063e-003
 1.63362818e+000 5.10765389e+000 5.11231819e+000 4.66430338e-003
 1.66504411e+000 5.25901571e+000 5.26244735e+000 3.43163724e-003
 1.69646003e+000 5.41059443e+000 5.41159287e+000 9.98445915e-004
 1.72787596e+000 5.56096581e+000 5.55938719e+000 1.57862242e-003
 1.75929189e+000 5.70866797e+000 5.70544161e+000 3.22635315e-003
 1.79070781e+000 5.85264562e+000 5.84934583e+000 3.29978661e-003
 1.82212374e+000 5.99251616e+000 5.99066728e+000 1.84887698e-003
 1.85353967e+000 6.12854511e+000 6.12895062e+000 4.05505604e-004
 1.88495559e+000 6.26133604e+000 6.26371715e+000 2.38110551e-003
 1.91637152e+000 6.39135866e+000 6.39446431e+000 3.10565447e-003
 1.94778745e+000 6.51850994e+000 6.52066514e+000 2.15520164e-003
 1.97920337e+000 6.64189638e+000 6.64176775e+000 1.28627796e-004
 2.01061930e+000 6.75994036e+000 6.75719486e+000 2.74549457e-003
 2.04203522e+000 6.87078226e+000 6.86634331e+000 4.43894680e-003
 2.07345115e+000 6.97282399e+000 6.96858362e+000 4.24036443e-003
 2.10486708e+000 7.06519077e+000 7.06325955e+000 1.93121480e-003
 2.13628300e+000 7.14790817e+000 7.14968773e+000 1.77955965e-003
 2.16769893e+000 7.22169616e+000 7.22715726e+000 5.46110105e-003
 2.19911486e+000 7.28743455e+000 7.29492939e+000 7.49483568e-003
 2.23053078e+000 7.34549469e+000 7.35223721e+000 6.74251853e-003
 2.26194671e+000 7.39520287e+000 7.39828542e+000 3.08255307e-003
 2.29336264e+000 7.43466885e+000 7.43225005e+000 2.41879749e-003
 2.32477856e+000 7.46108384e+000 7.45327834e+000 7.80550672e-003
 2.35619449e+000 7.47141082e+000 7.46048854e+000 1.09222819e-002
 2.38761042e+000 7.46322609e+000 7.45296991e+000 1.02561809e-002
 2.41902634e+000 7.43538961e+000 7.42978262e+000 5.60698787e-003
 2.45044227e+000 7.38826219e+000 7.38995783e+000 1.69564102e-003
 2.48185820e+000 7.32334236e+000 7.33249776e+000 9.15540075e-003
 2.51327412e+000 7.24241288e+000 7.25637583e+000 1.39629584e-002
 2.54469005e+000 7.14648621e+000 7.16053693e+000 1.40507203e-002
 2.57610598e+000 7.03494088e+000 7.04389766e+000 8.95678194e-003
 2.60752190e+000 6.90519982e+000 6.90534676e+000 1.46938677e-004
 2.63893783e+000 6.75312232e+000 6.74374551e+000 9.37681155e-003
 2.67035376e+000 6.57402115e+000 6.55792832e+000 1.60928223e-002
 2.70176968e+000 6.36396881e+000 6.34670335e+000 1.72654639e-002
 2.73318561e+000 6.12091713e+000 6.10885319e+000 1.20639400e-002
 2.76460154e+000 5.84518288e+000 5.84313575e+000 2.04713878e-003
 2.79601746e+000 5.53905296e+000 5.54828513e+000 9.23216689e-003
 2.82743339e+000 5.20557357e+000 5.22301271e+000 1.74391419e-002
 2.85884931e+000 4.84690449e+000 4.86600825e+000 1.91037539e-002
 2.89026524e+000 4.46282572e+000 4.47594118e+000 1.31154572e-002
 2.92168117e+000 4.04999637e+000 4.05146201e+000 1.46564372e-003
 2.95309709e+000 3.60236573e+000 3.59120382e+000 1.11619138e-002
 2.98451302e+000 3.11277740e+000 3.09378392e+000 1.89934854e-002
 3.01592895e+000 2.57540294e+000 2.55780566e+000 1.75972809e-002
 3.04734487e+000 1.98832756e+000 1.98186037e+000 6.46718753e-003
 3.07876080e+000 1.35549733e+000 1.36452942e+000 9.03208811e-003
 3.11017673e+000 6.87374481e-001 7.04386497e-001 1.70120165e-002
 3.14159265e+000 3.30370316e-015 2.83382392e-015 4.69879240e-016
