 0.00000000e+000 0.00000000e+000 0.00000000e+000 0.00000000e+000
 3.14159265e-002 4.43494357e-001 3.24132214e-002 4.11081136e-001
 6.28318531e-002 4.76069839e-001 6.68623449e-002 4.09207494e-001
 9.42477796e-002 -2.60379094e-001 1.03409224e-001 3.63788318e-001
 1.25663706e-001 -2.02485363e+000 1.42115451e-001 2.16696908e+000
 1.57079633e-001 -4.94324394e+000 1.83042214e-001 5.12628615e+000
 1.88495559e-001 -8.99093327e+000 2.26250143e-001 9.21718341e+000
 2.19911486e-001 -1.39943899e+001 2.71799158e-001 1.42661891e+001
 2.51327412e-001 -1.96518796e+001 3.19748292e-001 1.99716279e+001
 2.82743339e-001 -2.55711460e+001 3.70155520e-001 2.59413015e+001
 3.14159265e-001 -3.13198406e+001 4.23077568e-001 3.17429181e+001
 3.45575192e-001 -3.64828751e+001 4.78569719e-001 3.69614448e+001
 3.76991118e-001 -4.07199076e+001 5.36685605e-001 4.12565932e+001
 4.08407045e-001 -4.38159757e+001 5.97476992e-001 4.44134527e+001
 4.39822972e-001 -4.57188981e+001 6.60993554e-001 4.63798917e+001
 4.71238898e-001 -4.65584164e+001 7.27282634e-001 4.72856990e+001
 5.02654825e-001 -4.66440125e+001 7.96388999e-001 4.74404015e+001
 5.34070751e-001 -4.64407048e+001 8.68354578e-001 4.73090594e+001
 5.65486678e-001 -4.65246340e+001 9.43218198e-001 4.74678522e+001
 5.96902604e-001 -4.75226338e+001 1.02101530e+000 4.85436491e+001
 6.28318531e-001 -5.00419576e+001 1.10177764e+000 5.11437353e+001
 6.59734457e-001 -5.45976847e+001 1.18553302e+000 5.57832177e+001
 6.91150384e-001 -6.15458792e+001 1.27230491e+000 6.28181841e+001
 7.22566310e-001 -7.10302486e+001 1.36211218e+000 7.23923608e+001
 7.53982237e-001 -8.29488512e+001 1.45496874e+000 8.44038199e+001
 7.85398163e-001 -9.69454464e+001 1.55088320e+000 9.84963296e+001
 8.16814090e-001 -1.12427552e+002 1.64985847e+000 1.14077411e+002
 8.48230016e-001 -1.28610439e+002 1.75189144e+000 1.30362330e+002
 8.79645943e-001 -1.44583442e+002 1.85697256e+000 1.46440415e+002
 9.11061870e-001 -1.59392424e+002 1.96508546e+000 1.61357509e+002
 9.42477796e-001 -1.72130255e+002 2.07620652e+000 1.74206461e+002
 9.73893723e-001 -1.82026032e+002 2.19030447e+000 1.84216336e+002
 1.00530965e+000 -1.88523564e+002 2.30733996e+000 1.90830904e+002
 1.03672558e+000 -1.91340482e+002 2.42726507e+000 1.93767747e+002
 1.06814150e+000 -1.90501116e+002 2.55002291e+000 1.93051139e+002
 1.09955743e+000 -1.86338862e+002 2.67554714e+000 1.89014409e+002
 1.13097336e+000 -1.79466881e+002 2.80376147e+000 1.82270643e+002
 1.16238928e+000 -1.70719325e+002 2.93457919e+000 1.73653904e+002
 1.19380521e+000 -1.61068516e+002 3.06790264e+000 1.64136418e+002
 1.22522113e+000 -1.51526258e+002 3.20362276e+000 1.54729881e+002
 1.25663706e+000 -1.43039432e+002 3.34161850e+000 1.46381051e+002
 1.28805299e+000 -1.36390958e+002 3.48175637e+000 1.39872714e+002
 1.31946891e+000 -1.32117037e+002 3.62388980e+000 1.35740927e+002
 1.35088484e+000 -1.30450154e+002 3.76785871e+000 1.34218013e+002
 1.38230077e+000 -1.31294882e+002 3.91348887e+000 1.35208371e+002
 1.41371669e+000 -1.34240208e+002 4.06059136e+000 1.38300800e+002
 1.44513262e+000 -1.38608237e+002 4.20896203e+000 1.42817199e+002
 1.47654855e+000 -1.43535137e+002 4.35838090e+000 1.47893518e+002
 1.50796447e+000 -1.48076464e+002 4.50861158e+000 1.52585076e+002
 1.53938040e+000 -1.51325920e+002 4.65940072e+000 1.55985321e+002
 1.57079633e+000 -1.52534612e+002 4.81047738e+000 1.57345089e+002
 1.60221225e+000 -1.51217106e+002 4.96155248e+000 1.56178658e+002
 1.63362818e+000 -1.47231280e+002 5.11231819e+000 1.52343598e+002
 1.66504411e+000 -1.40821068e+002 5.26244735e+000 1.46083516e+002
 1.69646003e+000 -1.32614589e+002 5.41159287e+000 1.38026182e+002
 1.72787596e+000 -1.23574494e+002 5.55938719e+000 1.29133881e+002
 1.75929189e+000 -1.14902329e+002 5.70544161e+000 1.20607771e+002
 1.79070781e+000 -1.07903765e+002 5.84934583e+000 1.13753111e+002
 1.82212374e+000 -1.03826171e+002 5.99066728e+000 1.09816838e+002
 1.85353967e+000 -1.03683795e+002 6.12895062e+000 1.09812746e+002
 1.88495559e+000 -1.08088212e+002 6.26371715e+000 1.14351929e+002
 1.91637152e+000 -1.17102516e+002 6.39446431e+000 1.23496980e+002
 1.94778745e+000 -1.30136705e+002 6.52066514e+000 1.36657370e+002
 1.97920337e+000 -1.45898915e+002 6.64176775e+000 1.52540683e+002
 2.01061930e+000 -1.62412713e+002 6.75719486e+000 1.69169908e+002
 2.04203522e+000 -1.77104963e+002 6.86634331e+000 1.83971306e+002
 2.07345115e+000 -1.86962290e+002 6.96858362e+000 1.93930874e+002
 2.10486708e+000 -1.88747473e+002 7.06325955e+000 1.95810732e+002
 2.13628300e+000 -1.79260786e+002 7.14968773e+000 1.86410473e+002
 2.16769893e+000 -1.55626118e+002 7.22715726e+000 1.62853275e+002
 2.19911486e+000 -1.15577993e+002 7.29492939e+000 1.22872922e+002
 2.23053078e+000 -5.77239788e+001 7.35223721e+000 6.50762160e+001
 2.26194671e+000 1.82424554e+001 7.39828542e+000 1.08441699e+001
 2.29336264e+000 1.11400681e+002 7.43225005e+000 1.03968431e+002
 2.32477856e+000 2.19550283e+002 7.45327834e+000 2.12097005e+002
 2.35619449e+000 3.39257311e+002 7.46048854e+000 3.31796822e+002
 2.38761042e+000 4.66001603e+002 7.45296991e+000 4.58548633e+002
 2.41902634e+000 5.94418831e+002 7.42978262e+000 5.86989048e+002
 2.45044227e+000 7.18622468e+002 7.38995783e+000 7.11232510e+002
 2.48185820e+000 8.32583452e+002 7.33249776e+000 8.25250954e+002
 2.51327412e+000 9.30539468e+002 7.25637583e+000 9.23283092e+002
 2.54469005e+000 1.00740215e+003 7.16053693e+000 1.00024161e+003
 2.57610598e+000 1.05912950e+003 7.04389766e+000 1.05208560e+003
 2.60752190e+000 1.08303248e+003 6.90534676e+000 1.07612714e+003
 2.63893783e+000 1.07798932e+003 6.74374551e+000 1.07124558e+003
 2.67035376e+000 1.04454767e+003 6.55792832e+000 1.03798974e+003
 2.70176968e+000 9.84903674e+002 6.34670335e+000 9.78556971e+002
 2.73318561e+000 9.02756650e+002 6.10885319e+000 8.96647797e+002
 2.76460154e+000 8.03048393e+002 5.84313575e+000 7.97205258e+002
 2.79601746e+000 6.91605669e+002 5.54828513e+000 6.86057384e+002
 2.82743339e+000 5.74712809e+002 5.22301271e+000 5.69489796e+002
 2.85884931e+000 4.58647472e+002 4.86600825e+000 4.53781464e+002
 2.89026524e+000 3.49216183e+002 4.47594118e+000 3.44740242e+002
 2.92168117e+000 2.51326751e+002 4.05146201e+000 2.47275289e+002
 2.95309709e+000 1.68632138e+002 3.59120382e+000 1.65040934e+002
 2.98451302e+000 1.03274825e+002 3.09378392e+000 1.00181041e+002
 3.01592895e+000 5.57527978e+001 2.55780566e+000 5.31949922e+001
 3.04734487e+000 2.49184452e+001 1.98186037e+000 2.29365848e+001
 3.07876080e+000 8.11086648e+000 1.36452942e+000 6.74633706e+000
 3.11017673e+000 1.41114181e+000 7.04386497e-001 7.06755315e-001
 3.14159265e+000 4.93651199e-014 2.83382392e-015 4.65312960e-014
