 0.00000000e+000 0.00000000e+000 0.00000000e+000 0.00000000e+000
 3.14159265e-002 1.12008379e-001 3.24132214e-002 7.95951577e-002
 6.28318531e-002 1.89235989e-001 6.68623449e-002 1.22373644e-001
 9.42477796e-002 2.17519808e-001 1.03409224e-001 1.14110584e-001
 1.25663706e-001 2.10308351e-001 1.42115451e-001 6.81928999e-002
 1.57079633e-001 1.98053335e-001 1.83042214e-001 1.50111213e-002
 1.88495559e-001 2.08191154e-001 2.26250143e-001 1.80589888e-002
 2.19911486e-001 2.49757113e-001 2.71799158e-001 2.20420449e-002
 2.51327412e-001 3.12273023e-001 3.19748292e-001 7.47526882e-003
 2.82743339e-001 3.77652196e-001 3.70155520e-001 7.49667545e-003
 3.14159265e-001 4.34826663e-001 4.23077568e-001 1.17490943e-002
 3.45575192e-001 4.86105848e-001 4.78569719e-001 7.53612907e-003
 3.76991118e-001 5.41770174e-001 5.36685605e-001 5.08456891e-003
 4.08407045e-001 6.08788948e-001 5.97476992e-001 1.13119555e-002
 4.39822972e-001 6.83543124e-001 6.60993554e-001 2.25495698e-002
 4.71238898e-001 7.54389842e-001 7.27282634e-001 2.71072072e-002
 5.02654825e-001 8.11568193e-001 7.96388999e-001 1.51791939e-002
 5.34070751e-001 8.56131618e-001 8.68354578e-001 1.22229597e-002
 5.65486678e-001 9.00692905e-001 9.43218198e-001 4.25252933e-002
 5.96902604e-001 9.61473175e-001 1.02101530e+000 5.95421234e-002
 6.28318531e-001 1.04784278e+000 1.10177764e+000 5.39348660e-002
 6.59734457e-001 1.15701138e+000 1.18553302e+000 2.85216377e-002
 6.91150384e-001 1.27703284e+000 1.27230491e+000 4.72793187e-003
 7.22566310e-001 1.39485052e+000 1.36211218e+000 3.27383390e-002
 7.53982237e-001 1.50293787e+000 1.45496874e+000 4.79691227e-002
 7.85398163e-001 1.60033639e+000 1.55088320e+000 4.94531952e-002
 8.16814090e-001 1.68913610e+000 1.64985847e+000 3.92776360e-002
 8.48230016e-001 1.77101553e+000 1.75189144e+000 1.91240928e-002
 8.79645943e-001 1.84748300e+000 1.85697256e+000 9.48955641e-003
 9.11061870e-001 1.92316406e+000 1.96508546e+000 4.19213980e-002
 9.42477796e-001 2.00793590e+000 2.07620652e+000 6.82706243e-002
 9.73893723e-001 2.11421533e+000 2.19030447e+000 7.60891479e-002
 1.00530965e+000 2.24992712e+000 2.30733996e+000 5.74128405e-002
 1.03672558e+000 2.41196426e+000 2.42726507e+000 1.53008076e-002
 1.06814150e+000 2.58548912e+000 2.55002291e+000 3.54662059e-002
 1.09955743e+000 2.75051544e+000 2.67554714e+000 7.49682941e-002
 1.13097336e+000 2.89189232e+000 2.80376147e+000 8.81308428e-002
 1.16238928e+000 3.00632619e+000 2.93457919e+000 7.17470061e-002
 1.19380521e+000 3.10235871e+000 3.06790264e+000 3.44560747e-002
 1.22522113e+000 3.19433687e+000 3.20362276e+000 9.28588115e-003
 1.25663706e+000 3.29525111e+000 3.34161850e+000 4.63673984e-002
 1.28805299e+000 3.41301890e+000 3.48175637e+000 6.87374609e-002
 1.31946891e+000 3.55104728e+000 3.62388980e+000 7.28425201e-002
 1.35088484e+000 3.71020489e+000 3.76785871e+000 5.76538237e-002
 1.38230077e+000 3.88887206e+000 3.91348887e+000 2.46168146e-002
 1.41371669e+000 4.08067589e+000 4.06059136e+000 2.00845325e-002
 1.44513262e+000 4.27292378e+000 4.20896203e+000 6.39617469e-002
 1.47654855e+000 4.44923943e+000 4.35838090e+000 9.08585349e-002
 1.50796447e+000 4.59669885e+000 4.50861158e+000 8.80872679e-002
 1.53938040e+000 4.71346948e+000 4.65940072e+000 5.40687575e-002
 1.57079633e+000 4.81139859e+000 4.81047738e+000 9.21207512e-004
 1.60221225e+000 4.91089043e+000 4.96155248e+000 5.06620526e-002
 1.63362818e+000 5.03075888e+000 5.11231819e+000 8.15593110e-002
 1.66504411e+000 5.17936682e+000 5.26244735e+000 8.30805259e-002
 1.69646003e+000 5.35234765e+000 5.41159287e+000 5.92452230e-002
 1.72787596e+000 5.53734486e+000 5.55938719e+000 2.20423231e-002
 1.75929189e+000 5.72138914e+000 5.70544161e+000 1.59475249e-002
 1.79070781e+000 5.89552201e+000 5.84934583e+000 4.61761802e-002
 1.82212374e+000 6.05459439e+000 5.99066728e+000 6.39271050e-002
 1.85353967e+000 6.19471895e+000 6.12895062e+000 6.57683317e-002
 1.88495559e+000 6.31260871e+000 6.26371715e+000 4.88915685e-002
 1.91637152e+000 6.40851682e+000 6.39446431e+000 1.40525139e-002
 1.94778745e+000 6.49008478e+000 6.52066514e+000 3.05803595e-002
 1.97920337e+000 6.57229307e+000 6.64176775e+000 6.94746754e-002
 2.01061930e+000 6.67118963e+000 6.75719486e+000 8.60052292e-002
 2.04203522e+000 6.79439518e+000 6.86634331e+000 7.19481350e-002
 2.07345115e+000 6.93504164e+000 6.96858362e+000 3.35419773e-002
 2.10486708e+000 7.07430932e+000 7.06325955e+000 1.10497684e-002
 2.13628300e+000 7.19175121e+000 7.14968773e+000 4.20634816e-002
 2.16769893e+000 7.27666013e+000 7.22715726e+000 4.95028764e-002
 2.19911486e+000 7.33266428e+000 7.29492939e+000 3.77348977e-002
 2.23053078e+000 7.37262727e+000 7.35223721e+000 2.03900620e-002
 2.26194671e+000 7.40808430e+000 7.39828542e+000 9.79887905e-003
 2.29336264e+000 7.44125576e+000 7.43225005e+000 9.00570906e-003
 2.32477856e+000 7.46516628e+000 7.45327834e+000 1.18879473e-002
 2.35619449e+000 7.47069373e+000 7.46048854e+000 1.02051866e-002
 2.38761042e+000 7.45401021e+000 7.45296991e+000 1.04030560e-003
 2.41902634e+000 7.41821480e+000 7.42978262e+000 1.15678214e-002
 2.45044227e+000 7.36853139e+000 7.38995783e+000 2.14264443e-002
 2.48185820e+000 7.30632374e+000 7.33249776e+000 2.61740250e-002
 2.51327412e+000 7.22813024e+000 7.25637583e+000 2.82455921e-002
 2.54469005e+000 7.13095607e+000 7.16053693e+000 2.95808644e-002
 2.57610598e+000 7.01847943e+000 7.04389766e+000 2.54182329e-002
 2.60752190e+000 6.90071867e+000 6.90534676e+000 4.62808337e-003
 2.63893783e+000 6.78466017e+000 6.74374551e+000 4.09146635e-002
 2.67035376e+000 6.66184884e+000 6.55792832e+000 1.03920518e-001
 2.70176968e+000 6.50382908e+000 6.34670335e+000 1.57125736e-001
 2.73318561e+000 6.27259593e+000 6.10885319e+000 1.63742745e-001
 2.76460154e+000 5.94254515e+000 5.84313575e+000 9.94094013e-002
 2.79601746e+000 5.52047357e+000 5.54828513e+000 2.78115625e-002
 2.82743339e+000 5.04899706e+000 5.22301271e+000 1.74015652e-001
 2.85884931e+000 4.58829722e+000 4.86600825e+000 2.77711030e-001
 2.89026524e+000 4.18529421e+000 4.47594118e+000 2.90646974e-001
 2.92168117e+000 3.84821063e+000 4.05146201e+000 2.03251380e-001
 2.95309709e+000 3.54157139e+000 3.59120382e+000 4.96324249e-002
 2.98451302e+000 3.20390998e+000 3.09378392e+000 1.10126062e-001
 3.01592895e+000 2.77677663e+000 2.55780566e+000 2.18970972e-001
 3.04734487e+000 2.22837339e+000 1.98186037e+000 2.46513020e-001
 3.07876080e+000 1.56109832e+000 1.36452942e+000 1.96568901e-001
 3.11017673e+000 8.04048091e-001 7.04386497e-001 9.96615942e-002
 3.14159265e+000 4.07694935e-015 2.83382392e-015 1.24312543e-015
