 0.00000000e+000 0.00000000e+000 0.00000000e+000 0.00000000e+000
 3.14159265e-002 -1.85129150e+000 3.24132214e-002 1.88370472e+000
 6.28318531e-002 -1.28560095e+001 6.68623449e-002 1.29228718e+001
 9.42477796e-002 -3.39725912e+001 1.03409224e-001 3.40760005e+001
 1.25663706e-001 -5.59871889e+001 1.42115451e-001 5.61293044e+001
 1.57079633e-001 -6.56186164e+001 1.83042214e-001 6.58016586e+001
 1.88495559e-001 -5.57702879e+001 2.26250143e-001 5.59965381e+001
 2.19911486e-001 -3.26791113e+001 2.71799158e-001 3.29509104e+001
 2.51327412e-001 -1.42674067e+001 3.19748292e-001 1.45871550e+001
 2.82743339e-001 -1.96507644e+001 3.70155520e-001 2.00209199e+001
 3.14159265e-001 -5.59372699e+001 4.23077568e-001 5.63603475e+001
 3.45575192e-001 -1.11048211e+002 4.78569719e-001 1.11526780e+002
 3.76991118e-001 -1.58272277e+002 5.36685605e-001 1.58808963e+002
 4.08407045e-001 -1.71147209e+002 5.97476992e-001 1.71744686e+002
 4.39822972e-001 -1.40336888e+002 6.60993554e-001 1.40997882e+002
 4.71238898e-001 -8.19337175e+001 7.27282634e-001 8.26610002e+001
 5.02654825e-001 -3.09115982e+001 7.96388999e-001 3.17079872e+001
 5.34070751e-001 -2.21311778e+001 8.68354578e-001 2.29995324e+001
 5.65486678e-001 -6.92840184e+001 9.43218198e-001 7.02272366e+001
 5.96902604e-001 -1.54431096e+002 1.02101530e+000 1.55452111e+002
 6.28318531e-001 -2.35483774e+002 1.10177764e+000 2.36585551e+002
 6.59734457e-001 -2.68752724e+002 1.18553302e+000 2.69938257e+002
 6.91150384e-001 -2.34398551e+002 1.27230491e+000 2.35670855e+002
 7.22566310e-001 -1.49934717e+002 1.36211218e+000 1.51296829e+002
 7.53982237e-001 -6.29232191e+001 1.45496874e+000 6.43781878e+001
 7.85398163e-001 -2.56612862e+001 1.55088320e+000 2.72121694e+001
 8.16814090e-001 -6.54169652e+001 1.64985847e+000 6.70668236e+001
 8.48230016e-001 -1.67221623e+002 1.75189144e+000 1.68973514e+002
 8.79645943e-001 -2.79923149e+002 1.85697256e+000 2.81780122e+002
 9.11061870e-001 -3.43311986e+002 1.96508546e+000 3.45277072e+002
 9.42477796e-001 -3.21840163e+002 2.07620652e+000 3.23916370e+002
 9.73893723e-001 -2.25939889e+002 2.19030447e+000 2.28130193e+002
 1.00530965e+000 -1.08186839e+002 2.30733996e+000 1.10494179e+002
 1.03672558e+000 -3.54041369e+001 2.42726507e+000 3.78314020e+001
 1.06814150e+000 -5.15931103e+001 2.55002291e+000 5.41431332e+001
 1.09955743e+000 -1.52375195e+002 2.67554714e+000 1.55050742e+002
 1.13097336e+000 -2.85820997e+002 2.80376147e+000 2.88624759e+002
 1.16238928e+000 -3.80058812e+002 2.93457919e+000 3.82993391e+002
 1.19380521e+000 -3.82893623e+002 3.06790264e+000 3.85961526e+002
 1.22522113e+000 -2.91452024e+002 3.20362276e+000 2.94655646e+002
 1.25663706e+000 -1.54922793e+002 3.34161850e+000 1.58264412e+002
 1.28805299e+000 -4.82271072e+001 3.48175637e+000 5.17088636e+001
 1.31946891e+000 -3.07778875e+001 3.62388980e+000 3.44017773e+001
 1.35088484e+000 -1.13159306e+002 3.76785871e+000 1.16927164e+002
 1.38230077e+000 -2.50518003e+002 3.91348887e+000 2.54431492e+002
 1.41371669e+000 -3.66763880e+002 4.06059136e+000 3.70824471e+002
 1.44513262e+000 -3.96455112e+002 4.20896203e+000 4.00664074e+002
 1.47654855e+000 -3.21167891e+002 4.35838090e+000 3.25526272e+002
 1.50796447e+000 -1.79994088e+002 4.50861158e+000 1.84502699e+002
 1.53938040e+000 -4.81112821e+001 4.65940072e+000 5.27706828e+001
 1.57079633e+000 4.81047738e+000 4.81047738e+000 3.43874262e-010
 1.60221225e+000 -4.67428627e+001 4.96155248e+000 5.17044152e+001
 1.63362818e+000 -1.69982227e+002 5.11231819e+000 1.75094545e+002
 1.66504411e+000 -2.92085876e+002 5.26244735e+000 2.97348324e+002
 1.69646003e+000 -3.40692602e+002 5.41159287e+000 3.46104194e+002
 1.72787596e+000 -2.84001844e+002 5.55938719e+000 2.89561231e+002
 1.75929189e+000 -1.48116120e+002 5.70544161e+000 1.53821561e+002
 1.79070781e+000 -2.04366411e+000 5.84934583e+000 7.89300994e+000
 1.82212374e+000 8.10975839e+001 5.99066728e+000 7.51069166e+001
 1.85353967e+000 6.48576148e+001 6.12895062e+000 5.87286642e+001
 1.88495559e+000 -3.05908987e+001 6.26371715e+000 3.68546158e+001
 1.91637152e+000 -1.40317204e+002 6.39446431e+000 1.46711669e+002
 1.94778745e+000 -1.91402724e+002 6.52066514e+000 1.97923389e+002
 1.97920337e+000 -1.43788172e+002 6.64176775e+000 1.50429939e+002
 2.01061930e+000 -1.22471397e+001 6.75719486e+000 1.90043345e+001
 2.04203522e+000 1.42674563e+002 6.86634331e+000 1.35808219e+002
 2.07345115e+000 2.49368754e+002 6.96858362e+000 2.42400170e+002
 2.10486708e+000 2.65754787e+002 7.06325955e+000 2.58691528e+002
 2.13628300e+000 2.02828596e+002 7.14968773e+000 1.95678908e+002
 2.16769893e+000 1.18023067e+002 7.22715726e+000 1.10795910e+002
 2.19911486e+000 8.23382717e+001 7.29492939e+000 7.50433423e+001
 2.23053078e+000 1.39964607e+002 7.35223721e+000 1.32612370e+002
 2.26194671e+000 2.83257637e+002 7.39828542e+000 2.75859351e+002
 2.29336264e+000 4.57174936e+002 7.43225005e+000 4.49742686e+002
 2.32477856e+000 5.90643590e+002 7.45327834e+000 5.83190312e+002
 2.35619449e+000 6.37168937e+002 7.46048854e+000 6.29708448e+002
 2.38761042e+000 6.01797170e+002 7.45296991e+000 5.94344200e+002
 2.41902634e+000 5.39158788e+002 7.42978262e+000 5.31729006e+002
 2.45044227e+000 5.23443453e+002 7.38995783e+000 5.16053495e+002
 2.48185820e+000 6.06800749e+002 7.33249776e+000 5.99468251e+002
 2.51327412e+000 7.89183339e+002 7.25637583e+000 7.81926963e+002
 2.54469005e+000 1.01651366e+003 7.16053693e+000 1.00935312e+003
 2.57610598e+000 1.20869623e+003 7.04389766e+000 1.20165233e+003
 2.60752190e+000 1.30281951e+003 6.90534676e+000 1.29591417e+003
 2.63893783e+000 1.28860597e+003 6.74374551e+000 1.28186223e+003
 2.67035376e+000 1.21708781e+003 6.55792832e+000 1.21052988e+003
 2.70176968e+000 1.17733587e+003 6.34670335e+000 1.17098916e+003
 2.73318561e+000 1.25241843e+003 6.10885319e+000 1.24630958e+003
 2.76460154e+000 1.47614490e+003 5.84313575e+000 1.47030176e+003
 2.79601746e+000 1.81152168e+003 5.54828513e+000 1.80597340e+003
 2.82743339e+000 2.16103256e+003 5.22301271e+000 2.15580955e+003
 2.85884931e+000 2.40372830e+003 4.86600825e+000 2.39886229e+003
 2.89026524e+000 2.44224305e+003 4.47594118e+000 2.43776711e+003
 2.92168117e+000 2.23956022e+003 4.05146201e+000 2.23550876e+003
 2.95309709e+000 1.83127536e+003 3.59120382e+000 1.82768416e+003
 2.98451302e+000 1.31046479e+003 3.09378392e+000 1.30737100e+003
 3.01592895e+000 7.93311040e+002 2.55780566e+000 7.90753235e+002
 3.04734487e+000 3.79728076e+002 1.98186037e+000 3.77746216e+002
 3.07876080e+000 1.22863311e+002 1.36452942e+000 1.21498781e+002
 3.11017673e+000 1.61762987e+001 7.04386497e-001 1.54719122e+001
 3.14159265e+000 -7.56410128e-013 2.83382392e-015 7.59243952e-013
