 0.00000000e+000 0.00000000e+000 0.00000000e+000 0.00000000e+000
 3.14159265e-002 3.35456421e-002 3.24132214e-002 1.13242074e-003
 6.28318531e-002 6.76398777e-002 6.68623449e-002 7.77532756e-004
 9.42477796e-002 1.03007198e-001 1.03409224e-001 4.02026069e-004
 1.25663706e-001 1.40537326e-001 1.42115451e-001 1.57812560e-003
 1.57079633e-001 1.81040811e-001 1.83042214e-001 2.00140226e-003
 1.88495559e-001 2.24907687e-001 2.26250143e-001 1.34245603e-003
 2.19911486e-001 2.71906653e-001 2.71799158e-001 1.07494753e-004
 2.51327412e-001 3.21303231e-001 3.19748292e-001 1.55493871e-003
 2.82743339e-001 3.72284103e-001 3.70155520e-001 2.12858296e-003
 3.14159265e-001 4.24469341e-001 4.23077568e-001 1.39177260e-003
 3.45575192e-001 4.78209909e-001 4.78569719e-001 3.59810151e-004
 3.76991118e-001 5.34470151e-001 5.36685605e-001 2.21545376e-003
 4.08407045e-001 5.94333461e-001 5.97476992e-001 3.14353125e-003
 4.39822972e-001 6.58403098e-001 6.60993554e-001 2.59045669e-003
 4.71238898e-001 7.26452319e-001 7.27282634e-001 8.30315549e-004
 5.02654825e-001 7.97547989e-001 7.96388999e-001 1.15899011e-003
 5.34070751e-001 8.70597508e-001 8.68354578e-001 2.24293026e-003
 5.65486678e-001 9.45010940e-001 9.43218198e-001 1.79274224e-003
 5.96902604e-001 1.02108695e+000 1.02101530e+000 7.16506736e-005
 6.28318531e-001 1.09988119e+000 1.10177764e+000 1.89645103e-003
 6.59734457e-001 1.18261771e+000 1.18553302e+000 2.91530289e-003
 6.91150384e-001 1.26998061e+000 1.27230491e+000 2.32430004e-003
 7.22566310e-001 1.36170627e+000 1.36211218e+000 4.05906025e-004
 7.53982237e-001 1.45672909e+000 1.45496874e+000 1.76034448e-003
 7.85398163e-001 1.55380811e+000 1.55088320e+000 2.92491524e-003
 8.16814090e-001 1.65227118e+000 1.64985847e+000 2.41271737e-003
 8.48230016e-001 1.75243204e+000 1.75189144e+000 5.40599026e-004
 8.79645943e-001 1.85542100e+000 1.85697256e+000 1.55155529e-003
 9.11061870e-001 1.96251632e+000 1.96508546e+000 2.56914334e-003
 9.42477796e-001 2.07436620e+000 2.07620652e+000 1.84032396e-003
 9.73893723e-001 2.19056797e+000 2.19030447e+000 2.63491424e-004
 1.00530965e+000 2.30986677e+000 2.30733996e+000 2.52681197e-003
 1.03672558e+000 2.43086923e+000 2.42726507e+000 3.60416265e-003
 1.06814150e+000 2.55285349e+000 2.55002291e+000 2.83057449e-003
 1.09955743e+000 2.67618797e+000 2.67554714e+000 6.40823158e-004
 1.13097336e+000 2.80209509e+000 2.80376147e+000 1.66638712e-003
 1.16238928e+000 2.93188543e+000 2.93457919e+000 2.69376136e-003
 1.19380521e+000 3.06611177e+000 3.06790264e+000 1.79086967e-003
 1.22522113e+000 3.20415318e+000 3.20362276e+000 5.30426148e-004
 1.25663706e+000 3.34449286e+000 3.34161850e+000 2.87435411e-003
 1.28805299e+000 3.48554060e+000 3.48175637e+000 3.78423230e-003
 1.31946891e+000 3.62651634e+000 3.62388980e+000 2.62653907e-003
 1.35088484e+000 3.76786009e+000 3.76785871e+000 1.37684825e-006
 1.38230077e+000 3.91090481e+000 3.91348887e+000 2.58405502e-003
 1.41371669e+000 4.05698800e+000 4.06059136e+000 3.60336036e-003
 1.44513262e+000 4.20652339e+000 4.20896203e+000 2.43864226e-003
 1.47654855e+000 4.35859507e+000 4.35838090e+000 2.14173107e-004
 1.50796447e+000 4.51133727e+000 4.50861158e+000 2.72568737e-003
 1.53938040e+000 4.66289496e+000 4.65940072e+000 3.49424304e-003
 1.57079633e+000 4.81240120e+000 4.81047738e+000 1.92381656e-003
 1.60221225e+000 4.96037745e+000 4.96155248e+000 1.17502959e-003
 1.63362818e+000 5.10829282e+000 5.11231819e+000 4.02536789e-003
 1.66504411e+000 5.25751887e+000 5.26244735e+000 4.92847510e-003
 1.69646003e+000 5.40829232e+000 5.41159287e+000 3.30055050e-003
 1.72787596e+000 5.55931580e+000 5.55938719e+000 7.13809604e-005
 1.75929189e+000 5.70826365e+000 5.70544161e+000 2.82203333e-003
 1.79070781e+000 5.85292098e+000 5.84934583e+000 3.57514921e-003
 1.82212374e+000 5.99228946e+000 5.99066728e+000 1.62218324e-003
 1.85353967e+000 6.12698629e+000 6.12895062e+000 1.96432601e-003
 1.88495559e+000 6.25866385e+000 6.26371715e+000 5.05329601e-003
 1.91637152e+000 6.38875974e+000 6.39446431e+000 5.70456761e-003
 1.94778745e+000 6.51730596e+000 6.52066514e+000 3.35917455e-003
 1.97920337e+000 6.64252238e+000 6.64176775e+000 7.54629473e-004
 2.01061930e+000 6.76147696e+000 6.75719486e+000 4.28209495e-003
 2.04203522e+000 6.87146223e+000 6.86634331e+000 5.11891300e-003
 2.07345115e+000 6.97128748e+000 6.96858362e+000 2.70385957e-003
 2.10486708e+000 7.06169894e+000 7.06325955e+000 1.56061150e-003
 2.13628300e+000 7.14462916e+000 7.14968773e+000 5.05857274e-003
 2.16769893e+000 7.22166984e+000 7.22715726e+000 5.48741629e-003
 2.19911486e+000 7.29265175e+000 7.29492939e+000 2.27763895e-003
 2.23053078e+000 7.35519660e+000 7.35223721e+000 2.95938736e-003
 2.26194671e+000 7.40556542e+000 7.39828542e+000 7.28000348e-003
 2.29336264e+000 7.44036324e+000 7.43225005e+000 8.11318886e-003
 2.32477856e+000 7.45811941e+000 7.45327834e+000 4.84107463e-003
 2.35619449e+000 7.45978195e+000 7.46048854e+000 7.06590027e-004
 2.38761042e+000 7.44776200e+000 7.45296991e+000 5.20790341e-003
 2.41902634e+000 7.42401493e+000 7.42978262e+000 5.76769058e-003
 2.45044227e+000 7.38825322e+000 7.38995783e+000 1.70461662e-003
 2.48185820e+000 7.33737578e+000 7.33249776e+000 4.87801572e-003
 2.51327412e+000 7.26653814e+000 7.25637583e+000 1.01623089e-002
 2.54469005e+000 7.17133292e+000 7.16053693e+000 1.07959891e-002
 2.57610598e+000 7.04984965e+000 7.04389766e+000 5.95198896e-003
 2.60752190e+000 6.90337028e+000 6.90534676e+000 1.97647687e-003
 2.63893783e+000 6.73518238e+000 6.74374551e+000 8.56312912e-003
 2.67035376e+000 6.54807665e+000 6.55792832e+000 9.85167239e-003
 2.70176968e+000 6.34192118e+000 6.34670335e+000 4.78217225e-003
 2.73318561e+000 6.11276777e+000 6.10885319e+000 3.91457843e-003
 2.76460154e+000 5.85415374e+000 5.84313575e+000 1.10179913e-002
 2.79601746e+000 5.56001679e+000 5.54828513e+000 1.17316565e-002
 2.82743339e+000 5.22763543e+000 5.22301271e+000 4.62272435e-003
 2.85884931e+000 4.85884678e+000 4.86600825e+000 7.16146775e-003
 2.89026524e+000 4.45864037e+000 4.47594118e+000 1.73008142e-002
 2.92168117e+000 4.03167928e+000 4.05146201e+000 1.97827335e-002
 2.95309709e+000 3.57858185e+000 3.59120382e+000 1.26219715e-002
 2.98451302e+000 3.09417128e+000 3.09378392e+000 3.87359767e-004
 3.01592895e+000 2.56907976e+000 2.55780566e+000 1.12740987e-002
 3.04734487e+000 1.99442935e+000 1.98186037e+000 1.25689781e-002
 3.07876080e+000 1.36763654e+000 1.36452942e+000 3.10712172e-003
 3.11017673e+000 6.96589790e-001 7.04386497e-001 7.79670684e-003
 3.14159265e+000 3.34835419e-015 2.83382392e-015 5.14530269e-016
