 0.00000000e+000 0.00000000e+000 0.00000000e+000 0.00000000e+000
 3.14159265e-002 5.56582258e-001 3.24132214e-002 5.24169037e-001
 6.28318531e-002 3.85433761e+000 6.68623449e-002 3.78747527e+000
 9.42477796e-002 1.02992474e+001 1.03409224e-001 1.01958382e+001
 1.25663706e-001 1.72418680e+001 1.42115451e-001 1.70997525e+001
 1.57079633e-001 2.04254207e+001 1.83042214e-001 2.02423784e+001
 1.88495559e-001 1.67171632e+001 2.26250143e-001 1.64909131e+001
 2.19911486e-001 6.35546725e+000 2.71799158e-001 6.08366809e+000
 2.51327412e-001 -6.79841765e+000 3.19748292e-001 7.11816594e+000
 2.82743339e-001 -1.72643353e+001 3.70155520e-001 1.76344908e+001
 3.14159265e-001 -2.10090422e+001 4.23077568e-001 2.14321198e+001
 3.45575192e-001 -1.76602470e+001 4.78569719e-001 1.81388167e+001
 3.76991118e-001 -1.04556664e+001 5.36685605e-001 1.09923520e+001
 4.08407045e-001 -3.94455275e+000 5.97476992e-001 4.54202975e+000
 4.39822972e-001 -9.20928790e-001 6.60993554e-001 1.58192234e+000
 4.71238898e-001 -6.12982302e-001 7.27282634e-001 1.34026494e+000
 5.02654825e-001 6.07018712e-001 7.96388999e-001 1.89370287e-001
 5.34070751e-001 6.35406134e+000 8.68354578e-001 5.48570676e+000
 5.65486678e-001 1.70402059e+001 9.43218198e-001 1.60969877e+001
 5.96902604e-001 2.85584678e+001 1.02101530e+000 2.75374525e+001
 6.28318531e-001 3.39809858e+001 1.10177764e+000 3.28792082e+001
 6.59734457e-001 2.75351463e+001 1.18553302e+000 2.63496133e+001
 6.91150384e-001 8.57094246e+000 1.27230491e+000 7.29863755e+000
 7.22566310e-001 -1.69873438e+001 1.36211218e+000 1.83494560e+001
 7.53982237e-001 -3.88793134e+001 1.45496874e+000 4.03342822e+001
 7.85398163e-001 -4.74596606e+001 1.55088320e+000 4.90105438e+001
 8.16814090e-001 -3.86952750e+001 1.64985847e+000 4.03451335e+001
 8.48230016e-001 -1.63667129e+001 1.75189144e+000 1.81186044e+001
 8.79645943e-001 9.85361594e+000 1.85697256e+000 7.99664338e+000
 9.11061870e-001 2.94221585e+001 1.96508546e+000 2.74570731e+001
 9.42477796e-001 3.62170322e+001 2.07620652e+000 3.41408256e+001
 9.73893723e-001 3.11183622e+001 2.19030447e+000 2.89280578e+001
 1.00530965e+000 2.05039390e+001 2.30733996e+000 1.81965991e+001
 1.03672558e+000 1.17244840e+001 2.42726507e+000 9.29721890e+000
 1.06814150e+000 8.41754180e+000 2.55002291e+000 5.86751889e+000
 1.09955743e+000 8.57127506e+000 2.67554714e+000 5.89572791e+000
 1.13097336e+000 6.50708382e+000 2.80376147e+000 3.70332234e+000
 1.16238928e+000 -2.53487694e+000 2.93457919e+000 5.46945613e+000
 1.19380521e+000 -1.82175665e+001 3.06790264e+000 2.12854691e+001
 1.22522113e+000 -3.41732592e+001 3.20362276e+000 3.73768820e+001
 1.25663706e+000 -4.11687254e+001 3.34161850e+000 4.45103439e+001
 1.28805299e+000 -3.26229151e+001 3.48175637e+000 3.61046715e+001
 1.31946891e+000 -9.12523780e+000 3.62388980e+000 1.27491276e+001
 1.35088484e+000 2.09611653e+001 3.76785871e+000 1.71933066e+001
 1.38230077e+000 4.54426993e+001 3.91348887e+000 4.15292104e+001
 1.41371669e+000 5.46409726e+001 4.06059136e+000 5.05803812e+001
 1.44513262e+000 4.64424768e+001 4.20896203e+000 4.22335147e+001
 1.47654855e+000 2.70346045e+001 4.35838090e+000 2.26762236e+001
 1.50796447e+000 6.87973393e+000 4.50861158e+000 2.37112235e+000
 1.53938040e+000 -5.60344741e+000 4.65940072e+000 1.02628481e+001
 1.57079633e+000 -8.73289851e+000 4.81047738e+000 1.35433759e+001
 1.60221225e+000 -7.69250331e+000 4.96155248e+000 1.26540558e+001
 1.63362818e+000 -1.00355536e+001 5.11231819e+000 1.51478718e+001
 1.66504411e+000 -1.95119948e+001 5.26244735e+000 2.47744421e+001
 1.69646003e+000 -3.23894800e+001 5.41159287e+000 3.78010729e+001
 1.72787596e+000 -3.89900590e+001 5.55938719e+000 4.45494462e+001
 1.75929189e+000 -2.98367149e+001 5.70544161e+000 3.55421565e+001
 1.79070781e+000 -2.64671972e+000 5.84934583e+000 8.49606555e+000
 1.82212374e+000 3.45021469e+001 5.99066728e+000 2.85114796e+001
 1.85353967e+000 6.64014103e+001 6.12895062e+000 6.02724597e+001
 1.88495559e+000 7.89142829e+001 6.26371715e+000 7.26505657e+001
 1.91637152e+000 6.72974465e+001 6.39446431e+000 6.09029821e+001
 1.94778745e+000 3.92248933e+001 6.52066514e+000 3.27042282e+001
 1.97920337e+000 1.00549983e+001 6.64176775e+000 3.41323053e+000
 2.01061930e+000 -7.20622536e+000 6.75719486e+000 1.39634202e+001
 2.04203522e+000 -1.09375394e+001 6.86634331e+000 1.78038827e+001
 2.07345115e+000 -1.24914105e+001 6.96858362e+000 1.94599942e+001
 2.10486708e+000 -2.80677467e+001 7.06325955e+000 3.51310063e+001
 2.13628300e+000 -6.49322724e+001 7.14968773e+000 7.20819601e+001
 2.16769893e+000 -1.10716245e+002 7.22715726e+000 1.17943402e+002
 2.19911486e+000 -1.34254548e+002 7.29492939e+000 1.41549477e+002
 2.23053078e+000 -1.00541963e+002 7.35223721e+000 1.07894200e+002
 2.26194671e+000 6.30752174e+000 7.39828542e+000 1.09076368e+000
 2.29336264e+000 1.64770138e+002 7.43225005e+000 1.57337888e+002
 2.32477856e+000 3.14972182e+002 7.45327834e+000 3.07518904e+002
 2.35619449e+000 3.80117236e+002 7.46048854e+000 3.72656748e+002
 2.38761042e+000 3.03226588e+002 7.45296991e+000 2.95773619e+002
 2.41902634e+000 8.19860601e+001 7.42978262e+000 7.45562775e+001
 2.45044227e+000 -2.17638277e+002 7.38995783e+000 2.25028234e+002
 2.48185820e+000 -4.80102284e+002 7.33249776e+000 4.87434782e+002
 2.51327412e+000 -5.86915024e+002 7.25637583e+000 5.94171400e+002
 2.54469005e+000 -4.71627510e+002 7.16053693e+000 4.78788047e+002
 2.57610598e+000 -1.56894485e+002 7.04389766e+000 1.63938382e+002
 2.60752190e+000 2.46486393e+002 6.90534676e+000 2.39581046e+002
 2.63893783e+000 5.81603392e+002 6.74374551e+000 5.74859647e+002
 2.67035376e+000 7.11597867e+002 6.55792832e+000 7.05039939e+002
 2.70176968e+000 5.80176847e+002 6.34670335e+000 5.73830144e+002
 2.73318561e+000 2.37900072e+002 6.10885319e+000 2.31791219e+002
 2.76460154e+000 -1.78943071e+002 5.84313575e+000 1.84786207e+002
 2.79601746e+000 -5.07686698e+002 5.54828513e+000 5.13234983e+002
 2.82743339e+000 -6.29359334e+002 5.22301271e+000 6.34582346e+002
 2.85884931e+000 -5.16913544e+002 4.86600825e+000 5.21779552e+002
 2.89026524e+000 -2.39958842e+002 4.47594118e+000 2.44434783e+002
 2.92168117e+000 7.42330153e+001 4.05146201e+000 7.01815533e+001
 2.95309709e+000 3.02558825e+002 3.59120382e+000 2.98967621e+002
 2.98451302e+000 3.79695059e+002 3.09378392e+000 3.76601276e+002
 3.01592895e+000 3.18186783e+002 2.55780566e+000 3.15628977e+002
 3.04734487e+000 1.88071341e+002 1.98186037e+000 1.86089480e+002
 3.07876080e+000 7.02457510e+001 1.36452942e+000 6.88812215e+001
 3.11017673e+000 1.06130863e+001 7.04386497e-001 9.90869985e+000
 3.14159265e+000 7.69668038e-013 2.83382392e-015 7.66834214e-013
