 0.00000000e+000 0.00000000e+000 0.00000000e+000 0.00000000e+000
 3.14159265e-002 3.19830024e-002 3.24132214e-002 4.30219017e-004
 6.28318531e-002 6.58352650e-002 6.68623449e-002 1.02707993e-003
 9.42477796e-002 1.02589174e-001 1.03409224e-001 8.20050517e-004
 1.25663706e-001 1.42176933e-001 1.42115451e-001 6.14812682e-005
 1.57079633e-001 1.83883704e-001 1.83042214e-001 8.41490739e-004
 1.88495559e-001 2.27135047e-001 2.26250143e-001 8.84903348e-004
 2.19911486e-001 2.72021451e-001 2.71799158e-001 2.22293147e-004
 2.51327412e-001 3.19210360e-001 3.19748292e-001 5.37931773e-004
 2.82743339e-001 3.69392833e-001 3.70155520e-001 7.62686902e-004
 3.14159265e-001 4.22758289e-001 4.23077568e-001 3.19279315e-004
 3.45575192e-001 4.78923802e-001 4.78569719e-001 3.54083057e-004
 3.76991118e-001 5.37342469e-001 5.36685605e-001 6.56863850e-004
 4.08407045e-001 5.97820829e-001 5.97476992e-001 3.43836181e-004
 4.39822972e-001 6.60707509e-001 6.60993554e-001 2.86045034e-004
 4.71238898e-001 7.26612309e-001 7.27282634e-001 6.70325408e-004
 5.02654825e-001 7.95914221e-001 7.96388999e-001 4.74777892e-004
 5.34070751e-001 8.68482722e-001 8.68354578e-001 1.28143522e-004
 5.65486678e-001 9.43840115e-001 9.43218198e-001 6.21916628e-004
 5.96902604e-001 1.02161172e+000 1.02101530e+000 5.96421709e-004
 6.28318531e-001 1.10187166e+000 1.10177764e+000 9.40120062e-005
 6.59734457e-001 1.18509223e+000 1.18553302e+000 4.40786784e-004
 6.91150384e-001 1.27175057e+000 1.27230491e+000 5.54341751e-004
 7.22566310e-001 1.36193769e+000 1.36211218e+000 1.74486594e-004
 7.53982237e-001 1.45530605e+000 1.45496874e+000 3.37301565e-004
 7.85398163e-001 1.55139436e+000 1.55088320e+000 5.11167718e-004
 8.16814090e-001 1.65004308e+000 1.64985847e+000 1.84615586e-004
 8.48230016e-001 1.75153787e+000 1.75189144e+000 3.53566944e-004
 8.79645943e-001 1.85635682e+000 1.85697256e+000 6.15741864e-004
 9.11061870e-001 1.96474090e+000 1.96508546e+000 3.44557479e-004
 9.42477796e-001 2.07646112e+000 2.07620652e+000 2.54603847e-004
 9.73893723e-001 2.19098660e+000 2.19030447e+000 6.82125973e-004
 1.00530965e+000 2.30791132e+000 2.30733996e+000 5.71362115e-004
 1.03672558e+000 2.42727198e+000 2.42726507e+000 6.91183016e-006
 1.06814150e+000 2.54948022e+000 2.55002291e+000 5.42688428e-004
 1.09955743e+000 2.67492354e+000 2.67554714e+000 6.23599968e-004
 1.13097336e+000 2.80357613e+000 2.80376147e+000 1.85344273e-004
 1.16238928e+000 2.93495578e+000 2.93457919e+000 3.76591403e-004
 1.19380521e+000 3.06846689e+000 3.06790264e+000 5.64248750e-004
 1.22522113e+000 3.20383528e+000 3.20362276e+000 2.12526736e-004
 1.25663706e+000 3.34125681e+000 3.34161850e+000 3.61690444e-004
 1.28805299e+000 3.48112479e+000 3.48175637e+000 6.31575972e-004
 1.31946891e+000 3.62356589e+000 3.62388980e+000 3.23910919e-004
 1.35088484e+000 3.76818636e+000 3.76785871e+000 3.27643949e-004
 1.38230077e+000 3.91425647e+000 3.91348887e+000 7.67599172e-004
 1.41371669e+000 4.06118492e+000 4.06059136e+000 5.93563439e-004
 1.44513262e+000 4.20887744e+000 4.20896203e+000 8.45933110e-005
 1.47654855e+000 4.35766241e+000 4.35838090e+000 7.18482169e-004
 1.50796447e+000 4.50783334e+000 4.50861158e+000 7.78242501e-004
 1.53938040e+000 4.65919204e+000 4.65940072e+000 2.08677617e-004
 1.57079633e+000 4.81098841e+000 4.81047738e+000 5.11029495e-004
 1.60221225e+000 4.96232045e+000 4.96155248e+000 7.67966479e-004
 1.63362818e+000 5.11266113e+000 5.11231819e+000 3.42940377e-004
 1.66504411e+000 5.26205769e+000 5.26244735e+000 3.89660143e-004
 1.69646003e+000 5.41081870e+000 5.41159287e+000 7.74174285e-004
 1.72787596e+000 5.55894403e+000 5.55938719e+000 4.43150902e-004
 1.75929189e+000 5.70578628e+000 5.70544161e+000 3.44667195e-004
 1.79070781e+000 5.85024944e+000 5.84934583e+000 9.03602800e-004
 1.82212374e+000 5.99137388e+000 5.99066728e+000 7.06601186e-004
 1.85353967e+000 6.12881230e+000 6.12895062e+000 1.38311045e-004
 1.88495559e+000 6.26277324e+000 6.26371715e+000 9.43902149e-004
 1.91637152e+000 6.39345355e+000 6.39446431e+000 1.01075631e-003
 1.94778745e+000 6.52042816e+000 6.52066514e+000 2.36980437e-004
 1.97920337e+000 6.64252698e+000 6.64176775e+000 7.59230245e-004
 2.01061930e+000 6.75833214e+000 6.75719486e+000 1.13727727e-003
 2.04203522e+000 6.86689545e+000 6.86634331e+000 5.52134217e-004
 2.07345115e+000 6.96806291e+000 6.96858362e+000 5.20706669e-004
 2.10486708e+000 7.06210148e+000 7.06325955e+000 1.15807878e-003
 2.13628300e+000 7.14891395e+000 7.14968773e+000 7.73777784e-004
 2.16769893e+000 7.22750379e+000 7.22715726e+000 3.46529946e-004
 2.19911486e+000 7.29617268e+000 7.29492939e+000 1.24329248e-003
 2.23053078e+000 7.35332423e+000 7.35223721e+000 1.08702247e-003
 2.26194671e+000 7.39820873e+000 7.39828542e+000 7.66911184e-005
 2.29336264e+000 7.43095057e+000 7.43225005e+000 1.29948729e-003
 2.32477856e+000 7.45178139e+000 7.45327834e+000 1.49694381e-003
 2.35619449e+000 7.46009157e+000 7.46048854e+000 3.96967067e-004
 2.38761042e+000 7.45411884e+000 7.45296991e+000 1.14893831e-003
 2.41902634e+000 7.43160038e+000 7.42978262e+000 1.81776186e-003
 2.45044227e+000 7.39089817e+000 7.38995783e+000 9.40337702e-004
 2.48185820e+000 7.33165137e+000 7.33249776e+000 8.46389575e-004
 2.51327412e+000 7.25433920e+000 7.25637583e+000 2.03663341e-003
 2.54469005e+000 7.15903449e+000 7.16053693e+000 1.50243795e-003
 2.57610598e+000 7.04436324e+000 7.04389766e+000 4.65579476e-004
 2.60752190e+000 6.90760672e+000 6.90534676e+000 2.25996733e-003
 2.63893783e+000 6.74598040e+000 6.74374551e+000 2.23489507e-003
 2.67035376e+000 6.55809759e+000 6.55792832e+000 1.69266351e-004
 2.70176968e+000 6.34435074e+000 6.34670335e+000 2.35260629e-003
 2.73318561e+000 6.10573882e+000 6.10885319e+000 3.11437121e-003
 2.76460154e+000 5.84197013e+000 5.84313575e+000 1.16561171e-003
 2.79601746e+000 5.55041601e+000 5.54828513e+000 2.13088375e-003
 2.82743339e+000 5.22697039e+000 5.22301271e+000 3.95768525e-003
 2.85884931e+000 4.86836261e+000 4.86600825e+000 2.35436443e-003
 2.89026524e+000 4.47412412e+000 4.47594118e+000 1.81705930e-003
 2.92168117e+000 4.04639161e+000 4.05146201e+000 5.07040051e-003
 2.95309709e+000 3.58726288e+000 3.59120382e+000 3.94093784e-003
 2.98451302e+000 3.09548999e+000 3.09378392e+000 1.70607287e-003
 3.01592895e+000 2.56530397e+000 2.55780566e+000 7.49830677e-003
 3.04734487e+000 1.98914360e+000 1.98186037e+000 7.28323332e-003
 3.07876080e+000 1.36348158e+000 1.36452942e+000 1.04783980e-003
 3.11017673e+000 6.94515484e-001 7.04386497e-001 9.87101355e-003
 3.14159265e+000 3.32376238e-015 2.83382392e-015 4.89938452e-016
