 0.00000000e+000 0.00000000e+000 0.00000000e+000 0.00000000e+000
 3.14159265e-002 -9.01626383e-001 3.24132214e-002 9.34039604e-001
 6.28318531e-002 -6.63367856e+000 6.68623449e-002 6.70054090e+000
 9.42477796e-002 -1.94047263e+001 1.03409224e-001 1.95081356e+001
 1.25663706e-001 -3.73431679e+001 1.42115451e-001 3.74852833e+001
 1.57079633e-001 -5.48803324e+001 1.83042214e-001 5.50633746e+001
 1.88495559e-001 -6.48786449e+001 2.26250143e-001 6.51048950e+001
 2.19911486e-001 -6.16611147e+001 2.71799158e-001 6.19329139e+001
 2.51327412e-001 -4.36853238e+001 3.19748292e-001 4.40050721e+001
 2.82743339e-001 -1.47019038e+001 3.70155520e-001 1.50720593e+001
 3.14159265e-001 1.71840357e+001 4.23077568e-001 1.67609581e+001
 3.45575192e-001 4.22933838e+001 4.78569719e-001 4.18148140e+001
 3.76991118e-001 5.29772764e+001 5.36685605e-001 5.24405908e+001
 4.08407045e-001 4.66471574e+001 5.97476992e-001 4.60496804e+001
 4.39822972e-001 2.69992180e+001 6.60993554e-001 2.63382244e+001
 4.71238898e-001 2.86405777e+000 7.27282634e-001 2.13677514e+000
 5.02654825e-001 -1.49778660e+001 7.96388999e-001 1.57742550e+001
 5.34070751e-001 -1.78688607e+001 8.68354578e-001 1.87372153e+001
 5.65486678e-001 -2.70548347e+000 9.43218198e-001 3.64870167e+000
 5.96902604e-001 2.66013221e+001 1.02101530e+000 2.55803068e+001
 6.28318531e-001 6.02509492e+001 1.10177764e+000 5.91491716e+001
 6.59734457e-001 8.59085873e+001 1.18553302e+000 8.47230543e+001
 6.91150384e-001 9.30870573e+001 1.27230491e+000 9.18147524e+001
 7.22566310e-001 7.69460501e+001 1.36211218e+000 7.55839379e+001
 7.53982237e-001 4.01011940e+001 1.45496874e+000 3.86462252e+001
 7.85398163e-001 -8.22855885e+000 1.55088320e+000 9.77944205e+000
 8.16814090e-001 -5.54136277e+001 1.64985847e+000 5.70634862e+001
 8.48230016e-001 -8.97530474e+001 1.75189144e+000 9.15049388e+001
 8.79645943e-001 -1.04349254e+002 1.85697256e+000 1.06206226e+002
 9.11061870e-001 -9.91036879e+001 1.96508546e+000 1.01068773e+002
 9.42477796e-001 -8.01514646e+001 2.07620652e+000 8.22276711e+001
 9.73893723e-001 -5.70387335e+001 2.19030447e+000 5.92290379e+001
 1.00530965e+000 -3.88024040e+001 2.30733996e+000 4.11097439e+001
 1.03672558e+000 -3.05077001e+001 2.42726507e+000 3.29349652e+001
 1.06814150e+000 -3.15834767e+001 2.55002291e+000 3.41334996e+001
 1.09955743e+000 -3.65565624e+001 2.67554714e+000 3.92321096e+001
 1.13097336e+000 -3.78180784e+001 2.80376147e+000 4.06218399e+001
 1.16238928e+000 -2.92407973e+001 2.93457919e+000 3.21753765e+001
 1.19380521e+000 -9.13086863e+000 3.06790264e+000 1.21987713e+001
 1.22522113e+000 1.87253862e+001 3.20362276e+000 1.55217635e+001
 1.25663706e+000 4.63770363e+001 3.34161850e+000 4.30354178e+001
 1.28805299e+000 6.48689051e+001 3.48175637e+000 6.13871487e+001
 1.31946891e+000 6.79534911e+001 3.62388980e+000 6.43296013e+001
 1.35088484e+000 5.48027623e+001 3.76785871e+000 5.10349036e+001
 1.38230077e+000 3.05421842e+001 3.91348887e+000 2.66286953e+001
 1.41371669e+000 4.29848294e+000 4.06059136e+000 2.37891577e-001
 1.44513262e+000 -1.45234478e+001 4.20896203e+000 1.87324098e+001
 1.47654855e+000 -2.02522113e+001 4.35838090e+000 2.46105922e+001
 1.50796447e+000 -1.35783546e+001 4.50861158e+000 1.80869661e+001
 1.53938040e+000 -1.61392693e+000 4.65940072e+000 6.27332765e+000
 1.57079633e+000 4.81047738e+000 4.81047738e+000 1.67179159e-010
 1.60221225e+000 -4.31463254e+000 4.96155248e+000 9.27618502e+000
 1.63362818e+000 -3.35302888e+001 5.11231819e+000 3.86426070e+001
 1.66504411e+000 -7.90347325e+001 5.26244735e+000 8.42971798e+001
 1.69646003e+000 -1.28873146e+002 5.41159287e+000 1.34284739e+002
 1.72787596e+000 -1.66350843e+002 5.55938719e+000 1.71910230e+002
 1.75929189e+000 -1.75576900e+002 5.70544161e+000 1.81282342e+002
 1.79070781e+000 -1.47157875e+002 5.84934583e+000 1.53007221e+002
 1.82212374e+000 -8.19018387e+001 5.99066728e+000 8.78925060e+001
 1.85353967e+000 8.94508183e+000 6.12895062e+000 2.81613121e+000
 1.88495559e+000 1.07146556e+002 6.26371715e+000 1.00882838e+002
 1.91637152e+000 1.93429293e+002 6.39446431e+000 1.87034828e+002
 1.94778745e+000 2.53766715e+002 6.52066514e+000 2.47246050e+002
 1.97920337e+000 2.83623655e+002 6.64176775e+000 2.76981887e+002
 2.01061930e+000 2.88508092e+002 6.75719486e+000 2.81750897e+002
 2.04203522e+000 2.80562775e+002 6.86634331e+000 2.73696432e+002
 2.07345115e+000 2.72480832e+002 6.96858362e+000 2.65512248e+002
 2.10486708e+000 2.71152659e+002 7.06325955e+000 2.64089400e+002
 2.13628300e+000 2.73691776e+002 7.14968773e+000 2.66542088e+002
 2.16769893e+000 2.67706418e+002 7.22715726e+000 2.60479260e+002
 2.19911486e+000 2.36125317e+002 7.29492939e+000 2.28830387e+002
 2.23053078e+000 1.65100331e+002 7.35223721e+000 1.57748094e+002
 2.26194671e+000 5.21583076e+001 7.39828542e+000 4.47600222e+001
 2.29336264e+000 -8.86074847e+001 7.43225005e+000 9.60397347e+001
 2.32477856e+000 -2.26729585e+002 7.45327834e+000 2.34182863e+002
 2.35619449e+000 -3.21630153e+002 7.46048854e+000 3.29090641e+002
 2.38761042e+000 -3.33534444e+002 7.45296991e+000 3.40987414e+002
 2.41902634e+000 -2.35861435e+002 7.42978262e+000 2.43291218e+002
 2.45044227e+000 -2.51615219e+001 7.38995783e+000 3.25514798e+001
 2.48185820e+000 2.74787938e+002 7.33249776e+000 2.67455440e+002
 2.51327412e+000 6.16418676e+002 7.25637583e+000 6.09162300e+002
 2.54469005e+000 9.38712947e+002 7.16053693e+000 9.31552410e+002
 2.57610598e+000 1.18165566e+003 7.04389766e+000 1.17461176e+003
 2.60752190e+000 1.30070079e+003 6.90534676e+000 1.29379544e+003
 2.63893783e+000 1.27714906e+003 6.74374551e+000 1.27040532e+003
 2.67035376e+000 1.12161276e+003 6.55792832e+000 1.11505483e+003
 2.70176968e+000 8.69870322e+002 6.34670335e+000 8.63523618e+002
 2.73318561e+000 5.72677146e+002 6.10885319e+000 5.66568293e+002
 2.76460154e+000 2.82767512e+002 5.84313575e+000 2.76924376e+002
 2.79601746e+000 4.28494192e+001 5.54828513e+000 3.73011341e+001
 2.82743339e+000 -1.22253756e+002 5.22301271e+000 1.27476768e+002
 2.85884931e+000 -2.07726078e+002 4.86600825e+000 2.12592086e+002
 2.89026524e+000 -2.25453575e+002 4.47594118e+000 2.29929516e+002
 2.92168117e+000 -1.97170725e+002 4.05146201e+000 2.01222187e+002
 2.95309709e+000 -1.46700933e+002 3.59120382e+000 1.50292137e+002
 2.98451302e+000 -9.37213307e+001 3.09378392e+000 9.68151146e+001
 3.01592895e+000 -5.04948410e+001 2.55780566e+000 5.30526467e+001
 3.04734487e+000 -2.17057789e+001 1.98186037e+000 2.36876392e+001
 3.07876080e+000 -6.43444372e+000 1.36452942e+000 7.79897314e+000
 3.11017673e+000 -7.99806476e-001 7.04386497e-001 1.50419297e+000
 3.14159265e+000 -1.67145319e-012 2.83382392e-015 1.67428701e-012
