 0.00000000e+000 0.00000000e+000 0.00000000e+000 0.00000000e+000
 3.14159265e-002 3.12059746e-002 3.24132214e-002 1.20724676e-003
 6.28318531e-002 6.33295075e-002 6.68623449e-002 3.53283744e-003
 9.42477796e-002 9.72254735e-002 1.03409224e-001 6.18375076e-003
 1.25663706e-001 1.33629428e-001 1.42115451e-001 8.48602309e-003
 1.57079633e-001 1.73112454e-001 1.83042214e-001 9.92975976e-003
 1.88495559e-001 2.16051762e-001 2.26250143e-001 1.01983809e-002
 2.19911486e-001 2.62619740e-001 2.71799158e-001 9.17941819e-003
 2.51327412e-001 3.12792254e-001 3.19748292e-001 6.95603804e-003
 2.82743339e-001 3.66375116e-001 3.70155520e-001 3.78040387e-003
 3.14159265e-001 4.23045761e-001 4.23077568e-001 3.18071166e-005
 3.45575192e-001 4.82405711e-001 4.78569719e-001 3.83599147e-003
 3.76991118e-001 5.44038322e-001 5.36685605e-001 7.35271688e-003
 4.08407045e-001 6.07565845e-001 5.97476992e-001 1.00888521e-002
 4.39822972e-001 6.72699933e-001 6.60993554e-001 1.17063781e-002
 4.71238898e-001 7.39280497e-001 7.27282634e-001 1.19978620e-002
 5.02654825e-001 8.07299028e-001 7.96388999e-001 1.09100295e-002
 5.34070751e-001 8.76904183e-001 8.68354578e-001 8.54960463e-003
 5.65486678e-001 9.48389271e-001 9.43218198e-001 5.17107318e-003
 5.96902604e-001 1.02216322e+000 1.02101530e+000 1.14792519e-003
 6.28318531e-001 1.09870831e+000 1.10177764e+000 3.06933613e-003
 6.59734457e-001 1.17852927e+000 1.18553302e+000 7.00374854e-003
 6.91150384e-001 1.26209946e+000 1.27230491e+000 1.02054476e-002
 7.22566310e-001 1.34980982e+000 1.36211218e+000 1.23023627e-002
 7.53982237e-001 1.44192624e+000 1.45496874e+000 1.30425039e-002
 7.85398163e-001 1.53856000e+000 1.55088320e+000 1.23231933e-002
 8.16814090e-001 1.63965447e+000 1.64985847e+000 1.02039946e-002
 8.48230016e-001 1.74498960e+000 1.75189144e+000 6.90183534e-003
 8.79645943e-001 1.85420382e+000 1.85697256e+000 2.76873625e-003
 9.11061870e-001 1.96683102e+000 1.96508546e+000 1.74556531e-003
 9.42477796e-001 2.08234868e+000 2.07620652e+000 6.14215874e-003
 9.73893723e-001 2.20023197e+000 2.19030447e+000 9.92749591e-003
 1.00530965e+000 2.32000800e+000 2.30733996e+000 1.26680463e-002
 1.03672558e+000 2.44130419e+000 2.42726507e+000 1.40391236e-002
 1.06814150e+000 2.56388541e+000 2.55002291e+000 1.38624934e-002
 1.09955743e+000 2.68767566e+000 2.67554714e+000 1.21285153e-002
 1.13097336e+000 2.81276165e+000 2.80376147e+000 9.00017792e-003
 1.16238928e+000 2.93937749e+000 2.93457919e+000 4.79830279e-003
 1.19380521e+000 3.06787185e+000 3.06790264e+000 3.07931104e-005
 1.22522113e+000 3.19866078e+000 3.20362276e+000 4.96197299e-003
 1.25663706e+000 3.33217101e+000 3.34161850e+000 9.44749333e-003
 1.28805299e+000 3.46877953e+000 3.48175637e+000 1.29768392e-002
 1.31946891e+000 3.60875604e+000 3.62388980e+000 1.51337641e-002
 1.35088484e+000 3.75221442e+000 3.76785871e+000 1.56442902e-002
 1.38230077e+000 3.89907860e+000 3.91348887e+000 1.44102661e-002
 1.41371669e+000 4.04906685e+000 4.06059136e+000 1.15245156e-002
 1.44513262e+000 4.20169653e+000 4.20896203e+000 7.26550045e-003
 1.47654855e+000 4.35630933e+000 4.35838090e+000 2.07156835e-003
 1.50796447e+000 4.51211452e+000 4.50861158e+000 3.50294316e-003
 1.53938040e+000 4.66824620e+000 4.65940072e+000 8.84547668e-003
 1.57079633e+000 4.82382841e+000 4.81047738e+000 1.33510251e-002
 1.60221225e+000 4.97804149e+000 4.96155248e+000 1.64890115e-002
 1.63362818e+000 5.13018227e+000 5.11231819e+000 1.78640769e-002
 1.66504411e+000 5.27971136e+000 5.26244735e+000 1.72640134e-002
 1.69646003e+000 5.42628213e+000 5.41159287e+000 1.46892582e-002
 1.72787596e+000 5.56974734e+000 5.55938719e+000 1.03601578e-002
 1.75929189e+000 5.71014208e+000 5.70544161e+000 4.70047055e-003
 1.79070781e+000 5.84764389e+000 5.84934583e+000 1.70193782e-003
 1.82212374e+000 5.98251350e+000 5.99066728e+000 8.15378053e-003
 1.85353967e+000 6.11502181e+000 6.12895062e+000 1.39288042e-002
 1.88495559e+000 6.24537042e+000 6.26371715e+000 1.83467216e-002
 1.91637152e+000 6.37361394e+000 6.39446431e+000 2.08503671e-002
 1.94778745e+000 6.49959246e+000 6.52066514e+000 2.10726809e-002
 1.97920337e+000 6.62288188e+000 6.64176775e+000 1.88858741e-002
 2.01061930e+000 6.74276817e+000 6.75719486e+000 1.44266914e-002
 2.04203522e+000 6.85824935e+000 6.86634331e+000 8.09396566e-003
 2.07345115e+000 6.96806620e+000 6.96858362e+000 5.17419000e-004
 2.10486708e+000 7.07075990e+000 7.06325955e+000 7.50034176e-003
 2.13628300e+000 7.16475149e+000 7.14968773e+000 1.50637629e-002
 2.16769893e+000 7.24843605e+000 7.22715726e+000 2.12787909e-002
 2.19911486e+000 7.32028188e+000 7.29492939e+000 2.53524963e-002
 2.23053078e+000 7.37892472e+000 7.35223721e+000 2.66875053e-002
 2.26194671e+000 7.42324626e+000 7.39828542e+000 2.49608378e-002
 2.29336264e+000 7.45242785e+000 7.43225005e+000 2.01777920e-002
 2.32477856e+000 7.46597188e+000 7.45327834e+000 1.26935487e-002
 2.35619449e+000 7.46368661e+000 7.46048854e+000 3.19807249e-003
 2.38761042e+000 7.44563329e+000 7.45296991e+000 7.33661429e-003
 2.41902634e+000 7.41203872e+000 7.42978262e+000 1.77439030e-002
 2.45044227e+000 7.36317964e+000 7.38995783e+000 2.67781923e-002
 2.48185820e+000 7.29924910e+000 7.33249776e+000 3.32486577e-002
 2.51327412e+000 7.22021714e+000 7.25637583e+000 3.61586903e-002
 2.54469005e+000 7.12569996e+000 7.16053693e+000 3.48369742e-002
 2.57610598e+000 7.01485177e+000 7.04389766e+000 2.90458891e-002
 2.60752190e+000 6.88629280e+000 6.90534676e+000 1.90539533e-002
 2.63893783e+000 6.73808416e+000 6.74374551e+000 5.66134714e-003
 2.67035376e+000 6.56775731e+000 6.55792832e+000 9.82898760e-003
 2.70176968e+000 6.37240119e+000 6.34670335e+000 2.56978453e-002
 2.73318561e+000 6.14880536e+000 6.10885319e+000 3.99521690e-002
 2.76460154e+000 5.89365247e+000 5.84313575e+000 5.05167261e-002
 2.79601746e+000 5.60374887e+000 5.54828513e+000 5.54637441e-002
 2.82743339e+000 5.27627800e+000 5.22301271e+000 5.32652913e-002
 2.85884931e+000 4.90905862e+000 4.86600825e+000 4.30503754e-002
 2.89026524e+000 4.50078849e+000 4.47594118e+000 2.48473090e-002
 2.92168117e+000 4.05125402e+000 4.05146201e+000 2.07986639e-004
 2.95309709e+000 3.56148846e+000 3.59120382e+000 2.97153577e-002
 2.98451302e+000 3.03386402e+000 3.09378392e+000 5.99198928e-002
 3.01592895e+000 2.47210820e+000 2.55780566e+000 8.56974631e-002
 3.04734487e+000 1.88123945e+000 1.98186037e+000 1.00620919e-001
 3.07876080e+000 1.26742375e+000 1.36452942e+000 9.71056698e-002
 3.11017673e+000 6.37759001e-001 7.04386497e-001 6.66274960e-002
 3.14159265e+000 1.69239663e-015 2.83382392e-015 1.14142729e-015
