 0.00000000e+000 0.00000000e+000 0.00000000e+000 0.00000000e+000
 3.14159265e-002 3.61520772e-002 3.24132214e-002 3.73885580e-003
 6.28318531e-002 7.25147679e-002 6.68623449e-002 5.65242296e-003
 9.42477796e-002 1.09354282e-001 1.03409224e-001 5.94505780e-003
 1.25663706e-001 1.47031271e-001 1.42115451e-001 4.91581948e-003
 1.57079633e-001 1.86010383e-001 1.83042214e-001 2.96816961e-003
 1.88495559e-001 2.26835423e-001 2.26250143e-001 5.85280276e-004
 2.19911486e-001 2.70073838e-001 2.71799158e-001 1.72532010e-003
 2.51327412e-001 3.16242383e-001 3.19748292e-001 3.50590954e-003
 2.82743339e-001 3.65731244e-001 3.70155520e-001 4.42427627e-003
 3.14159265e-001 4.18745213e-001 4.23077568e-001 4.33235531e-003
 3.45575192e-001 4.75277380e-001 4.78569719e-001 3.29233931e-003
 3.76991118e-001 5.35123809e-001 5.36685605e-001 1.56179638e-003
 4.08407045e-001 5.97938401e-001 5.97476992e-001 4.61408766e-004
 4.39822972e-001 6.63317749e-001 6.60993554e-001 2.32419487e-003
 4.71238898e-001 7.30898462e-001 7.27282634e-001 3.61582777e-003
 5.02654825e-001 8.00445972e-001 7.96388999e-001 4.05697277e-003
 5.34070751e-001 8.71915095e-001 8.68354578e-001 3.56051697e-003
 5.65486678e-001 9.45468487e-001 9.43218198e-001 2.25028962e-003
 5.96902604e-001 1.02144828e+000 1.02101530e+000 4.32979487e-004
 6.28318531e-001 1.10030665e+000 1.10177764e+000 1.47099802e-003
 6.59734457e-001 1.18251044e+000 1.18553302e+000 3.02257305e-003
 6.91150384e-001 1.26844108e+000 1.27230491e+000 3.86382918e-003
 7.22566310e-001 1.35831220e+000 1.36211218e+000 3.79997559e-003
 7.53982237e-001 1.45212408e+000 1.45496874e+000 2.84466777e-003
 7.85398163e-001 1.54966523e+000 1.55088320e+000 1.21796997e-003
 8.16814090e-001 1.65056154e+000 1.64985847e+000 7.03069361e-004
 8.48230016e-001 1.75436185e+000 1.75189144e+000 2.47041387e-003
 8.79645943e-001 1.86064082e+000 1.85697256e+000 3.66826437e-003
 9.11061870e-001 1.96909541e+000 1.96508546e+000 4.00995116e-003
 9.42477796e-001 2.07961258e+000 2.07620652e+000 3.40606043e-003
 9.73893723e-001 2.19229214e+000 2.19030447e+000 1.98766379e-003
 1.00530965e+000 2.30741859e+000 2.30733996e+000 7.86355382e-005
 1.03672558e+000 2.42538777e+000 2.42726507e+000 1.87729304e-003
 1.06814150e+000 2.54660438e+000 2.55002291e+000 3.41853404e-003
 1.09955743e+000 2.67137366e+000 2.67554714e+000 4.17348905e-003
 1.13097336e+000 2.79981221e+000 2.80376147e+000 3.94926585e-003
 1.16238928e+000 2.93179892e+000 2.93457919e+000 2.78026498e-003
 1.19380521e+000 3.06697810e+000 3.06790264e+000 9.24544139e-004
 1.22522113e+000 3.20481500e+000 3.20362276e+000 1.19224595e-003
 1.25663706e+000 3.34469188e+000 3.34161850e+000 3.07338056e-003
 1.28805299e+000 3.48602276e+000 3.48175637e+000 4.26639343e-003
 1.31946891e+000 3.62836052e+000 3.62388980e+000 4.47071503e-003
 1.35088484e+000 3.77147099e+000 3.76785871e+000 3.61227770e-003
 1.38230077e+000 3.91535569e+000 3.91348887e+000 1.86682378e-003
 1.41371669e+000 4.06021650e+000 4.06059136e+000 3.74858210e-004
 1.44513262e+000 4.20636884e+000 4.20896203e+000 2.59318807e-003
 1.47654855e+000 4.35412212e+000 4.35838090e+000 4.25877582e-003
 1.50796447e+000 4.50365437e+000 4.50861158e+000 4.95720909e-003
 1.53938040e+000 4.65491013e+000 4.65940072e+000 4.49058735e-003
 1.57079633e+000 4.80754609e+000 4.81047738e+000 2.93129553e-003
 1.60221225e+000 4.96093859e+000 4.96155248e+000 6.13891608e-004
 1.63362818e+000 5.11425322e+000 5.11231819e+000 1.93502914e-003
 1.66504411e+000 5.26656201e+000 5.26244735e+000 4.11466027e-003
 1.69646003e+000 5.41698242e+000 5.41159287e+000 5.38954587e-003
 1.72787596e+000 5.56480612e+000 5.55938719e+000 5.41893255e-003
 1.75929189e+000 5.70958680e+000 5.70544161e+000 4.14518414e-003
 1.79070781e+000 5.85116476e+000 5.84934583e+000 1.81893022e-003
 1.82212374e+000 5.98961980e+000 5.99066728e+000 1.04748066e-003
 1.85353967e+000 6.12516036e+000 6.12895062e+000 3.79025744e-003
 1.88495559e+000 6.25797214e+000 6.26371715e+000 5.74500489e-003
 1.91637152e+000 6.38805981e+000 6.39446431e+000 6.40450431e-003
 1.94778745e+000 6.51511842e+000 6.52066514e+000 5.54671832e-003
 1.97920337e+000 6.63846617e+000 6.64176775e+000 3.30158069e-003
 2.01061930e+000 6.75705693e+000 6.75719486e+000 1.37935355e-004
 2.04203522e+000 6.86957361e+000 6.86634331e+000 3.23029585e-003
 2.07345115e+000 6.97458448e+000 6.96858362e+000 6.00085838e-003
 2.10486708e+000 7.07072894e+000 7.06325955e+000 7.46938727e-003
 2.13628300e+000 7.15689076e+000 7.14968773e+000 7.20302667e-003
 2.16769893e+000 7.23231724e+000 7.22715726e+000 5.15998604e-003
 2.19911486e+000 7.29665318e+000 7.29492939e+000 1.72379233e-003
 2.23053078e+000 7.34987620e+000 7.35223721e+000 2.36100709e-003
 2.26194671e+000 7.39214257e+000 7.39828542e+000 6.14284655e-003
 2.29336264e+000 7.42357343e+000 7.43225005e+000 8.67662381e-003
 2.32477856e+000 7.44402767e+000 7.45327834e+000 9.25066794e-003
 2.35619449e+000 7.45291358e+000 7.46048854e+000 7.57496093e-003
 2.38761042e+000 7.44908623e+000 7.45296991e+000 3.88367577e-003
 2.41902634e+000 7.43086116e+000 7.42978262e+000 1.07853530e-003
 2.45044227e+000 7.39615041e+000 7.38995783e+000 6.19257261e-003
 2.48185820e+000 7.34269939e+000 7.33249776e+000 1.02016301e-002
 2.51327412e+000 7.26837796e+000 7.25637583e+000 1.20021237e-002
 2.54469005e+000 7.17146281e+000 7.16053693e+000 1.09258803e-002
 2.57610598e+000 7.05084468e+000 7.04389766e+000 6.94701847e-003
 2.60752190e+000 6.90610460e+000 6.90534676e+000 7.57848739e-004
 2.63893783e+000 6.73742783e+000 6.74374551e+000 6.31767345e-003
 2.67035376e+000 6.54535726e+000 6.55792832e+000 1.25710585e-002
 2.70176968e+000 6.33042440e+000 6.34670335e+000 1.62789492e-002
 2.73318561e+000 6.09272735e+000 6.10885319e+000 1.61258356e-002
 2.76460154e+000 5.83154538e+000 5.84313575e+000 1.15903675e-002
 2.79601746e+000 5.54508269e+000 5.54828513e+000 3.20243912e-003
 2.82743339e+000 5.23041931e+000 5.22301271e+000 7.40660096e-003
 2.85884931e+000 4.88371443e+000 4.86600825e+000 1.77061808e-002
 2.89026524e+000 4.50066401e+000 4.47594118e+000 2.47228333e-002
 2.92168117e+000 4.07716628e+000 4.05146201e+000 2.57042731e-002
 2.95309709e+000 3.61010550e+000 3.59120382e+000 1.89016869e-002
 2.98451302e+000 3.09813472e+000 3.09378392e+000 4.35079923e-003
 3.01592895e+000 2.54232763e+000 2.55780566e+000 1.54780319e-002
 3.04734487e+000 1.94658211e+000 1.98186037e+000 3.52782602e-002
 3.07876080e+000 1.31769117e+000 1.36452942e+000 4.68382508e-002
 3.11017673e+000 6.65046887e-001 7.04386497e-001 3.93396102e-002
 3.14159265e+000 3.16593593e-015 2.83382392e-015 3.32112011e-016
