 0.00000000e+000 0.00000000e+000 0.00000000e+000 0.00000000e+000
 3.14159265e-002 5.40527824e-002 3.24132214e-002 2.16395610e-002
 6.28318531e-002 1.00336521e-001 6.68623449e-002 3.34741757e-002
 9.42477796e-002 1.36891028e-001 1.03409224e-001 3.34818037e-002
 1.25663706e-001 1.69600964e-001 1.42115451e-001 2.74855124e-002
 1.57079633e-001 2.09040880e-001 1.83042214e-001 2.59986660e-002
 1.88495559e-001 2.63983862e-001 2.26250143e-001 3.77337184e-002
 2.19911486e-001 3.35608542e-001 2.71799158e-001 6.38093845e-002
 2.51327412e-001 4.16157732e-001 3.19748292e-001 9.64094395e-002
 2.82743339e-001 4.93169826e-001 3.70155520e-001 1.23014305e-001
 3.14159265e-001 5.56972217e-001 4.23077568e-001 1.33894649e-001
 3.45575192e-001 6.06975354e-001 4.78569719e-001 1.28405635e-001
 3.76991118e-001 6.52801984e-001 5.36685605e-001 1.16116378e-001
 4.08407045e-001 7.09232870e-001 5.97476992e-001 1.11755878e-001
 4.39822972e-001 7.87662038e-001 6.60993554e-001 1.26668483e-001
 4.71238898e-001 8.89020466e-001 7.27282634e-001 1.61737831e-001
 5.02654825e-001 1.00251836e+000 7.96388999e-001 2.06129366e-001
 5.34070751e-001 1.11130759e+000 8.68354578e-001 2.42953015e-001
 5.65486678e-001 1.20209674e+000 9.43218198e-001 2.58878538e-001
 5.96902604e-001 1.27324410e+000 1.02101530e+000 2.52228803e-001
 6.28318531e-001 1.33646471e+000 1.10177764e+000 2.34687065e-001
 6.59734457e-001 1.41079662e+000 1.18553302e+000 2.25263606e-001
 6.91150384e-001 1.51194570e+000 1.27230491e+000 2.39640793e-001
 7.22566310e-001 1.64298635e+000 1.36211218e+000 2.80874171e-001
 7.53982237e-001 1.79189831e+000 1.45496874e+000 3.36929562e-001
 7.85398163e-001 1.93771047e+000 1.55088320e+000 3.86827270e-001
 8.16814090e-001 2.06212010e+000 1.64985847e+000 4.12261635e-001
 8.48230016e-001 2.16014832e+000 1.75189144e+000 4.08256883e-001
 8.79645943e-001 2.24365716e+000 1.85697256e+000 3.86684601e-001
 9.11061870e-001 2.33538234e+000 1.96508546e+000 3.70296881e-001
 9.42477796e-001 2.45647060e+000 2.07620652e+000 3.80264076e-001
 9.73893723e-001 2.61435230e+000 2.19030447e+000 4.24047826e-001
 1.00530965e+000 2.79787367e+000 2.30733996e+000 4.90533716e-001
 1.03672558e+000 2.98276324e+000 2.42726507e+000 5.55498179e-001
 1.06814150e+000 3.14475966e+000 2.55002291e+000 5.94736751e-001
 1.09955743e+000 3.27327913e+000 2.67554714e+000 5.97731982e-001
 1.13097336e+000 3.37791997e+000 2.80376147e+000 5.74158500e-001
 1.16238928e+000 3.48385409e+000 2.93457919e+000 5.49274907e-001
 1.19380521e+000 3.61827071e+000 3.06790264e+000 5.50368068e-001
 1.22522113e+000 3.79515073e+000 3.20362276e+000 5.91527975e-001
 1.25663706e+000 4.00684931e+000 3.34161850e+000 6.65230810e-001
 1.28805299e+000 4.22744867e+000 3.48175637e+000 7.45692301e-001
 1.31946891e+000 4.42643122e+000 3.62388980e+000 8.02541416e-001
 1.35088484e+000 4.58541033e+000 3.76785871e+000 8.17551611e-001
 1.38230077e+000 4.70870665e+000 3.91348887e+000 7.95217782e-001
 1.41371669e+000 4.82167782e+000 4.06059136e+000 7.61086463e-001
 1.44513262e+000 4.95731295e+000 4.20896203e+000 7.48350915e-001
 1.47654855e+000 5.13812743e+000 4.35838090e+000 7.79746537e-001
 1.50796447e+000 5.36321762e+000 4.50861158e+000 8.54606041e-001
 1.53938040e+000 5.60779071e+000 4.65940072e+000 9.48389995e-001
 1.57079633e+000 5.83582877e+000 4.81047738e+000 1.02535139e+000
 1.60221225e+000 6.01933310e+000 4.96155248e+000 1.05778062e+000
 1.63362818e+000 6.15378251e+000 5.11231819e+000 1.04146432e+000
 1.66504411e+000 6.26121119e+000 5.26244735e+000 9.98763843e-001
 1.69646003e+000 6.37884298e+000 5.41159287e+000 9.67250105e-001
 1.72787596e+000 6.53905684e+000 5.55938719e+000 9.79669651e-001
 1.75929189e+000 6.75135289e+000 5.70544161e+000 1.04591128e+000
 1.79070781e+000 6.99619733e+000 5.84934583e+000 1.14685150e+000
 1.82212374e+000 7.23443876e+000 5.99066728e+000 1.24377147e+000
 1.85353967e+000 7.42763852e+000 6.12895062e+000 1.29868791e+000
 1.88495559e+000 7.55861976e+000 6.26371715e+000 1.29490262e+000
 1.91637152e+000 7.64113504e+000 6.39446431e+000 1.24667073e+000
 1.94778745e+000 7.71312981e+000 6.52066514e+000 1.19246467e+000
 1.97920337e+000 7.81676740e+000 6.64176775e+000 1.17499965e+000
 2.01061930e+000 7.97557776e+000 6.75719486e+000 1.21838290e+000
 2.04203522e+000 8.18090191e+000 6.86634331e+000 1.31455860e+000
 2.07345115e+000 8.39514073e+000 6.96858362e+000 1.42655711e+000
 2.10486708e+000 8.57053439e+000 7.06325955e+000 1.50727484e+000
 2.13628300e+000 8.67389225e+000 7.14968773e+000 1.52420452e+000
 2.16769893e+000 8.70429098e+000 7.22715726e+000 1.47713373e+000
 2.19911486e+000 8.69416548e+000 7.29492939e+000 1.39923609e+000
 2.23053078e+000 8.69276633e+000 7.35223721e+000 1.34052912e+000
 2.26194671e+000 8.74023771e+000 7.39828542e+000 1.34195228e+000
 2.29336264e+000 8.84570625e+000 7.43225005e+000 1.41345620e+000
 2.32477856e+000 8.98098982e+000 7.45327834e+000 1.52771148e+000
 2.35619449e+000 9.09363659e+000 7.46048854e+000 1.63314805e+000
 2.38761042e+000 9.13300480e+000 7.45296991e+000 1.68003490e+000
 2.41902634e+000 9.07615978e+000 7.42978262e+000 1.64637716e+000
 2.45044227e+000 8.94015182e+000 7.38995783e+000 1.55019399e+000
 2.48185820e+000 8.77397037e+000 7.33249776e+000 1.44147261e+000
 2.51327412e+000 8.63378691e+000 7.25637583e+000 1.37741107e+000
 2.54469005e+000 8.55375563e+000 7.16053693e+000 1.39321870e+000
 2.57610598e+000 8.52717635e+000 7.04389766e+000 1.48327869e+000
 2.60752190e+000 8.50785976e+000 6.90534676e+000 1.60251301e+000
 2.63893783e+000 8.43149639e+000 6.74374551e+000 1.68775088e+000
 2.67035376e+000 8.24674187e+000 6.55792832e+000 1.68881355e+000
 2.70176968e+000 7.94067897e+000 6.34670335e+000 1.59397562e+000
 2.73318561e+000 7.54588158e+000 6.10885319e+000 1.43702839e+000
 2.76460154e+000 7.12525313e+000 5.84313575e+000 1.28211738e+000
 2.79601746e+000 6.74171124e+000 5.54828513e+000 1.19342611e+000
 2.82743339e+000 6.42723669e+000 5.22301271e+000 1.20422398e+000
 2.85884931e+000 6.16612378e+000 4.86600825e+000 1.30011553e+000
 2.89026524e+000 5.90034229e+000 4.47594118e+000 1.42440111e+000
 2.92168117e+000 5.55422072e+000 4.05146201e+000 1.50275871e+000
 2.95309709e+000 5.06649199e+000 3.59120382e+000 1.47528817e+000
 2.98451302e+000 4.41458767e+000 3.09378392e+000 1.32080375e+000
 3.01592895e+000 3.62035784e+000 2.55780566e+000 1.06255217e+000
 3.04734487e+000 2.73584523e+000 1.98186037e+000 7.53984860e-001
 3.07876080e+000 1.81753700e+000 1.36452942e+000 4.53007581e-001
 3.11017673e+000 9.02754685e-001 7.04386497e-001 1.98368188e-001
 3.14159265e+000 2.13853873e-015 2.83382392e-015 6.95285190e-016
