 0.00000000e+000 0.00000000e+000 0.00000000e+000 0.00000000e+000
 3.14159265e-002 5.58868277e-002 3.24132214e-002 2.34736063e-002
 6.28318531e-002 1.11535474e-001 6.68623449e-002 4.46731295e-002
 9.42477796e-002 1.66720583e-001 1.03409224e-001 6.33113592e-002
 1.25663706e-001 2.21242055e-001 1.42115451e-001 7.91266037e-002
 1.57079633e-001 2.74936708e-001 1.83042214e-001 9.18944946e-002
 1.88495559e-001 3.27688812e-001 2.26250143e-001 1.01438669e-001
 2.19911486e-001 3.79439161e-001 2.71799158e-001 1.07640003e-001
 2.51327412e-001 4.30192407e-001 3.19748292e-001 1.10444115e-001
 2.82743339e-001 4.80022411e-001 3.70155520e-001 1.09866890e-001
 3.14159265e-001 5.29075433e-001 4.23077568e-001 1.05997865e-001
 3.45575192e-001 5.77571045e-001 4.78569719e-001 9.90013263e-002
 3.76991118e-001 6.25800704e-001 5.36685605e-001 8.91150989e-002
 4.08407045e-001 6.74123998e-001 5.97476992e-001 7.66470054e-002
 4.39822972e-001 7.22962651e-001 6.60993554e-001 6.19690962e-002
 4.71238898e-001 7.72792418e-001 7.27282634e-001 4.55097838e-002
 5.02654825e-001 8.24133086e-001 7.96388999e-001 2.77440877e-002
 5.34070751e-001 8.77536828e-001 8.68354578e-001 9.18224968e-003
 5.65486678e-001 9.33575228e-001 9.43218198e-001 9.64296939e-003
 5.96902604e-001 9.92825337e-001 1.02101530e+000 2.81899623e-002
 6.28318531e-001 1.05585511e+000 1.10177764e+000 4.59225344e-002
 6.59734457e-001 1.12320867e+000 1.18553302e+000 6.23243454e-002
 6.91150384e-001 1.19539179e+000 1.27230491e+000 7.69131206e-002
 7.22566310e-001 1.27285796e+000 1.36211218e+000 8.92542175e-002
 7.53982237e-001 1.35599559e+000 1.45496874e+000 9.89731488e-002
 7.85398163e-001 1.44511651e+000 1.55088320e+000 1.05766685e-001
 8.16814090e-001 1.54044628e+000 1.64985847e+000 1.09412192e-001
 8.48230016e-001 1.64211652e+000 1.75189144e+000 1.09774913e-001
 8.79645943e-001 1.75015962e+000 1.85697256e+000 1.06812937e-001
 9.11061870e-001 1.86450578e+000 1.96508546e+000 1.00579682e-001
 9.42477796e-001 1.98498275e+000 2.07620652e+000 9.12237740e-002
 9.73893723e-001 2.11131821e+000 2.19030447e+000 7.89862593e-002
 1.00530965e+000 2.24314476e+000 2.30733996e+000 6.41951994e-002
 1.03672558e+000 2.38000734e+000 2.42726507e+000 4.72577266e-002
 1.06814150e+000 2.52137317e+000 2.55002291e+000 2.86497435e-002
 1.09955743e+000 2.66664365e+000 2.67554714e+000 8.90349947e-003
 1.13097336e+000 2.81516813e+000 2.80376147e+000 1.14066508e-002
 1.16238928e+000 2.96625914e+000 2.93457919e+000 3.16799508e-002
 1.19380521e+000 3.11920864e+000 3.06790264e+000 5.13060008e-002
 1.22522113e+000 3.27330489e+000 3.20362276e+000 6.96821318e-002
 1.25663706e+000 3.42784943e+000 3.34161850e+000 8.62309242e-002
 1.28805299e+000 3.58217376e+000 3.48175637e+000 1.00417391e-001
 1.31946891e+000 3.73565515e+000 3.62388980e+000 1.11765342e-001
 1.35088484e+000 3.88773117e+000 3.76785871e+000 1.19872458e-001
 1.38230077e+000 4.03791250e+000 3.91348887e+000 1.24423629e-001
 1.41371669e+000 4.18579350e+000 4.06059136e+000 1.25202141e-001
 1.44513262e+000 4.33106039e+000 4.20896203e+000 1.22098363e-001
 1.47654855e+000 4.47349651e+000 4.35838090e+000 1.15115614e-001
 1.50796447e+000 4.61298457e+000 4.50861158e+000 1.04372992e-001
 1.53938040e+000 4.74950572e+000 4.65940072e+000 9.01049997e-002
 1.57079633e+000 4.88313527e+000 4.81047738e+000 7.26578899e-002
 1.60221225e+000 5.01403522e+000 4.96155248e+000 5.24827438e-002
 1.63362818e+000 5.14244357e+000 5.11231819e+000 3.01253781e-002
 1.66504411e+000 5.26866061e+000 5.26244735e+000 6.21326393e-003
 1.69646003e+000 5.39303260e+000 5.41159287e+000 1.85602715e-002
 1.72787596e+000 5.51593297e+000 5.55938719e+000 4.34542142e-002
 1.75929189e+000 5.63774163e+000 5.70544161e+000 6.76999823e-002
 1.79070781e+000 5.75882282e+000 5.84934583e+000 9.05230082e-002
 1.82212374e+000 5.87950203e+000 5.99066728e+000 1.11165249e-001
 1.85353967e+000 6.00004257e+000 6.12895062e+000 1.28908044e-001
 1.88495559e+000 6.12062243e+000 6.26371715e+000 1.43094712e-001
 1.91637152e+000 6.24131204e+000 6.39446431e+000 1.53152273e-001
 1.94778745e+000 6.36205347e+000 6.52066514e+000 1.58611670e-001
 1.97920337e+000 6.48264185e+000 6.64176775e+000 1.59125896e-001
 2.01061930e+000 6.60270941e+000 6.75719486e+000 1.54485450e-001
 2.04203522e+000 6.72171271e+000 6.86634331e+000 1.44630603e-001
 2.07345115e+000 6.83892360e+000 6.96858362e+000 1.29660020e-001
 2.10486708e+000 6.95342423e+000 7.06325955e+000 1.09835326e-001
 2.13628300e+000 7.06410639e+000 7.14968773e+000 8.55813386e-002
 2.16769893e+000 7.16967553e+000 7.22715726e+000 5.74817300e-002
 2.19911486e+000 7.26865936e+000 7.29492939e+000 2.62700266e-002
 2.23053078e+000 7.35942129e+000 7.35223721e+000 7.18407402e-003
 2.26194671e+000 7.44017838e+000 7.39828542e+000 4.18929591e-002
 2.29336264e+000 7.50902378e+000 7.43225005e+000 7.67737221e-002
 2.32477856e+000 7.56395317e+000 7.45327834e+000 1.10674833e-001
 2.35619449e+000 7.60289498e+000 7.46048854e+000 1.42406439e-001
 2.38761042e+000 7.62374370e+000 7.45296991e+000 1.70773789e-001
 2.41902634e+000 7.62439580e+000 7.42978262e+000 1.94613178e-001
 2.45044227e+000 7.60278759e+000 7.38995783e+000 2.12829757e-001
 2.48185820e+000 7.55693423e+000 7.33249776e+000 2.24436467e-001
 2.51327412e+000 7.48496917e+000 7.25637583e+000 2.28593336e-001
 2.54469005e+000 7.38518327e+000 7.16053693e+000 2.24646339e-001
 2.57610598e+000 7.25606267e+000 7.04389766e+000 2.12165008e-001
 2.60752190e+000 7.09632475e+000 6.90534676e+000 1.90977991e-001
 2.63893783e+000 6.90495129e+000 6.74374551e+000 1.61205782e-001
 2.67035376e+000 6.68121821e+000 6.55792832e+000 1.23289884e-001
 2.70176968e+000 6.42472107e+000 6.34670335e+000 7.80177262e-002
 2.73318561e+000 6.13539592e+000 6.10885319e+000 2.65427263e-002
 2.76460154e+000 5.81353473e+000 5.84313575e+000 2.96010126e-002
 2.79601746e+000 5.45979533e+000 5.54828513e+000 8.84897983e-002
 2.82743339e+000 5.07520516e+000 5.22301271e+000 1.47807544e-001
 2.85884931e+000 4.66115900e+000 4.86600825e+000 2.04849251e-001
 2.89026524e+000 4.21941032e+000 4.47594118e+000 2.56530860e-001
 2.92168117e+000 3.75205662e+000 4.05146201e+000 2.99405396e-001
 2.95309709e+000 3.26151857e+000 3.59120382e+000 3.29685252e-001
 2.98451302e+000 2.75051363e+000 3.09378392e+000 3.43270291e-001
 3.01592895e+000 2.22202431e+000 2.55780566e+000 3.35781351e-001
 3.04734487e+000 1.67926173e+000 1.98186037e+000 3.02598637e-001
 3.07876080e+000 1.12562505e+000 1.36452942e+000 2.38904365e-001
 3.11017673e+000 5.64657540e-001 7.04386497e-001 1.39728957e-001
 3.14159265e+000 2.64178765e-015 2.83382392e-015 1.92036273e-016
