 0.00000000e+000 0.00000000e+000 0.00000000e+000 0.00000000e+000
 3.14159265e-002 2.35261463e-002 3.24132214e-002 8.88707511e-003
 6.28318531e-002 4.86535705e-002 6.68623449e-002 1.82087745e-002
 9.42477796e-002 7.68582616e-002 1.03409224e-001 2.65509626e-002
 1.25663706e-001 1.09377521e-001 1.42115451e-001 3.27379308e-002
 1.57079633e-001 1.47119175e-001 1.83042214e-001 3.59230389e-002
 1.88495559e-001 1.90601922e-001 2.26250143e-001 3.56482211e-002
 2.19911486e-001 2.39932274e-001 2.71799158e-001 3.18668838e-002
 2.51327412e-001 2.94819998e-001 3.19748292e-001 2.49282944e-002
 2.82743339e-001 3.54630211e-001 3.70155520e-001 1.55253088e-002
 3.14159265e-001 4.18466732e-001 4.23077568e-001 4.61083638e-003
 3.45575192e-001 4.85278267e-001 4.78569719e-001 6.70854780e-003
 3.76991118e-001 5.53976870e-001 5.36685605e-001 1.72912651e-002
 4.08407045e-001 6.23556965e-001 5.97476992e-001 2.60799729e-002
 4.39822972e-001 6.93203281e-001 6.60993554e-001 3.22097262e-002
 4.71238898e-001 7.62377230e-001 7.27282634e-001 3.50945957e-002
 5.02654825e-001 8.30873497e-001 7.96388999e-001 3.44844985e-002
 5.34070751e-001 8.98841597e-001 8.68354578e-001 3.04870193e-002
 5.65486678e-001 9.66770722e-001 9.43218198e-001 2.35525245e-002
 5.96902604e-001 1.03543984e+000 1.02101530e+000 1.44245402e-002
 6.28318531e-001 1.10583846e+000 1.10177764e+000 4.06082041e-003
 6.59734457e-001 1.17906643e+000 1.18553302e+000 6.46658653e-003
 6.91150384e-001 1.25622298e+000 1.27230491e+000 1.60819223e-002
 7.22566310e-001 1.33829656e+000 1.36211218e+000 2.38156188e-002
 7.53982237e-001 1.42606641e+000 1.45496874e+000 2.89023358e-002
 7.85398163e-001 1.52002595e+000 1.55088320e+000 3.08572439e-002
 8.16814090e-001 1.62033553e+000 1.64985847e+000 2.95229344e-002
 8.48230016e-001 1.72680906e+000 1.75189144e+000 2.50823746e-002
 8.79645943e-001 1.83893575e+000 1.85697256e+000 1.80368134e-002
 9.11061870e-001 1.95593433e+000 1.96508546e+000 9.15112416e-003
 9.42477796e-001 2.07683413e+000 2.07620652e+000 6.27612196e-004
 9.73893723e-001 2.20057424e+000 2.19030447e+000 1.02697660e-002
 1.00530965e+000 2.32611066e+000 2.30733996e+000 1.87707053e-002
 1.03672558e+000 2.45252017e+000 2.42726507e+000 2.52551017e-002
 1.06814150e+000 2.57909015e+000 2.55002291e+000 2.90672330e-002
 1.09955743e+000 2.70538513e+000 2.67554714e+000 2.98379888e-002
 1.13097336e+000 2.83128318e+000 2.80376147e+000 2.75217076e-002
 1.16238928e+000 2.95697828e+000 2.93457919e+000 2.23990976e-002
 1.19380521e+000 3.08294865e+000 3.06790264e+000 1.50460090e-002
 1.22522113e+000 3.20989412e+000 3.20362276e+000 6.27136142e-003
 1.25663706e+000 3.33864924e+000 3.34161850e+000 2.96926810e-003
 1.28805299e+000 3.47008101e+000 3.48175637e+000 1.16753545e-002
 1.31946891e+000 3.60498202e+000 3.62388980e+000 1.89077857e-002
 1.35088484e+000 3.74397000e+000 3.76785871e+000 2.38887194e-002
 1.38230077e+000 3.88740444e+000 3.91348887e+000 2.60844302e-002
 1.41371669e+000 4.03532898e+000 4.06059136e+000 2.52623767e-002
 1.44513262e+000 4.18744565e+000 4.20896203e+000 2.15163849e-002
 1.47654855e+000 4.34312375e+000 4.35838090e+000 1.52571515e-002
 1.50796447e+000 4.50144269e+000 4.50861158e+000 7.16889457e-003
 1.53938040e+000 4.66126417e+000 4.65940072e+000 1.86345514e-003
 1.57079633e+000 4.82132638e+000 4.81047738e+000 1.08489977e-002
 1.60221225e+000 4.98035012e+000 4.96155248e+000 1.87976405e-002
 1.63362818e+000 5.13714583e+000 5.11231819e+000 2.48276432e-002
 1.66504411e+000 5.29070982e+000 5.26244735e+000 2.82624708e-002
 1.69646003e+000 5.44029936e+000 5.41159287e+000 2.87064888e-002
 1.72787596e+000 5.58547834e+000 5.55938719e+000 2.60911506e-002
 1.75929189e+000 5.72612795e+000 5.70544161e+000 2.06863359e-002
 1.79070781e+000 5.86242095e+000 5.84934583e+000 1.30751210e-002
 1.82212374e+000 5.99476140e+000 5.99066728e+000 4.09411653e-003
 1.85353967e+000 6.12369582e+000 6.12895062e+000 5.25479747e-003
 1.88495559e+000 6.24980479e+000 6.26371715e+000 1.39123565e-002
 1.91637152e+000 6.37358614e+000 6.39446431e+000 2.08781731e-002
 1.94778745e+000 6.49534214e+000 6.52066514e+000 2.53230018e-002
 1.97920337e+000 6.61508297e+000 6.64176775e+000 2.66847812e-002
 2.01061930e+000 6.73245719e+000 6.75719486e+000 2.47376691e-002
 2.04203522e+000 6.84671742e+000 6.86634331e+000 1.96258882e-002
 2.07345115e+000 6.95672589e+000 6.96858362e+000 1.18577360e-002
 2.10486708e+000 7.06100033e+000 7.06325955e+000 2.25922753e-003
 2.13628300e+000 7.15779660e+000 7.14968773e+000 8.10886862e-003
 2.16769893e+000 7.24522008e+000 7.22715726e+000 1.80628182e-002
 2.19911486e+000 7.32135479e+000 7.29492939e+000 2.64254082e-002
 2.23053078e+000 7.38439694e+000 7.35223721e+000 3.21597234e-002
 2.26194671e+000 7.43277825e+000 7.39828542e+000 3.44928332e-002
 2.29336264e+000 7.46526556e+000 7.43225005e+000 3.30155021e-002
 2.32477856e+000 7.48102432e+000 7.45327834e+000 2.77459875e-002
 2.35619449e+000 7.47963780e+000 7.46048854e+000 1.91492593e-002
 2.38761042e+000 7.46107718e+000 7.45296991e+000 8.10727001e-003
 2.41902634e+000 7.42562346e+000 7.42978262e+000 4.15915568e-003
 2.45044227e+000 7.37374670e+000 7.38995783e+000 1.62111327e-002
 2.48185820e+000 7.30595299e+000 7.33249776e+000 2.65447707e-002
 2.51327412e+000 7.22261379e+000 7.25637583e+000 3.37620442e-002
 2.54469005e+000 7.12379462e+000 7.16053693e+000 3.67423136e-002
 2.57610598e+000 7.00910152e+000 7.04389766e+000 3.47961431e-002
 2.60752190e+000 6.87756316e+000 6.90534676e+000 2.77835931e-002
 2.63893783e+000 6.72756407e+000 6.74374551e+000 1.61814391e-002
 2.67035376e+000 6.55684069e+000 6.55792832e+000 1.08763188e-003
 2.70176968e+000 6.36254688e+000 6.34670335e+000 1.58435327e-002
 2.73318561e+000 6.14138924e+000 6.10885319e+000 3.25360495e-002
 2.76460154e+000 5.88982656e+000 5.84313575e+000 4.66908177e-002
 2.79601746e+000 5.60432142e+000 5.54828513e+000 5.60362922e-002
 2.82743339e+000 5.28162663e+000 5.22301271e+000 5.86139193e-002
 2.85884931e+000 4.91908534e+000 4.86600825e+000 5.30770971e-002
 2.89026524e+000 4.51492128e+000 4.47594118e+000 3.89800961e-002
 2.92168117e+000 4.06849504e+000 4.05146201e+000 1.70330237e-002
 2.95309709e+000 3.58050443e+000 3.59120382e+000 1.06993901e-002
 2.98451302e+000 3.05311014e+000 3.09378392e+000 4.06737763e-002
 3.01592895e+000 2.48997349e+000 2.55780566e+000 6.78321663e-002
 3.04734487e+000 1.89619954e+000 1.98186037e+000 8.56608247e-002
 3.07876080e+000 1.27818606e+000 1.36452942e+000 8.63433581e-002
 3.11017673e+000 6.43386266e-001 7.04386497e-001 6.10002307e-002
 3.14159265e+000 3.08314331e-015 2.83382392e-015 2.49319385e-016
