 0.00000000e+000 0.00000000e+000 0.00000000e+000 0.00000000e+000
 3.14159265e-002 3.38953213e-002 3.24132214e-002 1.48209992e-003
 6.28318531e-002 6.83742638e-002 6.68623449e-002 1.51191894e-003
 9.42477796e-002 1.04087075e-001 1.03409224e-001 6.77850685e-004
 1.25663706e-001 1.41733636e-001 1.42115451e-001 3.81815476e-004
 1.57079633e-001 1.81940225e-001 1.83042214e-001 1.10198822e-003
 1.88495559e-001 2.25089266e-001 2.26250143e-001 1.16087681e-003
 2.19911486e-001 2.71209152e-001 2.71799158e-001 5.90006372e-004
 2.51327412e-001 3.20010605e-001 3.19748292e-001 2.62312515e-004
 2.82743339e-001 3.71075445e-001 3.70155520e-001 9.19925171e-004
 3.14159265e-001 4.24110711e-001 4.23077568e-001 1.03314255e-003
 3.45575192e-001 4.79133889e-001 4.78569719e-001 5.64169678e-004
 3.76991118e-001 5.36485828e-001 5.36685605e-001 1.99777110e-004
 4.08407045e-001 5.96662242e-001 5.97476992e-001 8.14750788e-004
 4.39822972e-001 6.60058482e-001 6.60993554e-001 9.35072680e-004
 4.71238898e-001 7.26773594e-001 7.27282634e-001 5.09039986e-004
 5.02654825e-001 7.96586421e-001 7.96388999e-001 1.97422178e-004
 5.34070751e-001 8.69116558e-001 8.68354578e-001 7.61980038e-004
 5.65486678e-001 9.44074601e-001 9.43218198e-001 8.56402855e-004
 5.96902604e-001 1.02145357e+000 1.02101530e+000 4.38273113e-004
 6.28318531e-001 1.10154859e+000 1.10177764e+000 2.29055153e-004
 6.59734457e-001 1.18479426e+000 1.18553302e+000 7.38758373e-004
 6.91150384e-001 1.27151813e+000 1.27230491e+000 7.86779188e-004
 7.22566310e-001 1.36175851e+000 1.36211218e+000 3.53672354e-004
 7.53982237e-001 1.45525587e+000 1.45496874e+000 2.87128980e-004
 7.85398163e-001 1.55162199e+000 1.55088320e+000 7.38794442e-004
 8.16814090e-001 1.65058325e+000 1.64985847e+000 7.24781418e-004
 8.48230016e-001 1.75214947e+000 1.75189144e+000 2.58029002e-004
 8.79645943e-001 1.85660470e+000 1.85697256e+000 3.67864665e-004
 9.11061870e-001 1.96432501e+000 1.96508546e+000 7.60449764e-004
 9.42477796e-001 2.07553450e+000 2.07620652e+000 6.72018004e-004
 9.73893723e-001 2.19014951e+000 2.19030447e+000 1.54963693e-004
 1.00530965e+000 2.30780805e+000 2.30733996e+000 4.68093514e-004
 1.03672558e+000 2.42806812e+000 2.42726507e+000 8.03053956e-004
 1.06814150e+000 2.55065368e+000 2.55002291e+000 6.30768550e-004
 1.09955743e+000 2.67559558e+000 2.67554714e+000 4.84312006e-005
 1.13097336e+000 2.80317713e+000 2.80376147e+000 5.84348403e-004
 1.16238928e+000 2.93371374e+000 2.93457919e+000 8.65445213e-004
 1.19380521e+000 3.06729992e+000 3.06790264e+000 6.02719639e-004
 1.22522113e+000 3.20368070e+000 3.20362276e+000 5.79472609e-005
 1.25663706e+000 3.34233138e+000 3.34161850e+000 7.12877944e-004
 1.28805299e+000 3.48270186e+000 3.48175637e+000 9.45496606e-004
 1.31946891e+000 3.62447807e+000 3.62388980e+000 5.88262068e-004
 1.35088484e+000 3.76769716e+000 3.76785871e+000 1.61551027e-004
 1.38230077e+000 3.91263881e+000 3.91348887e+000 8.50057836e-004
 1.41371669e+000 4.05955122e+000 4.06059136e+000 1.04013841e-003
 1.44513262e+000 4.20837591e+000 4.20896203e+000 5.86118093e-004
 1.47654855e+000 4.35864228e+000 4.35838090e+000 2.61385894e-004
 1.50796447e+000 4.50960459e+000 4.50861158e+000 9.93010956e-004
 1.53938040e+000 4.66054641e+000 4.65940072e+000 1.14569044e-003
 1.57079633e+000 4.81107059e+000 4.81047738e+000 5.93210412e-004
 1.60221225e+000 4.96119384e+000 4.96155248e+000 3.58645742e-004
 1.63362818e+000 5.11117784e+000 5.11231819e+000 1.14034694e-003
 1.66504411e+000 5.26118894e+000 5.26244735e+000 1.25841131e-003
 1.69646003e+000 5.41098815e+000 5.41159287e+000 6.04719365e-004
 1.72787596e+000 5.55984440e+000 5.55938719e+000 4.57211474e-004
 1.75929189e+000 5.70673460e+000 5.70544161e+000 1.29298272e-003
 1.79070781e+000 5.85072104e+000 5.84934583e+000 1.37520649e-003
 1.82212374e+000 5.99128155e+000 5.99066728e+000 6.14270164e-004
 1.85353967e+000 6.12838649e+000 6.12895062e+000 5.64129227e-004
 1.88495559e+000 6.26226209e+000 6.26371715e+000 1.45505325e-003
 1.91637152e+000 6.39296985e+000 6.39446431e+000 1.49445703e-003
 1.94778745e+000 6.52005098e+000 6.52066514e+000 6.14162198e-004
 1.97920337e+000 6.64245793e+000 6.64176775e+000 6.90181066e-004
 2.01061930e+000 6.75882986e+000 6.75719486e+000 1.63499570e-003
 2.04203522e+000 6.86796027e+000 6.86634331e+000 1.61695537e-003
 2.07345115e+000 6.96917911e+000 6.96858362e+000 5.95492668e-004
 2.10486708e+000 7.06240876e+000 7.06325955e+000 8.50793500e-004
 2.13628300e+000 7.14784071e+000 7.14968773e+000 1.84702680e-003
 2.16769893e+000 7.22541028e+000 7.22715726e+000 1.74697693e-003
 2.19911486e+000 7.29438148e+000 7.29492939e+000 5.47904706e-004
 2.23053078e+000 7.35330501e+000 7.35223721e+000 1.06779586e-003
 2.26194671e+000 7.40039893e+000 7.39828542e+000 2.11350689e-003
 2.29336264e+000 7.43414364e+000 7.43225005e+000 1.89358961e-003
 2.32477856e+000 7.45373674e+000 7.45327834e+000 4.58406799e-004
 2.35619449e+000 7.45911540e+000 7.46048854e+000 1.37313669e-003
 2.38761042e+000 7.45050063e+000 7.45296991e+000 2.46927808e-003
 2.41902634e+000 7.42771021e+000 7.42978262e+000 2.07240718e-003
 2.45044227e+000 7.38964988e+000 7.38995783e+000 3.07957357e-004
 2.48185820e+000 7.33431491e+000 7.33249776e+000 1.81715201e-003
 2.51327412e+000 7.25934630e+000 7.25637583e+000 2.97046181e-003
 2.54469005e+000 7.16284496e+000 7.16053693e+000 2.30802537e-003
 2.57610598e+000 7.04395989e+000 7.04389766e+000 6.22273942e-005
 2.60752190e+000 6.90285863e+000 6.90534676e+000 2.48812935e-003
 2.63893783e+000 6.74003176e+000 6.74374551e+000 3.71374426e-003
 2.67035376e+000 6.55529185e+000 6.55792832e+000 2.63647701e-003
 2.70176968e+000 6.34705848e+000 6.34670335e+000 3.55130384e-004
 2.73318561e+000 6.11241644e+000 6.10885319e+000 3.56324742e-003
 2.76460154e+000 5.84801757e+000 5.84313575e+000 4.88182638e-003
 2.79601746e+000 5.55138458e+000 5.54828513e+000 3.09944718e-003
 2.82743339e+000 5.22186108e+000 5.22301271e+000 1.15162406e-003
 2.85884931e+000 4.86055062e+000 4.86600825e+000 5.45762598e-003
 2.89026524e+000 4.46909490e+000 4.47594118e+000 6.84628045e-003
 2.92168117e+000 4.04782173e+000 4.05146201e+000 3.64028367e-003
 2.95309709e+000 3.59428060e+000 3.59120382e+000 3.07678334e-003
 2.98451302e+000 3.10318039e+000 3.09378392e+000 9.39647120e-003
 3.01592895e+000 2.56818387e+000 2.55780566e+000 1.03782131e-002
 3.04734487e+000 1.98512633e+000 1.98186037e+000 3.26596416e-003
 3.07876080e+000 1.35543276e+000 1.36452942e+000 9.09665359e-003
 3.11017673e+000 6.88222784e-001 7.04386497e-001 1.61637135e-002
 3.14159265e+000 3.29968943e-015 2.83382392e-015 4.65865503e-016
