 0.00000000e+000 0.00000000e+000 0.00000000e+000 0.00000000e+000
 3.14159265e-002 -7.55478191e-002 3.24132214e-002 1.07961040e-001
 6.28318531e-002 -5.33459974e-001 6.68623449e-002 6.00322319e-001
 9.42477796e-002 -1.45031832e+000 1.03409224e-001 1.55372755e+000
 1.25663706e-001 -2.48814398e+000 1.42115451e-001 2.63025943e+000
 1.57079633e-001 -3.05966818e+000 1.83042214e-001 3.24271039e+000
 1.88495559e-001 -2.67669202e+000 2.26250143e-001 2.90294216e+000
 2.19911486e-001 -1.27541304e+000 2.71799158e-001 1.54721220e+000
 2.51327412e-001 6.80120348e-001 3.19748292e-001 3.60372056e-001
 2.82743339e-001 2.38886564e+000 3.70155520e-001 2.01871012e+000
 3.14159265e-001 3.09928902e+000 4.23077568e-001 2.67621146e+000
 3.45575192e-001 2.47827913e+000 4.78569719e-001 1.99970941e+000
 3.76991118e-001 7.58978645e-001 5.36685605e-001 2.22293040e-001
 4.08407045e-001 -1.40793964e+000 5.97476992e-001 2.00541663e+000
 4.39822972e-001 -3.30488003e+000 6.60993554e-001 3.96587358e+000
 4.71238898e-001 -4.49359536e+000 7.27282634e-001 5.22087800e+000
 5.02654825e-001 -4.96307914e+000 7.96388999e-001 5.75946814e+000
 5.34070751e-001 -5.01165273e+000 8.68354578e-001 5.88000731e+000
 5.65486678e-001 -4.95906067e+000 9.43218198e-001 5.90227887e+000
 5.96902604e-001 -4.88494196e+000 1.02101530e+000 5.90595726e+000
 6.28318531e-001 -4.56717799e+000 1.10177764e+000 5.66895564e+000
 6.59734457e-001 -3.66203791e+000 1.18553302e+000 4.84757092e+000
 6.91150384e-001 -2.00922328e+000 1.27230491e+000 3.28152818e+000
 7.22566310e-001 1.42218197e-001 1.36211218e+000 1.21989398e+000
 7.53982237e-001 2.15062956e+000 1.45496874e+000 6.95660817e-001
 7.85398163e-001 3.25848663e+000 1.55088320e+000 1.70760343e+000
 8.16814090e-001 2.98254788e+000 1.64985847e+000 1.33268941e+000
 8.48230016e-001 1.39031176e+000 1.75189144e+000 3.61579676e-001
 8.79645943e-001 -9.08525959e-001 1.85697256e+000 2.76549852e+000
 9.11061870e-001 -3.06400736e+000 1.96508546e+000 5.02909282e+000
 9.42477796e-001 -4.41525787e+000 2.07620652e+000 6.49146439e+000
 9.73893723e-001 -4.80116444e+000 2.19030447e+000 6.99146892e+000
 1.00530965e+000 -4.57222534e+000 2.30733996e+000 6.87956529e+000
 1.03672558e+000 -4.29996213e+000 2.42726507e+000 6.72722720e+000
 1.06814150e+000 -4.36373431e+000 2.55002291e+000 6.91375722e+000
 1.09955743e+000 -4.67377934e+000 2.67554714e+000 7.34932649e+000
 1.13097336e+000 -4.71208032e+000 2.80376147e+000 7.51584180e+000
 1.16238928e+000 -3.88052675e+000 2.93457919e+000 6.81510594e+000
 1.19380521e+000 -1.95144812e+000 3.06790264e+000 5.01935076e+000
 1.22522113e+000 6.62423380e-001 3.20362276e+000 2.54119938e+000
 1.25663706e+000 3.00996356e+000 3.34161850e+000 3.31654944e-001
 1.28805299e+000 4.05281836e+000 3.48175637e+000 5.71061992e-001
 1.31946891e+000 3.22891918e+000 3.62388980e+000 3.94970626e-001
 1.35088484e+000 8.06360222e-001 3.76785871e+000 2.96149849e+000
 1.38230077e+000 -2.19313181e+000 3.91348887e+000 6.10662068e+000
 1.41371669e+000 -4.48482278e+000 4.06059136e+000 8.54541414e+000
 1.44513262e+000 -5.16969808e+000 4.20896203e+000 9.37866011e+000
 1.47654855e+000 -4.18360369e+000 4.35838090e+000 8.54198459e+000
 1.50796447e+000 -2.29074813e+000 4.50861158e+000 6.79935971e+000
 1.53938040e+000 -6.19243634e-001 4.65940072e+000 5.27864435e+000
 1.57079633e+000 -3.61710661e-013 4.81047738e+000 4.81047738e+000
 1.60221225e+000 -4.90509243e-001 4.96155248e+000 5.45206172e+000
 1.63362818e+000 -1.36662283e+000 5.11231819e+000 6.47894102e+000
 1.66504411e+000 -1.59788036e+000 5.26244735e+000 6.86032771e+000
 1.69646003e+000 -5.35303851e-001 5.41159287e+000 5.94689672e+000
 1.72787596e+000 1.59834359e+000 5.55938719e+000 3.96104359e+000
 1.75929189e+000 3.72965395e+000 5.70544161e+000 1.97578767e+000
 1.79070781e+000 4.49525157e+000 5.84934583e+000 1.35409426e+000
 1.82212374e+000 3.05257584e+000 5.99066728e+000 2.93809144e+000
 1.85353967e+000 -3.16094189e-001 6.12895062e+000 6.44504480e+000
 1.88495559e+000 -4.17662468e+000 6.26371715e+000 1.04403418e+001
 1.91637152e+000 -6.55996921e+000 6.39446431e+000 1.29544335e+001
 1.94778745e+000 -5.93215663e+000 6.52066514e+000 1.24528218e+001
 1.97920337e+000 -2.01334458e+000 6.64176775e+000 8.65511233e+000
 2.01061930e+000 4.00109910e+000 6.75719486e+000 2.75609576e+000
 2.04203522e+000 9.95920005e+000 6.86634331e+000 3.09285674e+000
 2.07345115e+000 1.37593201e+001 6.96858362e+000 6.79073648e+000
 2.10486708e+000 1.43271399e+001 7.06325955e+000 7.26388035e+000
 2.13628300e+000 1.20531012e+001 7.14968773e+000 4.90341345e+000
 2.16769893e+000 8.46620107e+000 7.22715726e+000 1.23904381e+000
 2.19911486e+000 5.33128719e+000 7.29492939e+000 1.96364219e+000
 2.23053078e+000 3.67133063e+000 7.35223721e+000 3.68090658e+000
 2.26194671e+000 3.26010275e+000 7.39828542e+000 4.13818267e+000
 2.29336264e+000 2.87567611e+000 7.43225005e+000 4.55657394e+000
 2.32477856e+000 1.18507726e+000 7.45327834e+000 6.26820108e+000
 2.35619449e+000 -2.22910126e+000 7.46048854e+000 9.68958979e+000
 2.38761042e+000 -6.29177894e+000 7.45296991e+000 1.37447488e+001
 2.41902634e+000 -8.68381421e+000 7.42978262e+000 1.61135968e+001
 2.45044227e+000 -6.86461773e+000 7.38995783e+000 1.42545756e+001
 2.48185820e+000 5.99355183e-001 7.33249776e+000 6.73314258e+000
 2.51327412e+000 1.30582863e+001 7.25637583e+000 5.80191050e+000
 2.54469005e+000 2.76737437e+001 7.16053693e+000 2.05132068e+001
 2.57610598e+000 4.03016500e+001 7.04389766e+000 3.32577523e+001
 2.60752190e+000 4.70145681e+001 6.90534676e+000 4.01092213e+001
 2.63893783e+000 4.56116611e+001 6.74374551e+000 3.88679156e+001
 2.67035376e+000 3.64679020e+001 6.55792832e+000 2.99099737e+001
 2.70176968e+000 2.23735743e+001 6.34670335e+000 1.60268709e+001
 2.73318561e+000 7.46039903e+000 6.10885319e+000 1.35154584e+000
 2.76460154e+000 -4.30909946e+000 5.84313575e+000 1.01522352e+001
 2.79601746e+000 -1.04637833e+001 5.54828513e+000 1.60120685e+001
 2.82743339e+000 -1.06628589e+001 5.22301271e+000 1.58858716e+001
 2.85884931e+000 -6.48293715e+000 4.86600825e+000 1.13489454e+001
 2.89026524e+000 -5.44363127e-001 4.47594118e+000 5.02030431e+000
 2.92168117e+000 4.59597950e+000 4.05146201e+000 5.44517493e-001
 2.95309709e+000 7.32846717e+000 3.59120382e+000 3.73726335e+000
 2.98451302e+000 7.35257852e+000 3.09378392e+000 4.25879460e+000
 3.01592895e+000 5.46997330e+000 2.55780566e+000 2.91216764e+000
 3.04734487e+000 2.99046848e+000 1.98186037e+000 1.00860811e+000
 3.07876080e+000 1.05250537e+000 1.36452942e+000 3.12024044e-001
 3.11017673e+000 1.45232031e-001 7.04386497e-001 5.59154466e-001
 3.14159265e+000 -6.04046492e-014 2.83382392e-015 6.32384731e-014
