 0.00000000e+000 0.00000000e+000 0.00000000e+000 0.00000000e+000
 3.14159265e-002 -2.30063837e-003 3.24132214e-002 3.47138597e-002
 6.28318531e-002 -1.82460130e-002 6.68623449e-002 8.51083579e-002
 9.42477796e-002 -6.06930638e-002 1.03409224e-001 1.64102288e-001
 1.25663706e-001 -1.40958764e-001 1.42115451e-001 2.83074215e-001
 1.57079633e-001 -2.68138366e-001 1.83042214e-001 4.51180580e-001
 1.88495559e-001 -4.48527114e-001 2.26250143e-001 6.74777257e-001
 2.19911486e-001 -6.85175648e-001 2.71799158e-001 9.56974806e-001
 2.51327412e-001 -9.77605355e-001 3.19748292e-001 1.29735365e+000
 2.82743339e-001 -1.32170445e+000 3.70155520e-001 1.69185997e+000
 3.14159265e-001 -1.70981877e+000 4.23077568e-001 2.13289634e+000
 3.45575192e-001 -2.13104277e+000 4.78569719e-001 2.60961249e+000
 3.76991118e-001 -2.57170675e+000 5.36685605e-001 3.10839235e+000
 4.08407045e-001 -3.01604519e+000 5.97476992e-001 3.61352218e+000
 4.39822972e-001 -3.44702031e+000 6.60993554e-001 4.10801387e+000
 4.71238898e-001 -3.84726343e+000 7.27282634e-001 4.57454606e+000
 5.02654825e-001 -4.20008644e+000 7.96388999e-001 4.99647544e+000
 5.34070751e-001 -4.49050758e+000 8.68354578e-001 5.35886216e+000
 5.65486678e-001 -4.70622925e+000 9.43218198e-001 5.64944745e+000
 5.96902604e-001 -4.83850360e+000 1.02101530e+000 5.85951889e+000
 6.28318531e-001 -4.88282296e+000 1.10177764e+000 5.98460061e+000
 6.59734457e-001 -4.83937845e+000 1.18553302e+000 6.02491147e+000
 6.91150384e-001 -4.71324032e+000 1.27230491e+000 5.98554522e+000
 7.22566310e-001 -4.51422894e+000 1.36211218e+000 5.87634112e+000
 7.53982237e-001 -4.25646354e+000 1.45496874e+000 5.71143229e+000
 7.85398163e-001 -3.95759700e+000 1.55088320e+000 5.50848020e+000
 8.16814090e-001 -3.63776762e+000 1.64985847e+000 5.28762609e+000
 8.48230016e-001 -3.31832087e+000 1.75189144e+000 5.07021231e+000
 8.79645943e-001 -3.02037456e+000 1.85697256e+000 4.87734712e+000
 9.11061870e-001 -2.76331727e+000 1.96508546e+000 4.72840273e+000
 9.42477796e-001 -2.56334164e+000 2.07620652e+000 4.63954816e+000
 9.73893723e-001 -2.43211853e+000 2.19030447e+000 4.62242300e+000
 1.00530965e+000 -2.37571600e+000 2.30733996e+000 4.68305596e+000
 1.03672558e+000 -2.39385610e+000 2.42726507e+000 4.82112116e+000
 1.06814150e+000 -2.47958466e+000 2.55002291e+000 5.02960757e+000
 1.09955743e+000 -2.61940423e+000 2.67554714e+000 5.29495137e+000
 1.13097336e+000 -2.79388951e+000 2.80376147e+000 5.59765098e+000
 1.16238928e+000 -2.97877088e+000 2.93457919e+000 5.91335006e+000
 1.19380521e+000 -3.14643571e+000 3.06790264e+000 6.21433835e+000
 1.22522113e+000 -3.26776340e+000 3.20362276e+000 6.47138615e+000
 1.25663706e+000 -3.31417950e+000 3.34161850e+000 6.65579800e+000
 1.28805299e+000 -3.25979107e+000 3.48175637e+000 6.74154744e+000
 1.31946891e+000 -3.08344996e+000 3.62388980e+000 6.70733977e+000
 1.35088484e+000 -2.77058649e+000 3.76785871e+000 6.53844521e+000
 1.38230077e+000 -2.31466291e+000 3.91348887e+000 6.22815177e+000
 1.41371669e+000 -1.71811438e+000 4.06059136e+000 5.77870574e+000
 1.44513262e+000 -9.92675098e-001 4.20896203e+000 5.20163713e+000
 1.47654855e+000 -1.59025765e-001 4.35838090e+000 4.51740666e+000
 1.50796447e+000 7.54254707e-001 4.50861158e+000 3.75435687e+000
 1.53938040e+000 1.71240048e+000 4.65940072e+000 2.94700024e+000
 1.57079633e+000 2.67674908e+000 4.81047738e+000 2.13372830e+000
 1.60221225e+000 3.60747893e+000 4.96155248e+000 1.35407355e+000
 1.63362818e+000 4.46662118e+000 5.11231819e+000 6.45697012e-001
 1.66504411e+000 5.22114193e+000 5.26244735e+000 4.13054153e-002
 1.69646003e+000 5.84587324e+000 5.41159287e+000 4.34280371e-001
 1.72787596e+000 6.32606816e+000 5.55938719e+000 7.66680979e-001
 1.75929189e+000 6.65936855e+000 5.70544161e+000 9.53926935e-001
 1.79070781e+000 6.85700354e+000 5.84934583e+000 1.00765771e+000
 1.82212374e+000 6.94408055e+000 5.99066728e+000 9.53413264e-001
 1.85353967e+000 6.95888698e+000 6.12895062e+000 8.29936369e-001
 1.88495559e+000 6.95118608e+000 6.26371715e+000 6.87468934e-001
 1.91637152e+000 6.97956017e+000 6.39446431e+000 5.85095861e-001
 1.94778745e+000 7.10792468e+000 6.52066514e+000 5.87259541e-001
 1.97920337e+000 7.40140090e+000 6.64176775e+000 7.59633152e-001
 2.01061930e+000 7.92179076e+000 6.75719486e+000 1.16459590e+000
 2.04203522e+000 8.72293759e+000 6.86634331e+000 1.85659427e+000
 2.07345115e+000 9.84628013e+000 6.96858362e+000 2.87769650e+000
 2.10486708e+000 1.13169102e+001 7.06325955e+000 4.25365062e+000
 2.13628300e+000 1.31404260e+001 7.14968773e+000 5.99073829e+000
 2.16769893e+000 1.53008351e+001 7.22715726e+000 8.07367788e+000
 2.19911486e+000 1.77597015e+001 7.29492939e+000 1.04647721e+001
 2.23053078e+000 2.04566592e+001 7.35223721e+000 1.31044220e+001
 2.26194671e+000 2.33113297e+001 7.39828542e+000 1.59130443e+001
 2.29336264e+000 2.62265881e+001 7.43225005e+000 1.87943380e+001
 2.32477856e+000 2.90930333e+001 7.45327834e+000 2.16397550e+001
 2.35619449e+000 3.17944340e+001 7.46048854e+000 2.43339454e+001
 2.38761042e+000 3.42138463e+001 7.45296991e+000 2.67608764e+001
 2.41902634e+000 3.62400487e+001 7.42978262e+000 2.88102660e+001
 2.45044227e+000 3.77739024e+001 7.38995783e+000 3.03839446e+001
 2.48185820e+000 3.87342399e+001 7.33249776e+000 3.14017422e+001
 2.51327412e+000 3.90628994e+001 7.25637583e+000 3.18065235e+001
 2.54469005e+000 3.87285682e+001 7.16053693e+000 3.15680313e+001
 2.57610598e+000 3.77291627e+001 7.04389766e+000 3.06852650e+001
 2.60752190e+000 3.60925573e+001 6.90534676e+000 2.91872106e+001
 2.63893783e+000 3.38755784e+001 6.74374551e+000 2.71318329e+001
 2.67035376e+000 3.11612825e+001 6.55792832e+000 2.46033542e+001
 2.70176968e+000 2.80546509e+001 6.34670335e+000 2.17079475e+001
 2.73318561e+000 2.46769334e+001 6.10885319e+000 1.85680802e+001
 2.76460154e+000 2.11589644e+001 5.84313575e+000 1.53158286e+001
 2.79601746e+000 1.76338446e+001 5.54828513e+000 1.20855595e+001
 2.82743339e+000 1.42294295e+001 5.22301271e+000 9.00641681e+000
 2.85884931e+000 1.10610817e+001 4.86600825e+000 6.19507346e+000
 2.89026524e+000 8.22513704e+000 4.47594118e+000 3.74919586e+000
 2.92168117e+000 5.79349256e+000 4.05146201e+000 1.74203054e+000
 2.95309709e+000 3.80965957e+000 3.59120382e+000 2.18455757e-001
 2.98451302e+000 2.28653584e+000 3.09378392e+000 8.07248075e-001
 3.01592895e+000 1.20604511e+000 2.55780566e+000 1.35176055e+000
 3.04734487e+000 5.20676007e-001 1.98186037e+000 1.46118436e+000
 3.07876080e+000 1.56833072e-001 1.36452942e+000 1.20769635e+000
 3.11017673e+000 1.97983328e-002 7.04386497e-001 6.84588164e-001
 3.14159265e+000 1.29472563e-014 2.83382392e-015 1.01134324e-014
