 0.00000000e+000 0.00000000e+000 0.00000000e+000 0.00000000e+000
 3.14159265e-002 -2.56648412e-002 3.24132214e-002 5.80780626e-002
 6.28318531e-002 -1.96625473e-001 6.68623449e-002 2.63487818e-001
 9.42477796e-002 -6.17254233e-001 1.03409224e-001 7.20663457e-001
 1.25663706e-001 -1.32122093e+000 1.42115451e-001 1.46333638e+000
 1.57079633e-001 -2.26095379e+000 1.83042214e-001 2.44399601e+000
 1.88495559e-001 -3.31916884e+000 2.26250143e-001 3.54541898e+000
 2.19911486e-001 -4.33924887e+000 2.71799158e-001 4.61104803e+000
 2.51327412e-001 -5.16608779e+000 3.19748292e-001 5.48583608e+000
 2.82743339e-001 -5.68616398e+000 3.70155520e-001 6.05631950e+000
 3.14159265e-001 -5.85587471e+000 4.23077568e-001 6.27895228e+000
 3.45575192e-001 -5.71049816e+000 4.78569719e-001 6.18906788e+000
 3.76991118e-001 -5.35163295e+000 5.36685605e-001 5.88831856e+000
 4.08407045e-001 -4.91705838e+000 5.97476992e-001 5.51453537e+000
 4.39822972e-001 -4.54191895e+000 6.60993554e-001 5.20291250e+000
 4.71238898e-001 -4.32252124e+000 7.27282634e-001 5.04980387e+000
 5.02654825e-001 -4.29311714e+000 7.96388999e-001 5.08950614e+000
 5.34070751e-001 -4.42207288e+000 8.68354578e-001 5.29042746e+000
 5.65486678e-001 -4.62794143e+000 9.43218198e-001 5.57115963e+000
 5.96902604e-001 -4.80991989e+000 1.02101530e+000 5.83093519e+000
 6.28318531e-001 -4.88282296e+000 1.10177764e+000 5.98460061e+000
 6.59734457e-001 -4.80540273e+000 1.18553302e+000 5.99093575e+000
 6.91150384e-001 -4.59304464e+000 1.27230491e+000 5.86534955e+000
 7.22566310e-001 -4.31093183e+000 1.36211218e+000 5.67304401e+000
 7.53982237e-001 -4.05013422e+000 1.45496874e+000 5.50510296e+000
 7.85398163e-001 -3.89472032e+000 1.55088320e+000 5.44560352e+000
 8.16814090e-001 -3.89105861e+000 1.64985847e+000 5.54091707e+000
 8.48230016e-001 -4.02989884e+000 1.75189144e+000 5.78179028e+000
 8.79645943e-001 -4.24769057e+000 1.85697256e+000 6.10466313e+000
 9.11061870e-001 -4.44717458e+000 1.96508546e+000 6.41226004e+000
 9.42477796e-001 -4.53065280e+000 2.07620652e+000 6.60685932e+000
 9.73893723e-001 -4.43473407e+000 2.19030447e+000 6.62503854e+000
 1.00530965e+000 -4.15441323e+000 2.30733996e+000 6.46175319e+000
 1.03672558e+000 -3.74754363e+000 2.42726507e+000 6.17480869e+000
 1.06814150e+000 -3.31719590e+000 2.55002291e+000 5.86721882e+000
 1.09955743e+000 -2.97700106e+000 2.67554714e+000 5.65254820e+000
 1.13097336e+000 -2.81078778e+000 2.80376147e+000 5.61454926e+000
 1.16238928e+000 -2.84042663e+000 2.93457919e+000 5.77500581e+000
 1.19380521e+000 -3.01369153e+000 3.06790264e+000 6.08159417e+000
 1.22522113e+000 -3.21761239e+000 3.20362276e+000 6.42123515e+000
 1.25663706e+000 -3.31417950e+000 3.34161850e+000 6.65579800e+000
 1.28805299e+000 -3.18723121e+000 3.48175637e+000 6.66898758e+000
 1.31946891e+000 -2.78473769e+000 3.62388980e+000 6.40862750e+000
 1.35088484e+000 -2.14129925e+000 3.76785871e+000 5.90915796e+000
 1.38230077e+000 -1.37162344e+000 3.91348887e+000 5.28511231e+000
 1.41371669e+000 -6.35298586e-001 4.06059136e+000 4.69588995e+000
 1.44513262e+000 -8.32507295e-002 4.20896203e+000 4.29221276e+000
 1.47654855e+000 1.96611870e-001 4.35838090e+000 4.16176903e+000
 1.50796447e+000 2.15569113e-001 4.50861158e+000 4.29304247e+000
 1.53938040e+000 8.81003826e-002 4.65940072e+000 4.57130034e+000
 1.57079633e+000 -1.02473585e-013 4.81047738e+000 4.81047738e+000
 1.60221225e+000 1.49112329e-001 4.96155248e+000 4.81244015e+000
 1.63362818e+000 6.77358492e-001 5.11231819e+000 4.43495970e+000
 1.66504411e+000 1.61712108e+000 5.26244735e+000 3.64532626e+000
 1.69646003e+000 2.87175930e+000 5.41159287e+000 2.53983357e+000
 1.72787596e+000 4.23963980e+000 5.55938719e+000 1.31974738e+000
 1.75929189e+000 5.47667120e+000 5.70544161e+000 2.28770411e-001
 1.79070781e+000 6.37860380e+000 5.84934583e+000 5.29257968e-001
 1.82212374e+000 6.85608119e+000 5.99066728e+000 8.65413909e-001
 1.85353967e+000 6.97585442e+000 6.12895062e+000 8.46903800e-001
 1.88495559e+000 6.95118608e+000 6.26371715e+000 6.87468934e-001
 1.91637152e+000 7.08066157e+000 6.39446431e+000 6.86197257e-001
 1.94778745e+000 7.65232807e+000 6.52066514e+000 1.13166294e+000
 1.97920337e+000 8.84335560e+000 6.64176775e+000 2.20158785e+000
 2.01061930e+000 1.06493875e+001 6.75719486e+000 3.89219259e+000
 2.04203522e+000 1.28703573e+001 6.86634331e+000 6.00401400e+000
 2.07345115e+000 1.51624377e+001 6.96858362e+000 8.19385413e+000
 2.10486708e+000 1.71440094e+001 7.06325955e+000 1.00807498e+001
 2.13628300e+000 1.85241157e+001 7.14968773e+000 1.13744280e+001
 2.16769893e+000 1.92115440e+001 7.22715726e+000 1.19843868e+001
 2.19911486e+000 1.93656486e+001 7.29492939e+000 1.20707192e+001
 2.23053078e+000 1.93663646e+001 7.35223721e+000 1.20141274e+001
 2.26194671e+000 1.97061434e+001 7.39828542e+000 1.23078580e+001
 2.29336264e+000 2.08330512e+001 7.43225005e+000 1.34008012e+001
 2.32477856e+000 2.29932779e+001 7.45327834e+000 1.55399996e+001
 2.35619449e+000 2.61258983e+001 7.46048854e+000 1.86654098e+001
 2.38761042e+000 2.98502045e+001 7.45296991e+000 2.23972346e+001
 2.41902634e+000 3.35590119e+001 7.42978262e+000 2.61292292e+001
 2.45044227e+000 3.65976496e+001 7.38995783e+000 2.92076917e+001
 2.48185820e+000 3.84782928e+001 7.33249776e+000 3.11457951e+001
 2.51327412e+000 3.90628994e+001 7.25637583e+000 3.18065235e+001
 2.54469005e+000 3.86516638e+001 7.16053693e+000 3.14911269e+001
 2.57610598e+000 3.79380438e+001 7.04389766e+000 3.08941462e+001
 2.60752190e+000 3.78300117e+001 6.90534676e+000 3.09246649e+001
 2.63893783e+000 3.91792141e+001 6.74374551e+000 3.24354686e+001
 2.67035376e+000 4.24923016e+001 6.55792832e+000 3.59343732e+001
 2.70176968e+000 4.77110095e+001 6.34670335e+000 4.13643061e+001
 2.73318561e+000 5.41343913e+001 6.10885319e+000 4.80255381e+001
 2.76460154e+000 6.05201838e+001 5.84313575e+000 5.46770481e+001
 2.79601746e+000 6.53521324e+001 5.54828513e+000 5.98038473e+001
 2.82743339e+000 6.72104411e+001 5.22301271e+000 6.19874284e+001
 2.85884931e+000 6.51481936e+001 4.86600825e+000 6.02821853e+001
 2.89026524e+000 5.89686345e+001 4.47594118e+000 5.44926934e+001
 2.92168117e+000 4.93202945e+001 4.05146201e+000 4.52688325e+001
 2.95309709e+000 3.75740467e+001 3.59120382e+000 3.39828429e+001
 2.98451302e+000 2.55056703e+001 3.09378392e+000 2.24118864e+001
 3.01592895e+000 1.48626521e+001 2.55780566e+000 1.23048465e+001
 3.04734487e+000 6.92876580e+000 1.98186037e+000 4.94690544e+000
 3.07876080e+000 2.20386629e+000 1.36452942e+000 8.39336871e-001
 3.11017673e+000 2.87411641e-001 7.04386497e-001 4.16974856e-001
 3.14159265e+000 1.76581799e-014 2.83382392e-015 1.48243560e-014
