 0.00000000e+000 0.00000000e+000 0.00000000e+000 0.00000000e+000
 3.14159265e-002 1.39099751e-002 3.24132214e-002 1.85032462e-002
 6.28318531e-002 9.30491148e-002 6.68623449e-002 2.61867699e-002
 9.42477796e-002 2.27578257e-001 1.03409224e-001 1.24169032e-001
 1.25663706e-001 3.20737987e-001 1.42115451e-001 1.78622535e-001
 1.57079633e-001 2.57773911e-001 1.83042214e-001 7.47316970e-002
 1.88495559e-001 1.12384603e-002 2.26250143e-001 2.15011683e-001
 2.19911486e-001 -2.98101163e-001 2.71799158e-001 5.69900321e-001
 2.51327412e-001 -4.47315473e-001 3.19748292e-001 7.67063766e-001
 2.82743339e-001 -2.58511986e-001 3.70155520e-001 6.28667506e-001
 3.14159265e-001 2.37250749e-001 4.23077568e-001 1.85826819e-001
 3.45575192e-001 7.38187021e-001 4.78569719e-001 2.59617302e-001
 3.76991118e-001 7.87305200e-001 5.36685605e-001 2.50619595e-001
 4.08407045e-001 3.30336547e-002 5.97476992e-001 5.64443338e-001
 4.39822972e-001 -1.50593837e+000 6.60993554e-001 2.16693193e+000
 4.71238898e-001 -3.34692788e+000 7.27282634e-001 4.07421052e+000
 5.02654825e-001 -4.71799821e+000 7.96388999e-001 5.51438721e+000
 5.34070751e-001 -4.94112769e+000 8.68354578e-001 5.80948226e+000
 5.65486678e-001 -3.82000366e+000 9.43218198e-001 4.76322186e+000
 5.96902604e-001 -1.79665508e+000 1.02101530e+000 2.81767038e+000
 6.28318531e-001 2.42853918e-001 1.10177764e+000 8.58923726e-001
 6.59734457e-001 1.42801648e+000 1.18553302e+000 2.42483466e-001
 6.91150384e-001 1.37281652e+000 1.27230491e+000 1.00511608e-001
 7.22566310e-001 3.76057309e-001 1.36211218e+000 9.86054871e-001
 7.53982237e-001 -7.73810937e-001 1.45496874e+000 2.22877968e+000
 7.85398163e-001 -1.27890894e+000 1.55088320e+000 2.82979214e+000
 8.16814090e-001 -8.10545520e-001 1.64985847e+000 2.46040399e+000
 8.48230016e-001 3.01801708e-001 1.75189144e+000 1.45008973e+000
 8.79645943e-001 1.28189770e+000 1.85697256e+000 5.75074856e-001
 9.11061870e-001 1.38424297e+000 1.96508546e+000 5.80842485e-001
 9.42477796e-001 3.44887485e-001 2.07620652e+000 1.73131904e+000
 9.73893723e-001 -1.46162412e+000 2.19030447e+000 3.65192859e+000
 1.00530965e+000 -3.23863411e+000 2.30733996e+000 5.54597406e+000
 1.03672558e+000 -4.21038189e+000 2.42726507e+000 6.63764696e+000
 1.06814150e+000 -4.02220628e+000 2.55002291e+000 6.57222919e+000
 1.09955743e+000 -2.87707811e+000 2.67554714e+000 5.55262526e+000
 1.13097336e+000 -1.36283419e+000 2.80376147e+000 4.16659567e+000
 1.16238928e+000 -1.06693778e-001 2.93457919e+000 3.04127296e+000
 1.19380521e+000 5.28447915e-001 3.06790264e+000 2.53945472e+000
 1.22522113e+000 5.50681776e-001 3.20362276e+000 2.65294098e+000
 1.25663706e+000 2.32982313e-001 3.34161850e+000 3.10863619e+000
 1.28805299e+000 -9.92765296e-002 3.48175637e+000 3.58103290e+000
 1.31946891e+000 -2.46113569e-001 3.62388980e+000 3.87000337e+000
 1.35088484e+000 -1.90008806e-001 3.76785871e+000 3.95786752e+000
 1.38230077e+000 -3.72047037e-002 3.91348887e+000 3.95069357e+000
 1.41371669e+000 8.83449881e-002 4.06059136e+000 3.97224637e+000
 1.44513262e+000 1.24194925e-001 4.20896203e+000 4.08476710e+000
 1.47654855e+000 8.57630581e-002 4.35838090e+000 4.27261784e+000
 1.50796447e+000 2.98678904e-002 4.50861158e+000 4.47874369e+000
 1.53938040e+000 1.49887358e-003 4.65940072e+000 4.65790185e+000
 1.57079633e+000 2.83106871e-013 4.81047738e+000 4.81047738e+000
 1.60221225e+000 -1.55789120e-002 4.96155248e+000 4.97713139e+000
 1.63362818e+000 -8.50200438e-002 5.11231819e+000 5.19733823e+000
 1.66504411e+000 -1.95509981e-001 5.26244735e+000 5.45795733e+000
 1.69646003e+000 -2.61450992e-001 5.41159287e+000 5.67304387e+000
 1.72787596e+000 -1.69248576e-001 5.55938719e+000 5.72863576e+000
 1.75929189e+000 1.19296206e-001 5.70544161e+000 5.58614541e+000
 1.79070781e+000 4.70367284e-001 5.84934583e+000 5.37897855e+000
 1.82212374e+000 5.87950429e-001 5.99066728e+000 5.40271685e+000
 1.85353967e+000 1.91065991e-001 6.12895062e+000 5.93788462e+000
 1.88495559e+000 -6.98554257e-001 6.26371715e+000 6.96227140e+000
 1.91637152e+000 -1.54734553e+000 6.39446431e+000 7.94180984e+000
 1.94778745e+000 -1.40334902e+000 6.52066514e+000 7.92401416e+000
 1.97920337e+000 6.22544750e-001 6.64176775e+000 6.01922300e+000
 2.01061930e+000 4.67465673e+000 6.75719486e+000 2.08253813e+000
 2.04203522e+000 9.69418622e+000 6.86634331e+000 2.82784291e+000
 2.07345115e+000 1.36076241e+001 6.96858362e+000 6.63904050e+000
 2.10486708e+000 1.42622228e+001 7.06325955e+000 7.19896327e+000
 2.13628300e+000 1.07056811e+001 7.14968773e+000 3.55599336e+000
 2.16769893e+000 4.04567650e+000 7.22715726e+000 3.18148075e+000
 2.19911486e+000 -2.79001349e+000 7.29492939e+000 1.00849429e+001
 2.23053078e+000 -6.48705725e+000 7.35223721e+000 1.38392945e+001
 2.26194671e+000 -5.27956187e+000 7.39828542e+000 1.26778473e+001
 2.29336264e+000 -2.16023154e-001 7.43225005e+000 7.64827321e+000
 2.32477856e+000 5.18853530e+000 7.45327834e+000 2.26474304e+000
 2.35619449e+000 6.95247289e+000 7.46048854e+000 5.08015649e-001
 2.38761042e+000 3.23117977e+000 7.45296991e+000 4.22179014e+000
 2.41902634e+000 -4.08346319e+000 7.42978262e+000 1.15132458e+001
 2.45044227e+000 -9.95393502e+000 7.38995783e+000 1.73438929e+001
 2.48185820e+000 -8.90719159e+000 7.33249776e+000 1.62396894e+001
 2.51327412e+000 1.57463259e+000 7.25637583e+000 5.68174324e+000
 2.54469005e+000 1.90174657e+001 7.16053693e+000 1.18569288e+001
 2.57610598e+000 3.66662031e+001 7.04389766e+000 2.96223054e+001
 2.60752190e+000 4.67613149e+001 6.90534676e+000 3.98559681e+001
 2.63893783e+000 4.46221437e+001 6.74374551e+000 3.78783982e+001
 2.67035376e+000 3.11974950e+001 6.55792832e+000 2.46395666e+001
 2.70176968e+000 1.25749129e+001 6.34670335e+000 6.22820957e+000
 2.73318561e+000 -3.28624378e+000 6.10885319e+000 9.39509697e+000
 2.76460154e+000 -1.06989528e+001 5.84313575e+000 1.65420885e+001
 2.79601746e+000 -8.89257772e+000 5.54828513e+000 1.44408629e+001
 2.82743339e+000 -1.74872585e+000 5.22301271e+000 6.97173856e+000
 2.85884931e+000 4.98836832e+000 4.86600825e+000 1.22360071e-001
 2.89026524e+000 7.17091081e+000 4.47594118e+000 2.69496963e+000
 2.92168117e+000 4.27416300e+000 4.05146201e+000 2.22700990e-001
 2.95309709e+000 -1.03594079e+000 3.59120382e+000 4.62714460e+000
 2.98451302e+000 -5.18697874e+000 3.09378392e+000 8.28076266e+000
 3.01592895e+000 -6.12754578e+000 2.55780566e+000 8.68535144e+000
 3.04734487e+000 -4.30415290e+000 1.98186037e+000 6.28601327e+000
 3.07876080e+000 -1.75842762e+000 1.36452942e+000 3.12295704e+000
 3.11017673e+000 -2.63163505e-001 7.04386497e-001 9.67550003e-001
 3.14159265e+000 -9.90819072e-014 2.83382392e-015 1.01915731e-013
