 0.00000000e+000 0.00000000e+000 0.00000000e+000 0.00000000e+000
 3.14159265e-002 6.95340123e-003 3.24132214e-002 2.54598201e-002
 6.28318531e-002 1.54124365e-001 6.68623449e-002 8.72620201e-002
 9.42477796e-002 4.25528686e-001 1.03409224e-001 3.22119462e-001
 1.25663706e-001 6.21623518e-001 1.42115451e-001 4.79508066e-001
 1.57079633e-001 4.95439257e-001 1.83042214e-001 3.12397043e-001
 1.88495559e-001 -3.69940031e-002 2.26250143e-001 2.63244146e-001
 2.19911486e-001 -7.67986909e-001 2.71799158e-001 1.03978607e+000
 2.51327412e-001 -1.26638339e+000 3.19748292e-001 1.58613168e+000
 2.82743339e-001 -1.12939705e+000 3.70155520e-001 1.49955257e+000
 3.14159265e-001 -2.70917940e-001 4.23077568e-001 6.93995508e-001
 3.45575192e-001 9.48832335e-001 4.78569719e-001 4.70262616e-001
 3.76991118e-001 1.86794510e+000 5.36685605e-001 1.33125950e+000
 4.08407045e-001 1.89032377e+000 5.97476992e-001 1.29284678e+000
 4.39822972e-001 8.70961186e-001 6.60993554e-001 2.09967632e-001
 4.71238898e-001 -7.24702859e-001 7.27282634e-001 1.45198549e+000
 5.02654825e-001 -2.01790572e+000 7.96388999e-001 2.81429472e+000
 5.34070751e-001 -2.19248629e+000 8.68354578e-001 3.06084087e+000
 5.65486678e-001 -9.90264283e-001 9.43218198e-001 1.93348248e+000
 5.96902604e-001 1.07296174e+000 1.02101530e+000 5.19464442e-002
 6.28318531e-001 2.92975407e+000 1.10177764e+000 1.82797643e+000
 6.59734457e-001 3.53144906e+000 1.18553302e+000 2.34591605e+000
 6.91150384e-001 2.46001756e+000 1.27230491e+000 1.18771266e+000
 7.22566310e-001 2.24216011e-001 1.36211218e+000 1.13789617e+000
 7.53982237e-001 -1.95908826e+000 1.45496874e+000 3.41405701e+000
 7.85398163e-001 -2.81003156e+000 1.55088320e+000 4.36091476e+000
 8.16814090e-001 -1.71331639e+000 1.64985847e+000 3.36317486e+000
 8.48230016e-001 8.86854021e-001 1.75189144e+000 8.65037417e-001
 8.79645943e-001 3.67306609e+000 1.85697256e+000 1.81609353e+000
 9.11061870e-001 5.15008220e+000 1.96508546e+000 3.18499674e+000
 9.42477796e-001 4.48020362e+000 2.07620652e+000 2.40399709e+000
 9.73893723e-001 1.98958009e+000 2.19030447e+000 2.00724379e-001
 1.00530965e+000 -9.58908001e-001 2.30733996e+000 3.26624796e+000
 1.03672558e+000 -2.68373506e+000 2.42726507e+000 5.11100013e+000
 1.06814150e+000 -2.11334774e+000 2.55002291e+000 4.66337065e+000
 1.09955743e+000 5.90375515e-001 2.67554714e+000 2.08517163e+000
 1.13097336e+000 4.07685725e+000 2.80376147e+000 1.27309578e+000
 1.16238928e+000 6.51857451e+000 2.93457919e+000 3.58399532e+000
 1.19380521e+000 6.61262242e+000 3.06790264e+000 3.54471978e+000
 1.22522113e+000 4.31991566e+000 3.20362276e+000 1.11629291e+000
 1.25663706e+000 9.21046947e-001 3.34161850e+000 2.42057156e+000
 1.28805299e+000 -1.66042787e+000 3.48175637e+000 5.14218424e+000
 1.31946891e+000 -1.90767261e+000 3.62388980e+000 5.53156242e+000
 1.35088484e+000 4.42989148e-001 3.76785871e+000 3.32486957e+000
 1.38230077e+000 4.23353321e+000 3.91348887e+000 3.20044343e-001
 1.41371669e+000 7.49927388e+000 4.06059136e+000 3.43868252e+000
 1.44513262e+000 8.53882481e+000 4.20896203e+000 4.32986278e+000
 1.47654855e+000 6.85268625e+000 4.35838090e+000 2.49430535e+000
 1.50796447e+000 3.42969747e+000 4.50861158e+000 1.07891411e+000
 1.53938040e+000 2.16612355e-001 4.65940072e+000 4.44278836e+000
 1.57079633e+000 -9.42982628e-001 4.81047738e+000 5.75346001e+000
 1.60221225e+000 6.81354582e-001 4.96155248e+000 4.28019790e+000
 1.63362818e+000 4.30449925e+000 5.11231819e+000 8.07818937e-001
 1.66504411e+000 8.05370758e+000 5.26244735e+000 2.79126023e+000
 1.69646003e+000 9.99209792e+000 5.41159287e+000 4.58050505e+000
 1.72787596e+000 9.17483446e+000 5.55938719e+000 3.61544728e+000
 1.75929189e+000 6.15851150e+000 5.70544161e+000 4.53069883e-001
 1.79070781e+000 2.68738211e+000 5.84934583e+000 3.16196372e+000
 1.82212374e+000 7.34031015e-001 5.99066728e+000 5.25663627e+000
 1.85353967e+000 1.42507651e+000 6.12895062e+000 4.70387411e+000
 1.88495559e+000 4.44035314e+000 6.26371715e+000 1.82336400e+000
 1.91637152e+000 8.20766023e+000 6.39446431e+000 1.81319592e+000
 1.94778745e+000 1.07751213e+001 6.52066514e+000 4.25445621e+000
 1.97920337e+000 1.08742506e+001 6.64176775e+000 4.23248282e+000
 2.01061930e+000 8.59105605e+000 6.75719486e+000 1.83386119e+000
 2.04203522e+000 5.28800325e+000 6.86634331e+000 1.57834006e+000
 2.07345115e+000 2.83633728e+000 6.96858362e+000 4.13224634e+000
 2.10486708e+000 2.59311590e+000 7.06325955e+000 4.47014366e+000
 2.13628300e+000 4.68534467e+000 7.14968773e+000 2.46434306e+000
 2.16769893e+000 7.98063965e+000 7.22715726e+000 7.53482388e-001
 2.19911486e+000 1.07386408e+001 7.29492939e+000 3.44371146e+000
 2.23053078e+000 1.15671574e+001 7.35223721e+000 4.21492023e+000
 2.26194671e+000 1.01543436e+001 7.39828542e+000 2.75605814e+000
 2.29336264e+000 7.38955110e+000 7.43225005e+000 4.26989521e-002
 2.32477856e+000 4.83293634e+000 7.45327834e+000 2.62034200e+000
 2.35619449e+000 3.84917373e+000 7.46048854e+000 3.61131480e+000
 2.38761042e+000 4.88873672e+000 7.45296991e+000 2.56423319e+000
 2.41902634e+000 7.29704103e+000 7.42978262e+000 1.32741586e-001
 2.45044227e+000 9.72618879e+000 7.38995783e+000 2.33623096e+000
 2.48185820e+000 1.08933456e+001 7.33249776e+000 3.56084784e+000
 2.51327412e+000 1.02565502e+001 7.25637583e+000 3.00017439e+000
 2.54469005e+000 8.24953926e+000 7.16053693e+000 1.08900233e+000
 2.57610598e+000 5.97921339e+000 7.04389766e+000 1.06468428e+000
 2.60752190e+000 4.58720243e+000 6.90534676e+000 2.31814432e+000
 2.63893783e+000 4.64452622e+000 6.74374551e+000 2.09921928e+000
 2.67035376e+000 5.90204814e+000 6.55792832e+000 6.55880185e-001
 2.70176968e+000 7.49992338e+000 6.34670335e+000 1.15322003e+000
 2.73318561e+000 8.48079842e+000 6.10885319e+000 2.37194523e+000
 2.76460154e+000 8.30044033e+000 5.84313575e+000 2.45730459e+000
 2.79601746e+000 7.06092033e+000 5.54828513e+000 1.51263520e+000
 2.82743339e+000 5.37203780e+000 5.22301271e+000 1.49025092e-001
 2.85884931e+000 3.96143891e+000 4.86600825e+000 9.04569337e-001
 2.89026524e+000 3.27837019e+000 4.47594118e+000 1.19757100e+000
 2.92168117e+000 3.30848713e+000 4.05146201e+000 7.42974880e-001
 2.95309709e+000 3.66928838e+000 3.59120382e+000 7.80845642e-002
 2.98451302e+000 3.88635940e+000 3.09378392e+000 7.92575479e-001
 3.01592895e+000 3.66162181e+000 2.55780566e+000 1.10381614e+000
 3.04734487e+000 2.98013747e+000 1.98186037e+000 9.98277106e-001
 3.07876080e+000 2.02590618e+000 1.36452942e+000 6.61376764e-001
 3.11017673e+000 1.00239022e+000 7.04386497e-001 2.98003728e-001
 3.14159265e+000 2.39461530e-014 2.83382392e-015 2.11123291e-014
