 0.00000000e+000 0.00000000e+000 0.00000000e+000 0.00000000e+000
 3.14159265e-002 -2.82608803e-001 3.24132214e-002 3.15022024e-001
 6.28318531e-002 -2.56279438e+000 6.68623449e-002 2.62965672e+000
 9.42477796e-002 -7.54094581e+000 1.03409224e-001 7.64435503e+000
 1.25663706e-001 -1.39585024e+001 1.42115451e-001 1.41006179e+001
 1.57079633e-001 -1.89255307e+001 1.83042214e-001 1.91085729e+001
 1.88495559e-001 -1.91475145e+001 2.26250143e-001 1.93737647e+001
 2.19911486e-001 -1.25436013e+001 2.71799158e-001 1.28154004e+001
 2.51327412e-001 4.61974842e-001 3.19748292e-001 1.42226550e-001
 2.82743339e-001 1.65999634e+001 3.70155520e-001 1.62298079e+001
 3.14159265e-001 3.06231634e+001 4.23077568e-001 3.02000858e+001
 3.45575192e-001 3.71361700e+001 4.78569719e-001 3.66576003e+001
 3.76991118e-001 3.27171151e+001 5.36685605e-001 3.21804295e+001
 4.08407045e-001 1.74884509e+001 5.97476992e-001 1.68909739e+001
 4.39822972e-001 -4.54183240e+000 6.60993554e-001 5.20282595e+000
 4.71238898e-001 -2.65983356e+001 7.27282634e-001 2.73256182e+001
 5.02654825e-001 -4.13815926e+001 7.96388999e-001 4.21779816e+001
 5.34070751e-001 -4.36449534e+001 8.68354578e-001 4.45133079e+001
 5.65486678e-001 -3.21480721e+001 9.43218198e-001 3.30912903e+001
 5.96902604e-001 -1.02320054e+001 1.02101530e+000 1.12530207e+001
 6.28318531e-001 1.52385579e+001 1.10177764e+000 1.41367803e+001
 6.59734457e-001 3.62094513e+001 1.18553302e+000 3.50239182e+001
 6.91150384e-001 4.62052325e+001 1.27230491e+000 4.49329276e+001
 7.22566310e-001 4.25190439e+001 1.36211218e+000 4.11569317e+001
 7.53982237e-001 2.70272324e+001 1.45496874e+000 2.55722637e+001
 7.85398163e-001 5.35244734e+000 1.55088320e+000 3.80156414e+000
 8.16814090e-001 -1.52761237e+001 1.64985847e+000 1.69259822e+001
 8.48230016e-001 -2.86305446e+001 1.75189144e+000 3.03824361e+001
 8.79645943e-001 -3.15673396e+001 1.85697256e+000 3.34243121e+001
 9.11061870e-001 -2.48246112e+001 1.96508546e+000 2.67896967e+001
 9.42477796e-001 -1.22977656e+001 2.07620652e+000 1.43739722e+001
 9.73893723e-001 8.31856912e-001 2.19030447e+000 1.35844756e+000
 1.00530965e+000 1.02937932e+001 2.30733996e+000 7.98645329e+000
 1.03672558e+000 1.43247713e+001 2.42726507e+000 1.18975062e+001
 1.06814150e+000 1.40193264e+001 2.55002291e+000 1.14693035e+001
 1.09955743e+000 1.23394399e+001 2.67554714e+000 9.66389275e+000
 1.13097336e+000 1.22782647e+001 2.80376147e+000 9.47450323e+000
 1.16238928e+000 1.50540605e+001 2.93457919e+000 1.21194813e+001
 1.19380521e+000 1.92144201e+001 3.06790264e+000 1.61465175e+001
 1.22522113e+000 2.11439305e+001 3.20362276e+000 1.79403077e+001
 1.25663706e+000 1.68419030e+001 3.34161850e+000 1.35002845e+001
 1.28805299e+000 4.23058730e+000 3.48175637e+000 7.48830939e-001
 1.31946891e+000 -1.50668783e+001 3.62388980e+000 1.86907682e+001
 1.35088484e+000 -3.54162359e+001 3.76785871e+000 3.91840946e+001
 1.38230077e+000 -4.87176159e+001 3.91348887e+000 5.26311048e+001
 1.41371669e+000 -4.74182988e+001 4.06059136e+000 5.14788902e+001
 1.44513262e+000 -2.79098028e+001 4.20896203e+000 3.21187648e+001
 1.47654855e+000 7.08656106e+000 4.35838090e+000 2.72818016e+000
 1.50796447e+000 4.83063053e+001 4.50861158e+000 4.37976937e+001
 1.53938040e+000 8.23211614e+001 4.65940072e+000 7.76617607e+001
 1.57079633e+000 9.59382307e+001 4.81047738e+000 9.11277533e+001
 1.60221225e+000 8.11725520e+001 4.96155248e+000 7.62109995e+001
 1.63362818e+000 3.89510205e+001 5.11231819e+000 3.38387023e+001
 1.66504411e+000 -2.00137016e+001 5.26244735e+000 2.52761490e+001
 1.69646003e+000 -7.78321503e+001 5.41159287e+000 8.32437432e+001
 1.72787596e+000 -1.14941097e+002 5.55938719e+000 1.20500484e+002
 1.75929189e+000 -1.16781203e+002 5.70544161e+000 1.22486645e+002
 1.79070781e+000 -7.93443627e+001 5.84934583e+000 8.51937085e+001
 1.82212374e+000 -1.15044388e+001 5.99066728e+000 1.74951061e+001
 1.85353967e+000 6.69564463e+001 6.12895062e+000 6.08274957e+001
 1.88495559e+000 1.31250855e+002 6.26371715e+000 1.24987138e+002
 1.91637152e+000 1.59620231e+002 6.39446431e+000 1.53225767e+002
 1.94778745e+000 1.40838009e+002 6.52066514e+000 1.34317343e+002
 1.97920337e+000 7.85549295e+001 6.64176775e+000 7.19131617e+001
 2.01061930e+000 -9.17258413e+000 6.75719486e+000 1.59297790e+001
 2.04203522e+000 -9.52331380e+001 6.86634331e+000 1.02099481e+002
 2.07345115e+000 -1.52066602e+002 6.96858362e+000 1.59035185e+002
 2.10486708e+000 -1.60720365e+002 7.06325955e+000 1.67783625e+002
 2.13628300e+000 -1.17304897e+002 7.14968773e+000 1.24454585e+002
 2.16769893e+000 -3.46030320e+001 7.22715726e+000 4.18301893e+001
 2.19911486e+000 6.18118819e+001 7.29492939e+000 5.45169525e+001
 2.23053078e+000 1.41738562e+002 7.35223721e+000 1.34386325e+002
 2.26194671e+000 1.80111691e+002 7.39828542e+000 1.72713406e+002
 2.29336264e+000 1.65120090e+002 7.43225005e+000 1.57687840e+002
 2.32477856e+000 1.01971441e+002 7.45327834e+000 9.45181630e+001
 2.35619449e+000 1.10622458e+001 7.46048854e+000 3.60175723e+000
 2.38761042e+000 -7.87991641e+001 7.45296991e+000 8.62521340e+001
 2.41902634e+000 -1.39809560e+002 7.42978262e+000 1.47239343e+002
 2.45044227e+000 -1.54062391e+002 7.38995783e+000 1.61452348e+002
 2.48185820e+000 -1.18979941e+002 7.33249776e+000 1.26312439e+002
 2.51327412e+000 -4.75790412e+001 7.25637583e+000 5.48354170e+001
 2.54469005e+000 3.63538915e+001 7.16053693e+000 2.91933545e+001
 2.57610598e+000 1.06391103e+002 7.04389766e+000 9.93472049e+001
 2.60752190e+000 1.42057631e+002 6.90534676e+000 1.35152284e+002
 2.63893783e+000 1.35011026e+002 6.74374551e+000 1.28267281e+002
 2.67035376e+000 9.08741450e+001 6.55792832e+000 8.43162166e+001
 2.70176968e+000 2.63623077e+001 6.34670335e+000 2.00156044e+001
 2.73318561e+000 -3.70282027e+001 6.10885319e+000 4.31370559e+001
 2.76460154e+000 -8.03990035e+001 5.84313575e+000 8.62421393e+001
 2.79601746e+000 -9.33081614e+001 5.54828513e+000 9.88564465e+001
 2.82743339e+000 -7.62272837e+001 5.22301271e+000 8.14502964e+001
 2.85884931e+000 -3.90468295e+001 4.86600825e+000 4.39128378e+001
 2.89026524e+000 3.47744617e+000 4.47594118e+000 9.98495016e-001
 2.92168117e+000 3.74187899e+001 4.05146201e+000 3.33673279e+001
 2.95309709e+000 5.43422550e+001 3.59120382e+000 5.07510512e+001
 2.98451302e+000 5.33321723e+001 3.09378392e+000 5.02383884e+001
 3.01592895e+000 3.99127495e+001 2.55780566e+000 3.73549439e+001
 3.04734487e+000 2.26261910e+001 1.98186037e+000 2.06443306e+001
 3.07876080e+000 8.89157804e+000 1.36452942e+000 7.52704862e+000
 3.11017673e+000 1.93283588e+000 7.04386497e-001 1.22844938e+000
 3.14159265e+000 -2.64464545e-014 2.83382392e-015 2.92802784e-014
