 0.00000000e+000 0.00000000e+000 0.00000000e+000 0.00000000e+000
 3.14159265e-002 -9.64855095e-002 3.24132214e-002 1.28898731e-001
 6.28318531e-002 -1.99946379e+000 6.68623449e-002 2.06632613e+000
 9.42477796e-002 -6.67933544e+000 1.03409224e-001 6.78274466e+000
 1.25663706e-001 -1.38107510e+001 1.42115451e-001 1.39528664e+001
 1.57079633e-001 -2.19021450e+001 1.83042214e-001 2.20851872e+001
 1.88495559e-001 -2.89692834e+001 2.26250143e-001 2.91955335e+001
 2.19911486e-001 -3.34653181e+001 2.71799158e-001 3.37371172e+001
 2.51327412e-001 -3.50574787e+001 3.19748292e-001 3.53772270e+001
 2.82743339e-001 -3.48929849e+001 3.70155520e-001 3.52631404e+001
 3.14159265e-001 -3.52056625e+001 4.23077568e-001 3.56287400e+001
 3.45575192e-001 -3.83951047e+001 4.78569719e-001 3.88736744e+001
 3.76991118e-001 -4.59448911e+001 5.36685605e-001 4.64815767e+001
 4.08407045e-001 -5.76345052e+001 5.97476992e-001 5.82319821e+001
 4.39822972e-001 -7.13991548e+001 6.60993554e-001 7.20601483e+001
 4.71238898e-001 -8.39383559e+001 7.27282634e-001 8.46656386e+001
 5.02654825e-001 -9.18683239e+001 7.96388999e-001 9.26647129e+001
 5.34070751e-001 -9.29800686e+001 8.68354578e-001 9.38484232e+001
 5.65486678e-001 -8.71033169e+001 9.43218198e-001 8.80465351e+001
 5.96902604e-001 -7.62168603e+001 1.02101530e+000 7.72378756e+001
 6.28318531e-001 -6.37372397e+001 1.10177764e+000 6.48390173e+001
 6.59734457e-001 -5.32452118e+001 1.18553302e+000 5.44307448e+001
 6.91150384e-001 -4.71407474e+001 1.27230491e+000 4.84130523e+001
 7.22566310e-001 -4.57559727e+001 1.36211218e+000 4.71180848e+001
 7.53982237e-001 -4.72813190e+001 1.45496874e+000 4.87362878e+001
 7.85398163e-001 -4.85393565e+001 1.55088320e+000 5.00902397e+001
 8.16814090e-001 -4.63007391e+001 1.64985847e+000 4.79505976e+001
 8.48230016e-001 -3.86153462e+001 1.75189144e+000 4.03672376e+001
 8.79645943e-001 -2.56213709e+001 1.85697256e+000 2.74783434e+001
 9.11061870e-001 -9.50367906e+000 1.96508546e+000 1.14687645e+001
 9.42477796e-001 6.38150201e+000 2.07620652e+000 4.30529549e+000
 9.73893723e-001 1.88554176e+001 2.19030447e+000 1.66651132e+001
 1.00530965e+000 2.61803636e+001 2.30733996e+000 2.38730237e+001
 1.03672558e+000 2.87103606e+001 2.42726507e+000 2.62830955e+001
 1.06814150e+000 2.86542051e+001 2.55002291e+000 2.61041822e+001
 1.09955743e+000 2.90502828e+001 2.67554714e+000 2.63747357e+001
 1.13097336e+000 3.23934748e+001 2.80376147e+000 2.95897133e+001
 1.16238928e+000 3.95167325e+001 2.93457919e+000 3.65821533e+001
 1.19380521e+000 4.92377583e+001 3.06790264e+000 4.61698557e+001
 1.22522113e+000 5.89633144e+001 3.20362276e+000 5.57596916e+001
 1.25663706e+000 6.60254102e+001 3.34161850e+000 6.26837917e+001
 1.28805299e+000 6.91791695e+001 3.48175637e+000 6.56974131e+001
 1.31946891e+000 6.95739732e+001 3.62388980e+000 6.59500834e+001
 1.35088484e+000 7.06832042e+001 3.76785871e+000 6.69153454e+001
 1.38230077e+000 7.70901549e+001 3.91348887e+000 7.31766661e+001
 1.41371669e+000 9.25209991e+001 4.06059136e+000 8.84604077e+001
 1.44513262e+000 1.17887711e+002 4.20896203e+000 1.13678749e+002
 1.47654855e+000 1.50187894e+002 4.35838090e+000 1.45829513e+002
 1.50796447e+000 1.82845047e+002 4.50861158e+000 1.78336435e+002
 1.53938040e+000 2.07541013e+002 4.65940072e+000 2.02881612e+002
 1.57079633e+000 2.16987373e+002 4.81047738e+000 2.12176896e+002
 1.60221225e+000 2.07644342e+002 4.96155248e+000 2.02682790e+002
 1.63362818e+000 1.81315256e+002 5.11231819e+000 1.76202938e+002
 1.66504411e+000 1.44883934e+002 5.26244735e+000 1.39621486e+002
 1.69646003e+000 1.08120168e+002 5.41159287e+000 1.02708575e+002
 1.72787596e+000 8.02210036e+001 5.55938719e+000 7.46616164e+001
 1.75929189e+000 6.62979890e+001 5.70544161e+000 6.05925474e+001
 1.79070781e+000 6.51378152e+001 5.84934583e+000 5.92884694e+001
 1.82212374e+000 6.91808083e+001 5.99066728e+000 6.31901410e+001
 1.85353967e+000 6.68928956e+001 6.12895062e+000 6.07639450e+001
 1.88495559e+000 4.68218309e+001 6.26371715e+000 4.05581137e+001
 1.91637152e+000 1.95770189e+000 6.39446431e+000 4.43676242e+000
 1.94778745e+000 -6.71728788e+001 6.52066514e+000 7.36935439e+001
 1.97920337e+000 -1.51863655e+002 6.64176775e+000 1.58505423e+002
 2.01061930e+000 -2.37377934e+002 6.75719486e+000 2.44135128e+002
 2.04203522e+000 -3.07228795e+002 6.86634331e+000 3.14095138e+002
 2.07345115e+000 -3.48139293e+002 6.96858362e+000 3.55107877e+002
 2.10486708e+000 -3.53960412e+002 7.06325955e+000 3.61023672e+002
 2.13628300e+000 -3.27190714e+002 7.14968773e+000 3.34340402e+002
 2.16769893e+000 -2.77623723e+002 7.22715726e+000 2.84850881e+002
 2.19911486e+000 -2.18722034e+002 7.29492939e+000 2.26016963e+002
 2.23053078e+000 -1.63170019e+002 7.35223721e+000 1.70522257e+002
 2.26194671e+000 -1.19349160e+002 7.39828542e+000 1.26747446e+002
 2.29336264e+000 -9.00776814e+001 7.43225005e+000 9.75099315e+001
 2.32477856e+000 -7.39951732e+001 7.45327834e+000 8.14484516e+001
 2.35619449e+000 -6.88190010e+001 7.46048854e+000 7.62794895e+001
 2.38761042e+000 -7.48170070e+001 7.45296991e+000 8.22699769e+001
 2.41902634e+000 -9.66151168e+001 7.42978262e+000 1.04044899e+002
 2.45044227e+000 -1.42036511e+002 7.38995783e+000 1.49426468e+002
 2.48185820e+000 -2.17885494e+002 7.33249776e+000 2.25217991e+002
 2.51327412e+000 -3.24006746e+002 7.25637583e+000 3.31263122e+002
 2.54469005e+000 -4.48009674e+002 7.16053693e+000 4.55170211e+002
 2.57610598e+000 -5.63274299e+002 7.04389766e+000 5.70318197e+002
 2.60752190e+000 -6.32052594e+002 6.90534676e+000 6.38957941e+002
 2.63893783e+000 -6.13827743e+002 6.74374551e+000 6.20571489e+002
 2.67035376e+000 -4.77117169e+002 6.55792832e+000 4.83675098e+002
 2.70176968e+000 -2.11304693e+002 6.34670335e+000 2.17651397e+002
 2.73318561e+000 1.65502161e+002 6.10885319e+000 1.59393308e+002
 2.76460154e+000 6.05842018e+002 5.84313575e+000 5.99998883e+002
 2.79601746e+000 1.04077637e+003 5.54828513e+000 1.03522809e+003
 2.82743339e+000 1.39492296e+003 5.22301271e+000 1.38969995e+003
 2.85884931e+000 1.60484915e+003 4.86600825e+000 1.59998314e+003
 2.89026524e+000 1.63560980e+003 4.47594118e+000 1.63113385e+003
 2.92168117e+000 1.49037653e+003 4.05146201e+000 1.48632507e+003
 2.95309709e+000 1.20990501e+003 3.59120382e+000 1.20631381e+003
 2.98451302e+000 8.61534424e+002 3.09378392e+000 8.58440640e+002
 3.01592895e+000 5.20612334e+002 2.55780566e+000 5.18054528e+002
 3.04734487e+000 2.49665713e+002 1.98186037e+000 2.47683852e+002
 3.07876080e+000 8.14854727e+001 1.36452942e+000 8.01209432e+001
 3.11017673e+000 1.12331311e+001 7.04386497e-001 1.05287446e+001
 3.14159265e+000 8.81114119e-013 2.83382392e-015 8.78280295e-013
