 0.00000000e+000 0.00000000e+000 0.00000000e+000 0.00000000e+000
 3.14159265e-002 5.34773530e-002 3.24132214e-002 2.10641316e-002
 6.28318531e-002 1.06782459e-001 6.68623449e-002 3.99201145e-002
 9.42477796e-002 1.59754124e-001 1.03409224e-001 5.63449001e-002
 1.25663706e-001 2.12252913e-001 1.42115451e-001 7.01374614e-002
 1.57079633e-001 2.64171176e-001 1.83042214e-001 8.11289627e-002
 1.88495559e-001 3.15442087e-001 2.26250143e-001 8.91919435e-002
 2.19911486e-001 3.66047386e-001 2.71799158e-001 9.42482281e-002
 2.51327412e-001 4.16023603e-001 3.19748292e-001 9.62753107e-002
 2.82743339e-001 4.65466529e-001 3.70155520e-001 9.53110088e-002
 3.14159265e-001 5.14533796e-001 4.23077568e-001 9.14562275e-002
 3.45575192e-001 5.63445450e-001 4.78569719e-001 8.48757309e-002
 3.76991118e-001 6.12482481e-001 5.36685605e-001 7.57968760e-002
 4.08407045e-001 6.61983315e-001 5.97476992e-001 6.45063222e-002
 4.39822972e-001 7.12338343e-001 6.60993554e-001 5.13447882e-002
 4.71238898e-001 7.63982622e-001 7.27282634e-001 3.66999875e-002
 5.02654825e-001 8.17386925e-001 7.96388999e-001 2.09979267e-002
 5.34070751e-001 8.73047377e-001 8.68354578e-001 4.69279873e-003
 5.65486678e-001 9.31473949e-001 9.43218198e-001 1.17442492e-002
 5.96902604e-001 9.93178136e-001 1.02101530e+000 2.78371629e-002
 6.28318531e-001 1.05866014e+000 1.10177764e+000 4.31175006e-002
 6.59734457e-001 1.12839595e+000 1.18553302e+000 5.71370684e-002
 6.91150384e-001 1.20282460e+000 1.27230491e+000 6.94803027e-002
 7.22566310e-001 1.28233614e+000 1.36211218e+000 7.97760355e-002
 7.53982237e-001 1.36726045e+000 1.45496874e+000 8.77082894e-002
 7.85398163e-001 1.45785743e+000 1.55088320e+000 9.30257708e-002
 8.16814090e-001 1.55430870e+000 1.64985847e+000 9.55497628e-002
 8.48230016e-001 1.65671128e+000 1.75189144e+000 9.51801573e-002
 8.79645943e-001 1.76507314e+000 1.85697256e+000 9.18994163e-002
 9.11061870e-001 1.87931115e+000 1.96508546e+000 8.57743058e-002
 9.42477796e-001 1.99925122e+000 2.07620652e+000 7.69553056e-002
 9.73893723e-001 2.12463081e+000 2.19030447e+000 6.56736621e-002
 1.00530965e+000 2.25510384e+000 2.30733996e+000 5.22361155e-002
 1.03672558e+000 2.39024766e+000 2.42726507e+000 3.70174009e-002
 1.06814150e+000 2.52957223e+000 2.55002291e+000 2.04506834e-002
 1.09955743e+000 2.67253099e+000 2.67554714e+000 3.01615051e-003
 1.13097336e+000 2.81853343e+000 2.80376147e+000 1.47719595e-002
 1.16238928e+000 2.96695875e+000 2.93457919e+000 3.23795668e-002
 1.19380521e+000 3.11717047e+000 3.06790264e+000 4.92678270e-002
 1.22522113e+000 3.26853143e+000 3.20362276e+000 6.49086760e-002
 1.25663706e+000 3.42041892e+000 3.34161850e+000 7.88004199e-002
 1.28805299e+000 3.57223930e+000 3.48175637e+000 9.04829362e-002
 1.31946891e+000 3.72344186e+000 3.62388980e+000 9.95520540e-002
 1.35088484e+000 3.87353141e+000 3.76785871e+000 1.05672692e-001
 1.38230077e+000 4.02207923e+000 3.91348887e+000 1.08590360e-001
 1.41371669e+000 4.16873201e+000 4.06059136e+000 1.08140652e-001
 1.44513262e+000 4.31321846e+000 4.20896203e+000 1.04256433e-001
 1.47654855e+000 4.45535333e+000 4.35838090e+000 9.69724365e-002
 1.50796447e+000 4.59503867e+000 4.50861158e+000 8.64270878e-002
 1.53938040e+000 4.73226213e+000 4.65940072e+000 7.28614154e-002
 1.57079633e+000 4.86709238e+000 4.81047738e+000 5.66150025e-002
 1.60221225e+000 4.99967148e+000 4.96155248e+000 3.81189958e-002
 1.63362818e+000 5.13020447e+000 5.11231819e+000 1.78862792e-002
 1.66504411e+000 5.25894634e+000 5.26244735e+000 3.50101065e-003
 1.69646003e+000 5.38618651e+000 5.41159287e+000 2.54063646e-002
 1.72787596e+000 5.51223133e+000 5.55938719e+000 4.71558519e-002
 1.75929189e+000 5.63738487e+000 5.70544161e+000 6.80567446e-002
 1.79070781e+000 5.76192847e+000 5.84934583e+000 8.74173667e-002
 1.82212374e+000 5.88609961e+000 5.99066728e+000 1.04567668e-001
 1.85353967e+000 6.01007063e+000 6.12895062e+000 1.18879990e-001
 1.88495559e+000 6.13392768e+000 6.26371715e+000 1.29789468e-001
 1.91637152e+000 6.25765081e+000 6.39446431e+000 1.36813501e-001
 1.94778745e+000 6.38109541e+000 6.52066514e+000 1.39569725e-001
 1.97920337e+000 6.50397581e+000 6.64176775e+000 1.37791942e-001
 2.01061930e+000 6.62585136e+000 6.75719486e+000 1.31343497e-001
 2.04203522e+000 6.74611569e+000 6.86634331e+000 1.20227621e-001
 2.07345115e+000 6.86398929e+000 6.96858362e+000 1.04594336e-001
 2.10486708e+000 6.97851599e+000 7.06325955e+000 8.47435686e-002
 2.13628300e+000 7.08856352e+000 7.14968773e+000 6.11242105e-002
 2.16769893e+000 7.19282832e+000 7.22715726e+000 3.43289424e-002
 2.19911486e+000 7.28984465e+000 7.29492939e+000 5.08473206e-003
 2.23053078e+000 7.37799819e+000 7.35223721e+000 2.57609804e-002
 2.26194671e+000 7.45554372e+000 7.39828542e+000 5.72583042e-002
 2.29336264e+000 7.52062697e+000 7.43225005e+000 8.83769162e-002
 2.32477856e+000 7.57131011e+000 7.45327834e+000 1.18031771e-001
 2.35619449e+000 7.60560064e+000 7.46048854e+000 1.45112105e-001
 2.38761042e+000 7.62148315e+000 7.45296991e+000 1.68513247e-001
 2.41902634e+000 7.61695331e+000 7.42978262e+000 1.87170687e-001
 2.45044227e+000 7.59005359e+000 7.38995783e+000 2.00095758e-001
 2.48185820e+000 7.53891003e+000 7.33249776e+000 2.06412269e-001
 2.51327412e+000 7.46176920e+000 7.25637583e+000 2.05393367e-001
 2.54469005e+000 7.35703480e+000 7.16053693e+000 1.96497872e-001
 2.57610598e+000 7.22330302e+000 7.04389766e+000 1.79405355e-001
 2.60752190e+000 7.05939595e+000 6.90534676e+000 1.54049198e-001
 2.63893783e+000 6.86439242e+000 6.74374551e+000 1.20646916e-001
 2.67035376e+000 6.63765541e+000 6.55792832e+000 7.97270822e-002
 2.70176968e+000 6.37885554e+000 6.34670335e+000 3.21521911e-002
 2.73318561e+000 6.08799013e+000 6.10885319e+000 2.08630572e-002
 2.76460154e+000 5.76539719e+000 5.84313575e+000 7.77385548e-002
 2.79601746e+000 5.41176409e+000 5.54828513e+000 1.36521037e-001
 2.82743339e+000 5.02813064e+000 5.22301271e+000 1.94882071e-001
 2.85884931e+000 4.61588629e+000 4.86600825e+000 2.50121952e-001
 2.89026524e+000 4.17676161e+000 4.47594118e+000 2.99179569e-001
 2.92168117e+000 3.71281383e+000 4.05146201e+000 3.38648180e-001
 2.95309709e+000 3.22640689e+000 3.59120382e+000 3.64796927e-001
 2.98451302e+000 2.72018612e+000 3.09378392e+000 3.73597800e-001
 3.01592895e+000 2.19704800e+000 2.55780566e+000 3.60757660e-001
 3.04734487e+000 1.66010553e+000 1.98186037e+000 3.21754835e-001
 3.07876080e+000 1.11264973e+000 1.36452942e+000 2.51879686e-001
 3.11017673e+000 5.58107992e-001 7.04386497e-001 1.46278505e-001
 3.14159265e+000 2.57599073e-015 2.83382392e-015 2.57833197e-016
