 0.00000000e+000 0.00000000e+000 0.00000000e+000 0.00000000e+000
 3.14159265e-002 -5.05605082e-003 3.24132214e-002 3.74692722e-002
 6.28318531e-002 -3.36823535e-002 6.68623449e-002 1.00544698e-001
 9.42477796e-002 -8.14047470e-002 1.03409224e-001 1.84813971e-001
 1.25663706e-001 -1.10921278e-001 1.42115451e-001 2.53036730e-001
 1.57079633e-001 -7.85885436e-002 1.83042214e-001 2.61630757e-001
 1.88495559e-001 2.31518661e-002 2.26250143e-001 2.03098277e-001
 2.19911486e-001 1.40348479e-001 2.71799158e-001 1.31450679e-001
 2.51327412e-001 1.78745153e-001 3.19748292e-001 1.41003139e-001
 2.82743339e-001 7.16832942e-002 3.70155520e-001 2.98472226e-001
 3.14159265e-001 -1.46555894e-001 4.23077568e-001 5.69633463e-001
 3.45575192e-001 -3.25254792e-001 4.78569719e-001 8.03824511e-001
 3.76991118e-001 -2.78637600e-001 5.36685605e-001 8.15323205e-001
 4.08407045e-001 6.43170277e-002 5.97476992e-001 5.33159965e-001
 4.39822972e-001 5.38890730e-001 6.60993554e-001 1.22102825e-001
 4.71238898e-001 7.62291241e-001 7.27282634e-001 3.50086067e-002
 5.02654825e-001 3.27253946e-001 7.96388999e-001 4.69135053e-001
 5.34070751e-001 -9.15800483e-001 8.68354578e-001 1.78415506e+000
 5.65486678e-001 -2.66773380e+000 9.43218198e-001 3.61095200e+000
 5.96902604e-001 -4.24029704e+000 1.02101530e+000 5.26131234e+000
 6.28318531e-001 -4.88282296e+000 1.10177764e+000 5.98460061e+000
 6.59734457e-001 -4.20862145e+000 1.18553302e+000 5.39415446e+000
 6.91150384e-001 -2.45743886e+000 1.27230491e+000 3.72974377e+000
 7.22566310e-001 -4.05438865e-001 1.36211218e+000 1.76755104e+000
 7.53982237e-001 1.05052348e+000 1.45496874e+000 4.04445266e-001
 7.85398163e-001 1.38987880e+000 1.55088320e+000 1.61004394e-001
 8.16814090e-001 7.35974624e-001 1.64985847e+000 9.13883844e-001
 8.48230016e-001 -2.73562055e-001 1.75189144e+000 2.02545349e+000
 8.79645943e-001 -9.19954220e-001 1.85697256e+000 2.77692678e+000
 9.11061870e-001 -8.46070211e-001 1.96508546e+000 2.81115567e+000
 9.42477796e-001 -2.19714997e-001 2.07620652e+000 2.29592152e+000
 9.73893723e-001 4.64766627e-001 2.19030447e+000 1.72553785e+000
 1.00530965e+000 7.70630599e-001 2.30733996e+000 1.53670936e+000
 1.03672558e+000 5.93933690e-001 2.42726507e+000 1.83333138e+000
 1.06814150e+000 1.41949526e-001 2.55002291e+000 2.40807339e+000
 1.09955743e+000 -3.27018920e-001 2.67554714e+000 3.00256606e+000
 1.13097336e+000 -7.54355128e-001 2.80376147e+000 3.55811660e+000
 1.16238928e+000 -1.29337233e+000 2.93457919e+000 4.22795152e+000
 1.19380521e+000 -2.06909358e+000 3.06790264e+000 5.13699622e+000
 1.22522113e+000 -2.90776549e+000 3.20362276e+000 6.11138825e+000
 1.25663706e+000 -3.31417950e+000 3.34161850e+000 6.65579800e+000
 1.28805299e+000 -2.78675879e+000 3.48175637e+000 6.26851516e+000
 1.31946891e+000 -1.26520682e+000 3.62388980e+000 4.88909662e+000
 1.35088484e+000 6.55952720e-001 3.76785871e+000 3.11190600e+000
 1.38230077e+000 1.98751651e+000 3.91348887e+000 1.92597236e+000
 1.41371669e+000 1.97034061e+000 4.06059136e+000 2.09025075e+000
 1.44513262e+000 6.42168760e-001 4.20896203e+000 3.56679327e+000
 1.47654855e+000 -1.09609650e+000 4.35838090e+000 5.45447740e+000
 1.50796447e+000 -2.03191690e+000 4.50861158e+000 6.54052848e+000
 1.53938040e+000 -1.47232531e+000 4.65940072e+000 6.13172603e+000
 1.57079633e+000 2.29435635e-001 4.81047738e+000 4.58104175e+000
 1.60221225e+000 1.86414587e+000 4.96155248e+000 3.09740661e+000
 1.63362818e+000 2.19024586e+000 5.11231819e+000 2.92207233e+000
 1.66504411e+000 8.36394056e-001 5.26244735e+000 4.42605329e+000
 1.69646003e+000 -1.36341953e+000 5.41159287e+000 6.77501240e+000
 1.72787596e+000 -2.87045144e+000 5.55938719e+000 8.42983863e+000
 1.75929189e+000 -2.45451041e+000 5.70544161e+000 8.15995202e+000
 1.79070781e+000 -2.10486953e-002 5.84934583e+000 5.87039453e+000
 1.82212374e+000 3.32348053e+000 5.99066728e+000 2.66718676e+000
 1.85353967e+000 6.00078545e+000 6.12895062e+000 1.28165161e-001
 1.88495559e+000 6.95118608e+000 6.26371715e+000 6.87468934e-001
 1.91637152e+000 6.18372640e+000 6.39446431e+000 2.10737915e-001
 1.94778745e+000 4.53938189e+000 6.52066514e+000 1.98128325e+000
 1.97920337e+000 2.92672262e+000 6.64176775e+000 3.71504513e+000
 2.01061930e+000 1.67669974e+000 6.75719486e+000 5.08049512e+000
 2.04203522e+000 5.27155788e-001 6.86634331e+000 6.33918752e+000
 2.07345115e+000 -8.06200790e-001 6.96858362e+000 7.77478441e+000
 2.10486708e+000 -2.04011701e+000 7.06325955e+000 9.10337656e+000
 2.13628300e+000 -2.33413928e+000 7.14968773e+000 9.48382701e+000
 2.16769893e+000 -1.01808403e+000 7.22715726e+000 8.24524129e+000
 2.19911486e+000 1.52226013e+000 7.29492939e+000 5.77266926e+000
 2.23053078e+000 3.64552645e+000 7.35223721e+000 3.70671076e+000
 2.26194671e+000 3.37410433e+000 7.39828542e+000 4.02418109e+000
 2.29336264e+000 -1.10930071e-002 7.43225005e+000 7.44334306e+000
 2.32477856e+000 -4.83753965e+000 7.45327834e+000 1.22908180e+001
 2.35619449e+000 -7.42088331e+000 7.46048854e+000 1.48813719e+001
 2.38761042e+000 -4.07525698e+000 7.45296991e+000 1.15282269e+001
 2.41902634e+000 6.32933200e+000 7.42978262e+000 1.10045062e+000
 2.45044227e+000 2.09513513e+001 7.38995783e+000 1.35613935e+001
 2.48185820e+000 3.38729660e+001 7.33249776e+000 2.65404683e+001
 2.51327412e+000 3.90628994e+001 7.25637583e+000 3.18065235e+001
 2.54469005e+000 3.37570154e+001 7.16053693e+000 2.65964785e+001
 2.57610598e+000 2.01811469e+001 7.04389766e+000 1.31372493e+001
 2.60752190e+000 4.46141170e+000 6.90534676e+000 2.44393506e+000
 2.63893783e+000 -6.70620734e+000 6.74374551e+000 1.34499528e+001
 2.67035376e+000 -9.63965430e+000 6.55792832e+000 1.61975826e+001
 2.70176968e+000 -5.36091075e+000 6.34670335e+000 1.17076141e+001
 2.73318561e+000 1.53858870e+000 6.10885319e+000 4.57026449e+000
 2.76460154e+000 5.99790667e+000 5.84313575e+000 1.54770927e-001
 2.79601746e+000 5.51093510e+000 5.54828513e+000 3.73500326e-002
 2.82743339e+000 1.21966539e+000 5.22301271e+000 4.00334732e+000
 2.85884931e+000 -3.40304533e+000 4.86600825e+000 8.26905357e+000
 2.89026524e+000 -5.16570175e+000 4.47594118e+000 9.64164293e+000
 2.92168117e+000 -3.21439015e+000 4.05146201e+000 7.26585216e+000
 2.95309709e+000 7.54302630e-001 3.59120382e+000 2.83690119e+000
 2.98451302e+000 4.02519479e+000 3.09378392e+000 9.31410876e-001
 3.01592895e+000 4.85447968e+000 2.55780566e+000 2.29667402e+000
 3.04734487e+000 3.45813293e+000 1.98186037e+000 1.47627257e+000
 3.07876080e+000 1.42619631e+000 1.36452942e+000 6.16668871e-002
 3.11017673e+000 2.14616532e-001 7.04386497e-001 4.89769965e-001
 3.14159265e+000 6.41052249e-014 2.83382392e-015 6.12714010e-014
