 0.00000000e+000 0.00000000e+000 0.00000000e+000 0.00000000e+000
 3.14159265e-002 2.70605073e-002 3.24132214e-002 5.35271406e-003
 6.28318531e-002 5.92438452e-002 6.68623449e-002 7.61849971e-003
 9.42477796e-002 9.84293613e-002 1.03409224e-001 4.97986297e-003
 1.25663706e-001 1.42466010e-001 1.42115451e-001 3.50558864e-004
 1.57079633e-001 1.87356487e-001 1.83042214e-001 4.31427322e-003
 1.88495559e-001 2.30606218e-001 2.26250143e-001 4.35607453e-003
 2.19911486e-001 2.73088632e-001 2.71799158e-001 1.28947428e-003
 2.51327412e-001 3.18060883e-001 3.19748292e-001 1.68740873e-003
 2.82743339e-001 3.68297675e-001 3.70155520e-001 1.85784490e-003
 3.14159265e-001 4.23790242e-001 4.23077568e-001 7.12673557e-004
 3.45575192e-001 4.81904526e-001 4.78569719e-001 3.33480724e-003
 3.76991118e-001 5.39803206e-001 5.36685605e-001 3.11760057e-003
 4.08407045e-001 5.97051954e-001 5.97476992e-001 4.25038919e-004
 4.39822972e-001 6.56197109e-001 6.60993554e-001 4.79644589e-003
 4.71238898e-001 7.20806180e-001 7.27282634e-001 6.47645435e-003
 5.02654825e-001 7.92578335e-001 7.96388999e-001 3.81066387e-003
 5.34070751e-001 8.69909340e-001 8.68354578e-001 1.55476188e-003
 5.65486678e-001 9.49102967e-001 9.43218198e-001 5.88476950e-003
 5.96902604e-001 1.02725382e+000 1.02101530e+000 6.23852106e-003
 6.28318531e-001 1.10447244e+000 1.10177764e+000 2.69479669e-003
 6.59734457e-001 1.18368454e+000 1.18553302e+000 1.84848006e-003
 6.91150384e-001 1.26822992e+000 1.27230491e+000 4.07498911e-003
 7.22566310e-001 1.35926100e+000 1.36211218e+000 2.85118015e-003
 7.53982237e-001 1.45504592e+000 1.45496874e+000 7.71778051e-005
 7.85398163e-001 1.55266112e+000 1.55088320e+000 1.77792036e-003
 8.16814090e-001 1.65057772e+000 1.64985847e+000 7.19248753e-004
 8.48230016e-001 1.74994655e+000 1.75189144e+000 1.94489270e-003
 8.79645943e-001 1.85352517e+000 1.85697256e+000 3.44738814e-003
 9.11061870e-001 1.96319285e+000 1.96508546e+000 1.89261306e-003
 9.42477796e-001 2.07818516e+000 2.07620652e+000 1.97863551e-003
 9.73893723e-001 2.19556702e+000 2.19030447e+000 5.26254754e-003
 1.00530965e+000 2.31257594e+000 2.30733996e+000 5.23598805e-003
 1.03672558e+000 2.42889160e+000 2.42726507e+000 1.62653599e-003
 1.06814150e+000 2.54693827e+000 2.55002291e+000 3.08463947e-003
 1.09955743e+000 2.66995562e+000 2.67554714e+000 5.59152096e-003
 1.13097336e+000 2.79941813e+000 2.80376147e+000 4.34334017e-003
 1.16238928e+000 2.93390868e+000 2.93457919e+000 6.70504747e-004
 1.19380521e+000 3.07033032e+000 3.06790264e+000 2.42768141e-003
 1.22522113e+000 3.20640176e+000 3.20362276e+000 2.77900691e-003
 1.25663706e+000 3.34234534e+000 3.34161850e+000 7.26839934e-004
 1.28805299e+000 3.48039484e+000 3.48175637e+000 1.36152898e-003
 1.31946891e+000 3.62260458e+000 3.62388980e+000 1.28522493e-003
 1.35088484e+000 3.76886575e+000 3.76785871e+000 1.00703813e-003
 1.38230077e+000 3.91683638e+000 3.91348887e+000 3.34750658e-003
 1.41371669e+000 4.06384647e+000 4.06059136e+000 3.25511349e-003
 1.44513262e+000 4.20914467e+000 4.20896203e+000 1.82642265e-004
 1.47654855e+000 4.35454352e+000 4.35838090e+000 3.83737683e-003
 1.50796447e+000 4.50286422e+000 4.50861158e+000 5.74735649e-003
 1.53938040e+000 4.65544700e+000 4.65940072e+000 3.95372082e-003
 1.57079633e+000 4.81080457e+000 4.81047738e+000 3.27188749e-004
 1.60221225e+000 4.96556015e+000 4.96155248e+000 4.00766722e-003
 1.63362818e+000 5.11690620e+000 5.11231819e+000 4.58800632e-003
 1.66504411e+000 5.26454759e+000 5.26244735e+000 2.10024209e-003
 1.69646003e+000 5.41052778e+000 5.41159287e+000 1.06509308e-003
 1.72787596e+000 5.55711846e+000 5.55938719e+000 2.26872296e-003
 1.75929189e+000 5.70458114e+000 5.70544161e+000 8.60473666e-004
 1.79070781e+000 5.85070480e+000 5.84934583e+000 1.35896501e-003
 1.82212374e+000 5.99250000e+000 5.99066728e+000 1.83271955e-003
 1.85353967e+000 6.12857432e+000 6.12895062e+000 3.76295652e-004
 1.88495559e+000 6.26010885e+000 6.26371715e+000 3.60829451e-003
 1.91637152e+000 6.38953468e+000 6.39446431e+000 4.92963398e-003
 1.94778745e+000 6.51798750e+000 6.52066514e+000 2.67764030e-003
 1.97920337e+000 6.64371415e+000 6.64176775e+000 1.94640405e-003
 2.01061930e+000 6.76285588e+000 6.75719486e+000 5.66101432e-003
 2.04203522e+000 6.87203848e+000 6.86634331e+000 5.69516346e-003
 2.07345115e+000 6.97063637e+000 6.96858362e+000 2.05275244e-003
 2.10486708e+000 7.06079361e+000 7.06325955e+000 2.46594536e-003
 2.13628300e+000 7.14514092e+000 7.14968773e+000 4.54680844e-003
 2.16769893e+000 7.22409954e+000 7.22715726e+000 3.05772089e-003
 2.19911486e+000 7.29504512e+000 7.29492939e+000 1.15731680e-004
 2.23053078e+000 7.35405346e+000 7.35223721e+000 1.81624984e-003
 2.26194671e+000 7.39874297e+000 7.39828542e+000 4.57545889e-004
 2.29336264e+000 7.42974587e+000 7.43225005e+000 2.50417964e-003
 2.32477856e+000 7.44946544e+000 7.45327834e+000 3.81289213e-003
 2.35619449e+000 7.45910952e+000 7.46048854e+000 1.37902357e-003
 2.38761042e+000 7.45655807e+000 7.45296991e+000 3.58815958e-003
 2.41902634e+000 7.43703033e+000 7.42978262e+000 7.24770650e-003
 2.45044227e+000 7.39617654e+000 7.38995783e+000 6.21870651e-003
 2.48185820e+000 7.33307014e+000 7.33249776e+000 5.72376813e-004
 2.51327412e+000 7.25049025e+000 7.25637583e+000 5.88558759e-003
 2.54469005e+000 7.15205397e+000 7.16053693e+000 8.48296152e-003
 2.57610598e+000 7.03844325e+000 7.04389766e+000 5.45441243e-003
 2.60752190e+000 6.90588980e+000 6.90534676e+000 5.43042942e-004
 2.63893783e+000 6.74833404e+000 6.74374551e+000 4.58853664e-003
 2.67035376e+000 6.56159558e+000 6.55792832e+000 3.66725411e-003
 2.70176968e+000 6.34604576e+000 6.34670335e+000 6.57584505e-004
 2.73318561e+000 6.10533557e+000 6.10885319e+000 3.51762283e-003
 2.76460154e+000 5.84200285e+000 5.84313575e+000 1.13289315e-003
 2.79601746e+000 5.55361543e+000 5.54828513e+000 5.33030074e-003
 2.82743339e+000 5.23301397e+000 5.22301271e+000 1.00012570e-002
 2.85884931e+000 4.87300474e+000 4.86600825e+000 6.99649263e-003
 2.89026524e+000 4.47196152e+000 4.47594118e+000 3.97966503e-003
 2.92168117e+000 4.03548454e+000 4.05146201e+000 1.59774716e-002
 2.95309709e+000 3.57194766e+000 3.59120382e+000 1.92561526e-002
 2.98451302e+000 3.08467394e+000 3.09378392e+000 9.10997561e-003
 3.01592895e+000 2.56682857e+000 2.55780566e+000 9.02290759e-003
 3.04734487e+000 2.00399413e+000 1.98186037e+000 2.21337668e-002
 3.07876080e+000 1.38416856e+000 1.36452942e+000 1.96391433e-002
 3.11017673e+000 7.09226386e-001 7.04386497e-001 4.83988936e-003
 3.14159265e+000 1.59590200e-015 2.83382392e-015 1.23792192e-015
