 0.00000000e+000 0.00000000e+000 0.00000000e+000 0.00000000e+000
 3.14159265e-002 -1.00081276e-001 3.24132214e-002 1.32494497e-001
 6.28318531e-002 -1.89488428e-001 6.68623449e-002 2.56350772e-001
 9.42477796e-002 -2.58541145e-001 1.03409224e-001 3.61950370e-001
 1.25663706e-001 -2.99449683e-001 1.42115451e-001 4.41565135e-001
 1.57079633e-001 -3.07027048e-001 1.83042214e-001 4.90069262e-001
 1.88495559e-001 -2.79147316e-001 2.26250143e-001 5.05397459e-001
 2.19911486e-001 -2.16905798e-001 2.71799158e-001 4.88704955e-001
 2.51327412e-001 -1.24466113e-001 3.19748292e-001 4.44214405e-001
 2.82743339e-001 -8.61007117e-003 3.70155520e-001 3.78765591e-001
 3.14159265e-001 1.21964551e-001 4.23077568e-001 3.01113017e-001
 3.45575192e-001 2.57528509e-001 4.78569719e-001 2.21041210e-001
 3.76991118e-001 3.88300235e-001 5.36685605e-001 1.48385370e-001
 4.08407045e-001 5.05422892e-001 5.97476992e-001 9.20541006e-002
 4.39822972e-001 6.01843048e-001 6.60993554e-001 5.91505067e-002
 4.71238898e-001 6.73004666e-001 7.27282634e-001 5.42779682e-002
 5.02654825e-001 7.17290618e-001 7.96388999e-001 7.90983812e-002
 5.34070751e-001 7.36169104e-001 8.68354578e-001 1.32185474e-001
 5.65486678e-001 7.34031761e-001 9.43218198e-001 2.09186437e-001
 5.96902604e-001 7.17740831e-001 1.02101530e+000 3.03274468e-001
 6.28318531e-001 6.95931653e-001 1.10177764e+000 4.05845992e-001
 6.59734457e-001 6.78140928e-001 1.18553302e+000 5.07392089e-001
 6.91150384e-001 6.73848375e-001 1.27230491e+000 5.98456532e-001
 7.22566310e-001 6.91527808e-001 1.36211218e+000 6.70584372e-001
 7.53982237e-001 7.37802508e-001 1.45496874e+000 7.17166236e-001
 7.85398163e-001 8.16789134e-001 1.55088320e+000 7.34094063e-001
 8.16814090e-001 9.29695398e-001 1.64985847e+000 7.20163069e-001
 8.48230016e-001 1.07471122e+000 1.75189144e+000 6.77180217e-001
 8.79645943e-001 1.24720360e+000 1.85697256e+000 6.09768961e-001
 9.11061870e-001 1.44019497e+000 1.96508546e+000 5.24890492e-001
 9.42477796e-001 1.64507636e+000 2.07620652e+000 4.31130163e-001
 9.73893723e-001 1.85248313e+000 2.19030447e+000 3.37821347e-001
 1.00530965e+000 2.05324467e+000 2.30733996e+000 2.54095282e-001
 1.03672558e+000 2.23931213e+000 2.42726507e+000 1.87952934e-001
 1.06814150e+000 2.40457021e+000 2.55002291e+000 1.45452702e-001
 1.09955743e+000 2.54545098e+000 2.67554714e+000 1.30096169e-001
 1.13097336e+000 2.66128725e+000 2.80376147e+000 1.42474223e-001
 1.16238928e+000 2.75436953e+000 2.93457919e+000 1.80209657e-001
 1.19380521e+000 2.82970018e+000 3.06790264e+000 2.38202465e-001
 1.22522113e+000 2.89446927e+000 3.20362276e+000 3.09153483e-001
 1.25663706e+000 2.95730471e+000 3.34161850e+000 3.84313790e-001
 1.28805299e+000 3.02737207e+000 3.48175637e+000 4.54384298e-001
 1.31946891e+000 3.11341533e+000 3.62388980e+000 5.10474479e-001
 1.35088484e+000 3.22283586e+000 3.76785871e+000 5.45022858e-001
 1.38230077e+000 3.36090352e+000 3.91348887e+000 5.52585352e-001
 1.41371669e+000 3.53018088e+000 4.06059136e+000 5.30410482e-001
 1.44513262e+000 3.73022035e+000 4.20896203e+000 4.78741684e-001
 1.47654855e+000 3.95756661e+000 4.35838090e+000 4.00814292e-001
 1.50796447e+000 4.20606606e+000 4.50861158e+000 3.02545526e-001
 1.53938040e+000 4.46745374e+000 4.65940072e+000 1.91946983e-001
 1.57079633e+000 4.73215992e+000 4.81047738e+000 7.83174616e-002
 1.60221225e+000 4.99025575e+000 4.96155248e+000 2.87032739e-002
 1.63362818e+000 5.23244264e+000 5.11231819e+000 1.20124451e-001
 1.66504411e+000 5.45098469e+000 5.26244735e+000 1.88537343e-001
 1.69646003e+000 5.64048852e+000 5.41159287e+000 2.28895650e-001
 1.72787596e+000 5.79844917e+000 5.55938719e+000 2.39061985e-001
 1.75929189e+000 5.92550374e+000 5.70544161e+000 2.20062130e-001
 1.79070781e+000 6.02536353e+000 5.84934583e+000 1.76017698e-001
 1.82212374e+000 6.10442737e+000 5.99066728e+000 1.13760090e-001
 1.85353967e+000 6.17111154e+000 6.12895062e+000 4.21609272e-002
 1.88495559e+000 6.23496040e+000 6.26371715e+000 2.87567467e-002
 1.91637152e+000 6.30562510e+000 6.39446431e+000 8.88392129e-002
 1.94778745e+000 6.39181214e+000 6.52066514e+000 1.28852996e-001
 1.97920337e+000 6.50030802e+000 6.64176775e+000 1.41459731e-001
 2.01061930e+000 6.63517997e+000 6.75719486e+000 1.22014893e-001
 2.04203522e+000 6.79723673e+000 6.86634331e+000 6.91065809e-002
 2.07345115e+000 6.98380823e+000 6.96858362e+000 1.52246108e-002
 2.10486708e+000 7.18887199e+000 7.06325955e+000 1.25612435e-001
 2.13628300e+000 7.40351977e+000 7.14968773e+000 2.53832034e-001
 2.16769893e+000 7.61672368e+000 7.22715726e+000 3.89566425e-001
 2.19911486e+000 7.81633039e+000 7.29492939e+000 5.21401006e-001
 2.23053078e+000 7.99018780e+000 7.35223721e+000 6.37950585e-001
 2.26194671e+000 8.12729392e+000 7.39828542e+000 7.29008501e-001
 2.29336264e+000 8.21885316e+000 7.43225005e+000 7.86603110e-001
 2.32477856e+000 8.25913232e+000 7.45327834e+000 8.05853986e-001
 2.35619449e+000 8.24602649e+000 7.46048854e+000 7.85537953e-001
 2.38761042e+000 8.18127193e+000 7.45296991e+000 7.28302028e-001
 2.41902634e+000 8.07027665e+000 7.42978262e+000 6.40494034e-001
 2.45044227e+000 7.92157658e+000 7.38995783e+000 5.31618745e-001
 2.48185820e+000 7.74596225e+000 7.33249776e+000 4.13464491e-001
 2.51327412e+000 7.55535437e+000 7.25637583e+000 2.98978534e-001
 2.54469005e+000 7.36153280e+000 7.16053693e+000 2.00995871e-001
 2.57610598e+000 7.17484055e+000 7.04389766e+000 1.30942891e-001
 2.60752190e+000 7.00298933e+000 6.90534676e+000 9.76425759e-002
 2.63893783e+000 6.85008668e+000 6.74374551e+000 1.06341174e-001
 2.67035376e+000 6.71598613e+000 6.55792832e+000 1.58057808e-001
 2.70176968e+000 6.59603334e+000 6.34670335e+000 2.49329992e-001
 2.73318561e+000 6.48124524e+000 6.10885319e+000 3.72392047e-001
 2.76460154e+000 6.35891901e+000 5.84313575e+000 5.15783264e-001
 2.79601746e+000 6.21362723e+000 5.54828513e+000 6.65342098e-001
 2.82743339e+000 6.02851824e+000 5.22301271e+000 8.05505531e-001
 2.85884931e+000 5.78681079e+000 4.86600825e+000 9.20802547e-001
 2.89026524e+000 5.47335158e+000 4.47594118e+000 9.97410396e-001
 2.92168117e+000 5.07609591e+000 4.05146201e+000 1.02463390e+000
 2.95309709e+000 4.58737631e+000 3.59120382e+000 9.96172496e-001
 2.98451302e+000 4.00484071e+000 3.09378392e+000 9.11056790e-001
 3.01592895e+000 3.33196986e+000 2.55780566e+000 7.74164200e-001
 3.04734487e+000 2.57812058e+000 1.98186037e+000 5.96260215e-001
 3.07876080e+000 1.75808282e+000 1.36452942e+000 3.93553398e-001
 3.11017673e+000 8.91182159e-001 7.04386497e-001 1.86795662e-001
 3.14159265e+000 1.15148440e-015 2.83382392e-015 1.68233952e-015
