 0.00000000e+000 0.00000000e+000 0.00000000e+000 0.00000000e+000
 3.14159265e-002 4.70613204e-002 3.24132214e-002 1.46480990e-002
 6.28318531e-002 8.75756668e-002 6.68623449e-002 2.07133219e-002
 9.42477796e-002 1.18736251e-001 1.03409224e-001 1.53270262e-002
 1.25663706e-001 1.43373451e-001 1.42115451e-001 1.25800004e-003
 1.57079633e-001 1.68961141e-001 1.83042214e-001 1.40810724e-002
 1.88495559e-001 2.04028349e-001 2.26250143e-001 2.22217942e-002
 2.19911486e-001 2.53645322e-001 2.71799158e-001 1.81538359e-002
 2.51327412e-001 3.16366566e-001 3.19748292e-001 3.38172615e-003
 2.82743339e-001 3.84526881e-001 3.70155520e-001 1.43713612e-002
 3.14159265e-001 4.48121262e-001 4.23077568e-001 2.50436941e-002
 3.45575192e-001 5.00424636e-001 4.78569719e-001 2.18549171e-002
 3.76991118e-001 5.42233822e-001 5.36685605e-001 5.54821659e-003
 4.08407045e-001 5.82073780e-001 5.97476992e-001 1.54032120e-002
 4.39822972e-001 6.31863098e-001 6.60993554e-001 2.91304561e-002
 4.71238898e-001 7.00230469e-001 7.27282634e-001 2.70521657e-002
 5.02654825e-001 7.87274239e-001 7.96388999e-001 9.11476000e-003
 5.34070751e-001 8.83963743e-001 8.68354578e-001 1.56091655e-002
 5.65486678e-001 9.76808056e-001 9.43218198e-001 3.35898582e-002
 5.96902604e-001 1.05533705e+000 1.02101530e+000 3.43217469e-002
 6.28318531e-001 1.11819857e+000 1.10177764e+000 1.64209232e-002
 6.59734457e-001 1.17434669e+000 1.18553302e+000 1.11863239e-002
 6.91150384e-001 1.23851147e+000 1.27230491e+000 3.37934368e-002
 7.22566310e-001 1.32333297e+000 1.36211218e+000 3.87792085e-002
 7.53982237e-001 1.43240422e+000 1.45496874e+000 2.25645266e-002
 7.85398163e-001 1.55800071e+000 1.55088320e+000 7.11751568e-003
 8.16814090e-001 1.68479454e+000 1.64985847e+000 3.49360699e-002
 8.48230016e-001 1.79771804e+000 1.75189144e+000 4.58266058e-002
 8.79645943e-001 1.88997163e+000 1.85697256e+000 3.29990727e-002
 9.11061870e-001 1.96701804e+000 1.96508546e+000 1.93258075e-003
 9.42477796e-001 2.04432648e+000 2.07620652e+000 3.18800370e-002
 9.73893723e-001 2.13972061e+000 2.19030447e+000 5.05838661e-002
 1.00530965e+000 2.26399990e+000 2.30733996e+000 4.33400552e-002
 1.03672558e+000 2.41465899e+000 2.42726507e+000 1.26060707e-002
 1.06814150e+000 2.57630003e+000 2.55002291e+000 2.62771206e-002
 1.09955743e+000 2.72808401e+000 2.67554714e+000 5.25368674e-002
 1.13097336e+000 2.85476337e+000 2.80376147e+000 5.10018995e-002
 1.16238928e+000 2.95549181e+000 2.93457919e+000 2.09126260e-002
 1.19380521e+000 3.04525466e+000 3.06790264e+000 2.26479810e-002
 1.22522113e+000 3.14745506e+000 3.20362276e+000 5.61676957e-002
 1.25663706e+000 3.28116379e+000 3.34161850e+000 6.04547149e-002
 1.28805299e+000 3.44997883e+000 3.48175637e+000 3.17775324e-002
 1.31946891e+000 3.63908192e+000 3.62388980e+000 1.51921188e-002
 1.35088484e+000 3.82273760e+000 3.76785871e+000 5.48788890e-002
 1.38230077e+000 3.97844224e+000 3.91348887e+000 6.49533739e-002
 1.41371669e+000 4.09976638e+000 4.06059136e+000 3.91750223e-002
 1.44513262e+000 4.20033229e+000 4.20896203e+000 8.62973787e-003
 1.47654855e+000 4.30634003e+000 4.35838090e+000 5.20408647e-002
 1.50796447e+000 4.44175229e+000 4.50861158e+000 6.68592895e-002
 1.53938040e+000 4.61463711e+000 4.65940072e+000 4.47636122e-002
 1.57079633e+000 4.81254234e+000 4.81047738e+000 2.06495902e-003
 1.60221225e+000 5.00948723e+000 4.96155248e+000 4.79347535e-002
 1.63362818e+000 5.18040707e+000 5.11231819e+000 6.80888815e-002
 1.66504411e+000 5.31471668e+000 5.26244735e+000 5.22693320e-002
 1.69646003e+000 5.42144113e+000 5.41159287e+000 9.84825926e-003
 1.72787596e+000 5.52342584e+000 5.55938719e+000 3.59613468e-002
 1.75929189e+000 5.64433317e+000 5.70544161e+000 6.11084492e-002
 1.79070781e+000 5.79586800e+000 5.84934583e+000 5.34778362e-002
 1.82212374e+000 5.97205258e+000 5.99066728e+000 1.86147051e-002
 1.85353967e+000 6.15311116e+000 6.12895062e+000 2.41605458e-002
 1.88495559e+000 6.31626700e+000 6.26371715e+000 5.25498555e-002
 1.91637152e+000 6.44737292e+000 6.39446431e+000 5.29086132e-002
 1.94778745e+000 6.54734292e+000 6.52066514e+000 2.66777823e-002
 1.97920337e+000 6.63045136e+000 6.64176775e+000 1.13163887e-002
 2.01061930e+000 6.71589020e+000 6.75719486e+000 4.13046591e-002
 2.04203522e+000 6.81730959e+000 6.86634331e+000 4.90337217e-002
 2.07345115e+000 6.93585760e+000 6.96858362e+000 3.27260255e-002
 2.10486708e+000 7.06019849e+000 7.06325955e+000 3.06106703e-003
 2.13628300e+000 7.17318570e+000 7.14968773e+000 2.34979645e-002
 2.16769893e+000 7.26124478e+000 7.22715726e+000 3.40875241e-002
 2.19911486e+000 7.32105138e+000 7.29492939e+000 2.61219951e-002
 2.23053078e+000 7.35972168e+000 7.35223721e+000 7.48446564e-003
 2.26194671e+000 7.38870176e+000 7.39828542e+000 9.58366284e-003
 2.29336264e+000 7.41553863e+000 7.43225005e+000 1.67114215e-002
 2.32477856e+000 7.43912389e+000 7.45327834e+000 1.41544454e-002
 2.35619449e+000 7.45163010e+000 7.46048854e+000 8.85843476e-003
 2.38761042e+000 7.44553350e+000 7.45296991e+000 7.43640877e-003
 2.41902634e+000 7.42012700e+000 7.42978262e+000 9.65562007e-003
 2.45044227e+000 7.38190078e+000 7.38995783e+000 8.05705463e-003
 2.48185820e+000 7.33764356e+000 7.33249776e+000 5.14579651e-003
 2.51327412e+000 7.28519950e+000 7.25637583e+000 2.88236635e-002
 2.54469005e+000 7.20985262e+000 7.16053693e+000 4.93156858e-002
 2.57610598e+000 7.09127815e+000 7.04389766e+000 4.73804844e-002
 2.60752190e+000 6.91819183e+000 6.90534676e+000 1.28450777e-002
 2.63893783e+000 6.70061078e+000 6.74374551e+000 4.31347273e-002
 2.67035376e+000 6.46894207e+000 6.55792832e+000 8.89862499e-002
 2.70176968e+000 6.25685672e+000 6.34670335e+000 8.98466246e-002
 2.73318561e+000 6.07677006e+000 6.10885319e+000 3.20831268e-002
 2.76460154e+000 5.90442307e+000 5.84313575e+000 6.12873218e-002
 2.79601746e+000 5.68591517e+000 5.54828513e+000 1.37630041e-001
 2.82743339e+000 5.36693472e+000 5.22301271e+000 1.43922012e-001
 2.85884931e+000 4.92804513e+000 4.86600825e+000 6.20368847e-002
 2.89026524e+000 4.40283549e+000 4.47594118e+000 7.31056881e-002
 2.92168117e+000 3.86389251e+000 4.05146201e+000 1.87569501e-001
 2.95309709e+000 3.38127903e+000 3.59120382e+000 2.09924791e-001
 2.98451302e+000 2.97729434e+000 3.09378392e+000 1.16489581e-001
 3.01592895e+000 2.60659085e+000 2.55780566e+000 4.87851868e-002
 3.04734487e+000 2.17722683e+000 1.98186037e+000 1.95366466e-001
 3.07876080e+000 1.60327156e+000 1.36452942e+000 2.38742145e-001
 3.11017673e+000 8.58759415e-001 7.04386497e-001 1.54372917e-001
 3.14159265e+000 4.19926360e-015 2.83382392e-015 1.36543968e-015
