 0.00000000e+000 0.00000000e+000 0.00000000e+000 0.00000000e+000
 3.14159265e-002 4.72253791e-002 3.24132214e-002 1.48121578e-002
 6.28318531e-002 9.44471130e-002 6.68623449e-002 2.75847681e-002
 9.42477796e-002 1.41668163e-001 1.03409224e-001 3.82589389e-002
 1.25663706e-001 1.88904475e-001 1.42115451e-001 4.67890233e-002
 1.57079633e-001 2.36190902e-001 1.83042214e-001 5.31486884e-002
 1.88495559e-001 2.83586473e-001 2.26250143e-001 5.73363299e-002
 2.19911486e-001 3.31178804e-001 2.71799158e-001 5.93796458e-002
 2.51327412e-001 3.79087496e-001 3.19748292e-001 5.93392041e-002
 2.82743339e-001 4.27466392e-001 3.70155520e-001 5.73108716e-002
 3.14159265e-001 4.76504573e-001 4.23077568e-001 5.34270046e-002
 3.45575192e-001 5.26426059e-001 4.78569719e-001 4.78563396e-002
 3.76991118e-001 5.77488169e-001 5.36685605e-001 4.08025635e-002
 4.08407045e-001 6.29978573e-001 5.97476992e-001 3.25015805e-002
 4.39822972e-001 6.84211092e-001 6.60993554e-001 2.32175376e-002
 4.71238898e-001 7.40520340e-001 7.27282634e-001 1.32377055e-002
 5.02654825e-001 7.99255350e-001 7.96388999e-001 2.86635088e-003
 5.34070751e-001 8.60772347e-001 8.68354578e-001 7.58223076e-003
 5.65486678e-001 9.25426873e-001 9.43218198e-001 1.77913252e-002
 5.96902604e-001 9.93565467e-001 1.02101530e+000 2.74498315e-002
 6.28318531e-001 1.06551717e+000 1.10177764e+000 3.62604793e-002
 6.59734457e-001 1.14158504e+000 1.18553302e+000 4.39479818e-002
 6.91150384e-001 1.22203803e+000 1.27230491e+000 5.02668745e-002
 7.22566310e-001 1.30710339e+000 1.36211218e+000 5.50087913e-002
 7.53982237e-001 1.39695980e+000 1.45496874e+000 5.80089414e-002
 7.85398163e-001 1.49173163e+000 1.55088320e+000 5.91515689e-002
 8.16814090e-001 1.59148427e+000 1.64985847e+000 5.83742012e-002
 8.48230016e-001 1.69622091e+000 1.75189144e+000 5.56705232e-002
 8.79645943e-001 1.80588081e+000 1.85697256e+000 5.10917506e-002
 9.11061870e-001 1.92033904e+000 1.96508546e+000 4.47464157e-002
 9.42477796e-001 2.03940800e+000 2.07620652e+000 3.67985230e-002
 9.73893723e-001 2.16284040e+000 2.19030447e+000 2.74640782e-002
 1.00530965e+000 2.29033392e+000 2.30733996e+000 1.70060398e-002
 1.03672558e+000 2.42153727e+000 2.42726507e+000 5.72779078e-003
 1.06814150e+000 2.55605764e+000 2.55002291e+000 6.03472813e-003
 1.09955743e+000 2.69346919e+000 2.67554714e+000 1.79220411e-002
 1.13097336e+000 2.83332257e+000 2.80376147e+000 2.95610930e-002
 1.16238928e+000 2.97515507e+000 2.93457919e+000 4.05758846e-002
 1.19380521e+000 3.11850115e+000 3.06790264e+000 5.05985069e-002
 1.22522113e+000 3.26290303e+000 3.20362276e+000 5.92802727e-002
 1.25663706e+000 3.40792114e+000 3.34161850e+000 6.63026359e-002
 1.28805299e+000 3.55314395e+000 3.48175637e+000 7.13875800e-002
 1.31946891e+000 3.69819697e+000 3.62388980e+000 7.43071670e-002
 1.35088484e+000 3.84275066e+000 3.76785871e+000 7.48919501e-002
 1.38230077e+000 3.98652684e+000 3.91348887e+000 7.30379726e-002
 1.41371669e+000 4.12930347e+000 4.06059136e+000 6.87121110e-002
 1.44513262e+000 4.27091758e+000 4.20896203e+000 6.19555522e-002
 1.47654855e+000 4.41126614e+000 4.35838090e+000 5.28852425e-002
 1.50796447e+000 4.55030478e+000 4.50861158e+000 4.16931952e-002
 1.53938040e+000 4.68804432e+000 4.65940072e+000 2.86435961e-002
 1.57079633e+000 4.82454509e+000 4.81047738e+000 1.40677058e-002
 1.60221225e+000 4.95990910e+000 4.96155248e+000 1.64338284e-003
 1.63362818e+000 5.09427017e+000 5.11231819e+000 1.80480158e-002
 1.66504411e+000 5.22778225e+000 5.26244735e+000 3.46651006e-002
 1.69646003e+000 5.36060602e+000 5.41159287e+000 5.09868489e-002
 1.72787596e+000 5.49289433e+000 5.55938719e+000 6.64928547e-002
 1.75929189e+000 5.62477644e+000 5.70544161e+000 8.06651773e-002
 1.79070781e+000 5.75634177e+000 5.84934583e+000 9.30040603e-002
 1.82212374e+000 5.88762340e+000 5.99066728e+000 1.03043883e-001
 1.85353967e+000 6.01858169e+000 6.12895062e+000 1.10368920e-001
 1.88495559e+000 6.14908867e+000 6.26371715e+000 1.14628479e-001
 1.91637152e+000 6.27891335e+000 6.39446431e+000 1.15550958e-001
 1.94778745e+000 6.40770872e+000 6.52066514e+000 1.12956416e-001
 1.97920337e+000 6.53500052e+000 6.64176775e+000 1.06767225e-001
 2.01061930e+000 6.66017844e+000 6.75719486e+000 9.70164200e-002
 2.04203522e+000 6.78248990e+000 6.86634331e+000 8.38534144e-002
 2.07345115e+000 6.90103685e+000 6.96858362e+000 6.75467740e-002
 2.10486708e+000 7.01477574e+000 7.06325955e+000 4.84838122e-002
 2.13628300e+000 7.12252090e+000 7.14968773e+000 2.71668340e-002
 2.16769893e+000 7.22295134e+000 7.22715726e+000 4.20592218e-003
 2.19911486e+000 7.31462115e+000 7.29492939e+000 1.96917636e-002
 2.23053078e+000 7.39597334e+000 7.35223721e+000 4.37361264e-002
 2.26194671e+000 7.46535701e+000 7.39828542e+000 6.70715845e-002
 2.29336264e+000 7.52104769e+000 7.43225005e+000 8.87976315e-002
 2.32477856e+000 7.56127056e+000 7.45327834e+000 1.07992224e-001
 2.35619449e+000 7.58422618e+000 7.46048854e+000 1.23737644e-001
 2.38761042e+000 7.58811833e+000 7.45296991e+000 1.35148421e-001
 2.41902634e+000 7.57118345e+000 7.42978262e+000 1.41400830e-001
 2.45044227e+000 7.53172129e+000 7.38995783e+000 1.41763458e-001
 2.48185820e+000 7.46812601e+000 7.33249776e+000 1.35628252e-001
 2.51327412e+000 7.37891731e+000 7.25637583e+000 1.22541475e-001
 2.54469005e+000 7.26277088e+000 7.16053693e+000 1.02233953e-001
 2.57610598e+000 7.11854767e+000 7.04389766e+000 7.46500106e-002
 2.60752190e+000 6.94532123e+000 6.90534676e+000 3.99744784e-002
 2.63893783e+000 6.74240272e+000 6.74374551e+000 1.34278656e-003
 2.67035376e+000 6.50936290e+000 6.55792832e+000 4.85654283e-002
 2.70176968e+000 6.24605069e+000 6.34670335e+000 1.00652655e-001
 2.73318561e+000 5.95260791e+000 6.10885319e+000 1.56245281e-001
 2.76460154e+000 5.62947963e+000 5.84313575e+000 2.13656120e-001
 2.79601746e+000 5.27742011e+000 5.54828513e+000 2.70865021e-001
 2.82743339e+000 4.89749394e+000 5.22301271e+000 3.25518765e-001
 2.85884931e+000 4.49107231e+000 4.86600825e+000 3.74935942e-001
 2.89026524e+000 4.05982434e+000 4.47594118e+000 4.16116839e-001
 2.92168117e+000 3.60570373e+000 4.05146201e+000 4.45758283e-001
 2.95309709e+000 3.13093054e+000 3.59120382e+000 4.60273273e-001
 2.98451302e+000 2.63796875e+000 3.09378392e+000 4.55815163e-001
 3.01592895e+000 2.12949960e+000 2.55780566e+000 4.28306062e-001
 3.04734487e+000 1.60839133e+000 1.98186037e+000 3.73469034e-001
 3.07876080e+000 1.07766580e+000 1.36452942e+000 2.86863617e-001
 3.11017673e+000 5.40462393e-001 7.04386497e-001 1.63924104e-001
 3.14159265e+000 2.40890001e-015 2.83382392e-015 4.24923912e-016
