 0.00000000e+000 0.00000000e+000 0.00000000e+000 0.00000000e+000
 3.14159265e-002 -2.48953580e-002 3.24132214e-002 5.73085794e-002
 6.28318531e-002 -1.86868600e-001 6.68623449e-002 2.53730945e-001
 9.42477796e-002 -5.69967673e-001 1.03409224e-001 6.73376897e-001
 1.25663706e-001 -1.18469148e+000 1.42115451e-001 1.32680693e+000
 1.57079633e-001 -1.98698367e+000 1.83042214e-001 2.17002588e+000
 1.88495559e-001 -2.91268499e+000 2.26250143e-001 3.13893513e+000
 2.19911486e-001 -3.89194550e+000 2.71799158e-001 4.16374465e+000
 2.51327412e-001 -4.82747021e+000 3.19748292e-001 5.14721850e+000
 2.82743339e-001 -5.55808921e+000 3.70155520e-001 5.92824473e+000
 3.14159265e-001 -5.85587471e+000 4.23077568e-001 6.27895228e+000
 3.45575192e-001 -5.49548637e+000 4.78569719e-001 5.97405609e+000
 3.76991118e-001 -4.38692618e+000 5.36685605e-001 4.92361179e+000
 4.08407045e-001 -2.70471451e+000 5.97476992e-001 3.30219151e+000
 4.39822972e-001 -9.19091787e-001 6.60993554e-001 1.58008534e+000
 4.71238898e-001 3.33289072e-001 7.27282634e-001 3.93993562e-001
 5.02654825e-001 5.17278298e-001 7.96388999e-001 2.79110701e-001
 5.34070751e-001 -5.09463446e-001 8.68354578e-001 1.37781802e+000
 5.65486678e-001 -2.34098560e+000 9.43218198e-001 3.28420379e+000
 5.96902604e-001 -4.11981301e+000 1.02101530e+000 5.14082831e+000
 6.28318531e-001 -4.88282296e+000 1.10177764e+000 5.98460061e+000
 6.59734457e-001 -4.01498287e+000 1.18553302e+000 5.20051589e+000
 6.91150384e-001 -1.59035014e+000 1.27230491e+000 2.86265505e+000
 7.22566310e-001 1.58814385e+000 1.36211218e+000 2.26031670e-001
 7.53982237e-001 4.30051109e+000 1.45496874e+000 2.84554234e+000
 7.85398163e-001 5.44549914e+000 1.55088320e+000 3.89461594e+000
 8.16814090e-001 4.54870244e+000 1.64985847e+000 2.89884397e+000
 8.48230016e-001 1.99191053e+000 1.75189144e+000 2.40019095e-001
 8.79645943e-001 -1.15591025e+000 1.85697256e+000 3.01288281e+000
 9.11061870e-001 -3.62799746e+000 1.96508546e+000 5.59308292e+000
 9.42477796e-001 -4.53065280e+000 2.07620652e+000 6.60685932e+000
 9.73893723e-001 -3.71798069e+000 2.19030447e+000 5.90828516e+000
 1.00530965e+000 -1.79709423e+000 2.30733996e+000 4.10443419e+000
 1.03672558e+000 2.18555721e-001 2.42726507e+000 2.20870934e+000
 1.06814150e+000 1.41446813e+000 2.55002291e+000 1.13555478e+000
 1.09955743e+000 1.37792775e+000 2.67554714e+000 1.29761939e+000
 1.13097336e+000 3.09121756e-001 2.80376147e+000 2.49463972e+000
 1.16238928e+000 -1.18229087e+000 2.93457919e+000 4.11687006e+000
 1.19380521e+000 -2.45172937e+000 3.06790264e+000 5.51963201e+000
 1.22522113e+000 -3.14622435e+000 3.20362276e+000 6.34984711e+000
 1.25663706e+000 -3.31417950e+000 3.34161850e+000 6.65579800e+000
 1.28805299e+000 -3.26906816e+000 3.48175637e+000 6.75082452e+000
 1.31946891e+000 -3.32102997e+000 3.62388980e+000 6.94491978e+000
 1.35088484e+000 -3.55500124e+000 3.76785871e+000 7.32285996e+000
 1.38230077e+000 -3.78814483e+000 3.91348887e+000 7.70163370e+000
 1.41371669e+000 -3.71766760e+000 4.06059136e+000 7.77825896e+000
 1.44513262e+000 -3.15034057e+000 4.20896203e+000 7.35930260e+000
 1.47654855e+000 -2.15955636e+000 4.35838090e+000 6.51793726e+000
 1.50796447e+000 -1.06832675e+000 4.50861158e+000 5.57693833e+000
 1.53938040e+000 -2.70027661e-001 4.65940072e+000 4.92942838e+000
 1.57079633e+000 8.57092175e-014 4.81047738e+000 4.81047738e+000
 1.60221225e+000 -1.98008954e-001 4.96155248e+000 5.15956143e+000
 1.63362818e+000 -5.40718150e-001 5.11231819e+000 5.65303634e+000
 1.66504411e+000 -6.16983794e-001 5.26244735e+000 5.87943114e+000
 1.69646003e+000 -1.36049756e-001 5.41159287e+000 5.54764263e+000
 1.72787596e+000 9.49516089e-001 5.55938719e+000 4.60987110e+000
 1.75929189e+000 2.45794737e+000 5.70544161e+000 3.24749425e+000
 1.79070781e+000 4.08964692e+000 5.84934583e+000 1.75969891e+000
 1.82212374e+000 5.54356709e+000 5.99066728e+000 4.47100192e-001
 1.85353967e+000 6.56802549e+000 6.12895062e+000 4.39074880e-001
 1.88495559e+000 6.95118608e+000 6.26371715e+000 6.87468934e-001
 1.91637152e+000 6.52434057e+000 6.39446431e+000 1.29876264e-001
 1.94778745e+000 5.25068332e+000 6.52066514e+000 1.26998182e+000
 1.97920337e+000 3.39115008e+000 6.64176775e+000 3.25061767e+000
 2.01061930e+000 1.62943180e+000 6.75719486e+000 5.12776306e+000
 2.04203522e+000 9.88794804e-001 6.86634331e+000 5.87754851e+000
 2.07345115e+000 2.44828029e+000 6.96858362e+000 4.52030333e+000
 2.10486708e+000 6.35207211e+000 7.06325955e+000 7.11187440e-001
 2.13628300e+000 1.19033309e+001 7.14968773e+000 4.75364316e+000
 2.16769893e+000 1.71050588e+001 7.22715726e+000 9.87790154e+000
 2.19911486e+000 1.93656486e+001 7.29492939e+000 1.20707192e+001
 2.23053078e+000 1.66546230e+001 7.35223721e+000 9.30238576e+000
 2.26194671e+000 8.73122050e+000 7.39828542e+000 1.33293508e+000
 2.29336264e+000 -2.21144314e+000 7.43225005e+000 9.64369319e+000
 2.32477856e+000 -1.19896231e+001 7.45327834e+000 1.94429014e+001
 2.35619449e+000 -1.59884541e+001 7.46048854e+000 2.34489426e+001
 2.38761042e+000 -1.12750066e+001 7.45296991e+000 1.87279765e+001
 2.41902634e+000 1.70059581e+000 7.42978262e+000 5.72918681e+000
 2.45044227e+000 1.87425758e+001 7.38995783e+000 1.13526180e+001
 2.48185820e+000 3.32814143e+001 7.33249776e+000 2.59489165e+001
 2.51327412e+000 3.90628994e+001 7.25637583e+000 3.18065235e+001
 2.54469005e+000 3.30281434e+001 7.16053693e+000 2.58676065e+001
 2.57610598e+000 1.70326701e+001 7.04389766e+000 9.98877243e+000
 2.60752190e+000 -2.52289899e+000 6.90534676e+000 9.42824574e+000
 2.63893783e+000 -1.71564656e+001 6.74374551e+000 2.39002111e+001
 2.67035376e+000 -1.98706430e+001 6.55792832e+000 2.64285713e+001
 2.70176968e+000 -8.24736206e+000 6.34670335e+000 1.45940654e+001
 2.73318561e+000 1.43574608e+001 6.10885319e+000 8.24860764e+000
 2.76460154e+000 4.01099490e+001 5.84313575e+000 3.42668132e+001
 2.79601746e+000 5.99309203e+001 5.54828513e+000 5.43826352e+001
 2.82743339e+000 6.72104411e+001 5.22301271e+000 6.19874284e+001
 2.85884931e+000 6.03367178e+001 4.86600825e+000 5.54707096e+001
 2.89026524e+000 4.29550907e+001 4.47594118e+000 3.84791496e+001
 2.92168117e+000 2.19645273e+001 4.05146201e+000 1.79130653e+001
 2.95309709e+000 4.31689160e+000 3.59120382e+000 7.25687780e-001
 2.98451302e+000 -5.81327915e+000 3.09378392e+000 8.90706307e+000
 3.01592895e+000 -8.20869977e+000 2.55780566e+000 1.07665054e+001
 3.04734487e+000 -5.76706239e+000 1.98186037e+000 7.74892276e+000
 3.07876080e+000 -2.30832327e+000 1.36452942e+000 3.67285268e+000
 3.11017673e+000 -3.39864857e-001 7.04386497e-001 1.04425135e+000
 3.14159265e+000 -1.88422546e-014 2.83382392e-015 2.16760785e-014
