 0.00000000e+000 0.00000000e+000 0.00000000e+000 0.00000000e+000
 3.14159265e-002 -4.52250419e-002 3.24132214e-002 7.76382633e-002
 6.28318531e-002 -8.37516184e-002 6.68623449e-002 1.50613963e-001
 9.42477796e-002 -1.09525113e-001 1.03409224e-001 2.12934337e-001
 1.25663706e-001 -1.17713509e-001 1.42115451e-001 2.59828960e-001
 1.57079633e-001 -1.05162541e-001 1.83042214e-001 2.88204754e-001
 1.88495559e-001 -7.06812778e-002 2.26250143e-001 2.96931421e-001
 2.19911486e-001 -1.51293552e-002 2.71799158e-001 2.86928513e-001
 2.51327412e-001 5.87027983e-002 3.19748292e-001 2.61045494e-001
 2.82743339e-001 1.46408397e-001 3.70155520e-001 2.23747123e-001
 3.14159265e-001 2.42441285e-001 4.23077568e-001 1.80636283e-001
 3.45575192e-001 3.40706828e-001 4.78569719e-001 1.37862891e-001
 3.76991118e-001 4.35206480e-001 5.36685605e-001 1.01479125e-001
 4.08407045e-001 5.20670289e-001 5.97476992e-001 7.68067032e-002
 4.39822972e-001 5.93112776e-001 6.60993554e-001 6.78807787e-002
 4.71238898e-001 6.50255373e-001 7.27282634e-001 7.70272617e-002
 5.02654825e-001 6.91772146e-001 7.96388999e-001 1.04616852e-001
 5.34070751e-001 7.19333474e-001 8.68354578e-001 1.49021104e-001
 5.65486678e-001 7.36442950e-001 9.43218198e-001 2.06775248e-001
 5.96902604e-001 7.48083906e-001 1.02101530e+000 2.72931393e-001
 6.28318531e-001 7.60211434e-001 1.10177764e+000 3.41566210e-001
 6.59734457e-001 7.79141739e-001 1.18553302e+000 4.06391279e-001
 6.91150384e-001 8.10901292e-001 1.27230491e+000 4.61403615e-001
 7.22566310e-001 8.60602656e-001 1.36211218e+000 5.01509524e-001
 7.53982237e-001 9.31911359e-001 1.45496874e+000 5.23057384e-001
 7.85398163e-001 1.02665919e+000 1.55088320e+000 5.24224008e-001
 8.16814090e-001 1.14464452e+000 1.64985847e+000 5.05213944e-001
 8.48230016e-001 1.28364137e+000 1.75189144e+000 4.68250067e-001
 8.79645943e-001 1.43961749e+000 1.85697256e+000 4.17355069e-001
 9.11061870e-001 1.60714053e+000 1.96508546e+000 3.57944933e-001
 9.42477796e-001 1.77993163e+000 2.07620652e+000 2.96274894e-001
 9.73893723e-001 1.95151062e+000 2.19030447e+000 2.38793851e-001
 1.00530965e+000 2.11586694e+000 2.30733996e+000 1.91473013e-001
 1.03672558e+000 2.26808729e+000 2.42726507e+000 1.59177771e-001
 1.06814150e+000 2.40487497e+000 2.55002291e+000 1.45147939e-001
 1.09955743e+000 2.52490613e+000 2.67554714e+000 1.50641014e-001
 1.13097336e+000 2.62898456e+000 2.80376147e+000 1.74776912e-001
 1.16238928e+000 2.71997682e+000 2.93457919e+000 2.14602362e-001
 1.19380521e+000 2.80253181e+000 3.06790264e+000 2.65370832e-001
 1.22522113e+000 2.88261102e+000 3.20362276e+000 3.21011734e-001
 1.25663706e+000 2.96687554e+000 3.34161850e+000 3.74742963e-001
 1.28805299e+000 3.06199076e+000 3.48175637e+000 4.19765601e-001
 1.31946891e+000 3.17391932e+000 3.62388980e+000 4.49970484e-001
 1.35088484e+000 3.30727454e+000 3.76785871e+000 4.60584175e-001
 1.38230077e+000 3.46480170e+000 3.91348887e+000 4.48687169e-001
 1.41371669e+000 3.64704209e+000 4.06059136e+000 4.13549270e-001
 1.44513262e+000 3.85221705e+000 4.20896203e+000 3.56744981e-001
 1.47654855e+000 4.07634725e+000 4.35838090e+000 2.82033649e-001
 1.50796447e+000 4.31359869e+000 4.50861158e+000 1.95012890e-001
 1.53938040e+000 4.55682369e+000 4.65940072e+000 1.02577028e-001
 1.57079633e+000 4.79824473e+000 4.81047738e+000 1.22326469e-002
 1.60221225e+000 5.03021375e+000 4.96155248e+000 6.86612657e-002
 1.63362818e+000 5.24597051e+000 5.11231819e+000 1.33652324e-001
 1.66504411e+000 5.44032277e+000 5.26244735e+000 1.77875418e-001
 1.69646003e+000 5.61017707e+000 5.41159287e+000 1.98584193e-001
 1.72787596e+000 5.75486348e+000 5.55938719e+000 1.95476292e-001
 1.75929189e+000 5.87621683e+000 5.70544161e+000 1.70775219e-001
 1.79070781e+000 5.97840138e+000 5.84934583e+000 1.29055545e-001
 1.82212374e+000 6.06749117e+000 5.99066728e+000 7.68238930e-002
 1.85353967e+000 6.15084365e+000 6.12895062e+000 2.18930359e-002
 1.88495559e+000 6.23632514e+000 6.26371715e+000 2.73920054e-002
 1.91637152e+000 6.33146348e+000 6.39446431e+000 6.30008336e-002
 1.94778745e+000 6.44261150e+000 6.52066514e+000 7.80536337e-002
 1.97920337e+000 6.57420610e+000 6.64176775e+000 6.75616481e-002
 2.01061930e+000 6.72819950e+000 6.75719486e+000 2.89953582e-002
 2.04203522e+000 6.90372418e+000 6.86634331e+000 3.73808718e-002
 2.07345115e+000 7.09703058e+000 6.96858362e+000 1.28446958e-001
 2.10486708e+000 7.30171056e+000 7.06325955e+000 2.38451007e-001
 2.13628300e+000 7.50919149e+000 7.14968773e+000 3.59503755e-001
 2.16769893e+000 7.70945832e+000 7.22715726e+000 4.82301065e-001
 2.19911486e+000 7.89193777e+000 7.29492939e+000 5.97008385e-001
 2.23053078e+000 8.04646064e+000 7.35223721e+000 6.94223433e-001
 2.26194671e+000 8.16420902e+000 7.39828542e+000 7.65923599e-001
 2.29336264e+000 8.23855381e+000 7.43225005e+000 8.06303759e-001
 2.32477856e+000 8.26569693e+000 7.45327834e+000 8.12418593e-001
 2.35619449e+000 8.24504906e+000 7.46048854e+000 7.84560523e-001
 2.38761042e+000 8.17929839e+000 7.45296991e+000 7.26328487e-001
 2.41902634e+000 8.07415445e+000 7.42978262e+000 6.44371831e-001
 2.45044227e+000 7.93778263e+000 7.38995783e+000 5.47824793e-001
 2.48185820e+000 7.77997536e+000 7.33249776e+000 4.47477602e-001
 2.51327412e+000 7.61113278e+000 7.25637583e+000 3.54756947e-001
 2.54469005e+000 7.44114598e+000 7.16053693e+000 2.80609049e-001
 2.57610598e+000 7.27828821e+000 7.04389766e+000 2.34390546e-001
 2.60752190e+000 7.12822147e+000 6.90534676e+000 2.22874719e-001
 2.63893783e+000 6.99321820e+000 6.74374551e+000 2.49472696e-001
 2.67035376e+000 6.87168016e+000 6.55792832e+000 3.13751833e-001
 2.70176968e+000 6.75801122e+000 6.34670335e+000 4.11307876e-001
 2.73318561e+000 6.64286927e+000 6.10885319e+000 5.34016085e-001
 2.76460154e+000 6.51378773e+000 5.84313575e+000 6.70651980e-001
 2.79601746e+000 6.35612317e+000 5.54828513e+000 8.07838040e-001
 2.82743339e+000 6.15425438e+000 5.22301271e+000 9.31241671e-001
 2.85884931e+000 5.89293322e+000 4.86600825e+000 1.02692498e+000
 2.89026524e+000 5.55867193e+000 4.47594118e+000 1.08273075e+000
 2.92168117e+000 5.14104522e+000 4.05146201e+000 1.08958321e+000
 2.95309709e+000 4.63379082e+000 3.59120382e+000 1.04258700e+000
 2.98451302e+000 4.03560768e+000 3.09378392e+000 9.41823760e-001
 3.01592895e+000 3.35057579e+000 2.55780566e+000 7.92770127e-001
 3.04734487e+000 2.58815381e+000 1.98186037e+000 6.06293444e-001
 3.07876080e+000 1.76274684e+000 1.36452942e+000 3.98217424e-001
 3.11017673e+000 8.92873935e-001 7.04386497e-001 1.88487438e-001
 3.14159265e+000 1.35804493e-015 2.83382392e-015 1.47577899e-015
