 0.00000000e+000 0.00000000e+000 0.00000000e+000 0.00000000e+000
 3.14159265e-002 -5.81315647e-002 3.24132214e-002 9.05447861e-002
 6.28318531e-002 -3.95969810e-001 6.68623449e-002 4.62832155e-001
 9.42477796e-002 -1.03450090e+000 1.03409224e-001 1.13791012e+000
 1.25663706e-001 -1.78740690e+000 1.42115451e-001 1.92952236e+000
 1.57079633e-001 -2.59972729e+000 1.83042214e-001 2.78276950e+000
 1.88495559e-001 -3.80569781e+000 2.26250143e-001 4.03194796e+000
 2.19911486e-001 -5.93310281e+000 2.71799158e-001 6.20490196e+000
 2.51327412e-001 -9.07417816e+000 3.19748292e-001 9.39392645e+000
 2.82743339e-001 -1.23160185e+001 3.70155520e-001 1.26861740e+001
 3.14159265e-001 -1.38386318e+001 4.23077568e-001 1.42617094e+001
 3.45575192e-001 -1.18687123e+001 4.78569719e-001 1.23472820e+001
 3.76991118e-001 -5.99160050e+000 5.36685605e-001 6.52828610e+000
 4.08407045e-001 2.09154493e+000 5.97476992e-001 1.49406794e+000
 4.39822972e-001 9.03948925e+000 6.60993554e-001 8.37849570e+000
 4.71238898e-001 1.14739644e+001 7.27282634e-001 1.07466818e+001
 5.02654825e-001 7.81174443e+000 7.96388999e-001 7.01535543e+000
 5.34070751e-001 -7.91421541e-001 8.68354578e-001 1.65977612e+000
 5.65486678e-001 -1.09681655e+001 9.43218198e-001 1.19113837e+001
 5.96902604e-001 -1.88032804e+001 1.02101530e+000 1.98242957e+001
 6.28318531e-001 -2.16386262e+001 1.10177764e+000 2.27404038e+001
 6.59734457e-001 -1.90529344e+001 1.18553302e+000 2.02384675e+001
 6.91150384e-001 -1.26797916e+001 1.27230491e+000 1.39520965e+001
 7.22566310e-001 -5.24645048e+000 1.36211218e+000 6.60856266e+000
 7.53982237e-001 4.86581125e-001 1.45496874e+000 9.68387619e-001
 7.85398163e-001 2.44767944e+000 1.55088320e+000 8.96796243e-001
 8.16814090e-001 -3.46617577e-001 1.64985847e+000 1.99647604e+000
 8.48230016e-001 -7.49196847e+000 1.75189144e+000 9.24385991e+000
 8.79645943e-001 -1.69785978e+001 1.85697256e+000 1.88355703e+001
 9.11061870e-001 -2.53896519e+001 1.96508546e+000 2.73547373e+001
 9.42477796e-001 -2.88933142e+001 2.07620652e+000 3.09695207e+001
 9.73893723e-001 -2.49395305e+001 2.19030447e+000 2.71298349e+001
 1.00530965e+000 -1.38842890e+001 2.30733996e+000 1.61916289e+001
 1.03672558e+000 5.49883060e-001 2.42726507e+000 1.87738201e+000
 1.06814150e+000 1.26018211e+001 2.55002291e+000 1.00517982e+001
 1.09955743e+000 1.71412604e+001 2.67554714e+000 1.44657132e+001
 1.13097336e+000 1.22660914e+001 2.80376147e+000 9.46232995e+000
 1.16238928e+000 2.89052255e-001 2.93457919e+000 2.64552693e+000
 1.19380521e+000 -1.35194376e+001 3.06790264e+000 1.65873403e+001
 1.22522113e+000 -2.36918406e+001 3.20362276e+000 2.68954634e+001
 1.25663706e+000 -2.71776018e+001 3.34161850e+000 3.05192203e+001
 1.28805299e+000 -2.43411272e+001 3.48175637e+000 2.78228836e+001
 1.31946891e+000 -1.79935740e+001 3.62388980e+000 2.16174638e+001
 1.35088484e+000 -1.13551406e+001 3.76785871e+000 1.51229993e+001
 1.38230077e+000 -6.35741458e+000 3.91348887e+000 1.02709034e+001
 1.41371669e+000 -3.20192750e+000 4.06059136e+000 7.26251886e+000
 1.44513262e+000 -1.07353816e+000 4.20896203e+000 5.28250019e+000
 1.47654855e+000 8.22168056e-001 4.35838090e+000 3.53621284e+000
 1.50796447e+000 2.68624208e+000 4.50861158e+000 1.82236950e+000
 1.53938040e+000 4.19133868e+000 4.65940072e+000 4.68062043e-001
 1.57079633e+000 4.81047738e+000 4.81047738e+000 1.51668011e-010
 1.60221225e+000 4.04131326e+000 4.96155248e+000 9.20239219e-001
 1.63362818e+000 1.59795454e+000 5.11231819e+000 3.51436365e+000
 1.66504411e+000 -2.07399349e+000 5.26244735e+000 7.33644083e+000
 1.69646003e+000 -4.94326159e+000 5.41159287e+000 1.03548545e+001
 1.72787596e+000 -2.95142443e+000 5.55938719e+000 8.51081161e+000
 1.75929189e+000 8.87342254e+000 5.70544161e+000 3.16798092e+000
 1.79070781e+000 3.33178768e+001 5.84934583e+000 2.74685309e+001
 1.82212374e+000 6.71485980e+001 5.99066728e+000 6.11579307e+001
 1.85353967e+000 9.92755182e+001 6.12895062e+000 9.31465675e+001
 1.88495559e+000 1.13495611e+002 6.26371715e+000 1.07231894e+002
 1.91637152e+000 9.60829998e+001 6.39446431e+000 8.96885355e+001
 1.94778745e+000 4.50901519e+001 6.52066514e+000 3.85694868e+001
 1.97920337e+000 -2.40316133e+001 6.64176775e+000 3.06733811e+001
 2.01061930e+000 -8.10869824e+001 6.75719486e+000 8.78441773e+001
 2.04203522e+000 -9.26949091e+001 6.86634331e+000 9.95612524e+001
 2.07345115e+000 -3.82743095e+001 6.96858362e+000 4.52428931e+001
 2.10486708e+000 7.72312289e+001 7.06325955e+000 7.01679694e+001
 2.13628300e+000 2.20815643e+002 7.14968773e+000 2.13665955e+002
 2.16769893e+000 3.41493319e+002 7.22715726e+000 3.34266162e+002
 2.19911486e+000 3.89622456e+002 7.29492939e+000 3.82327527e+002
 2.23053078e+000 3.37938692e+002 7.35223721e+000 3.30586455e+002
 2.26194671e+000 1.96021527e+002 7.39828542e+000 1.88623242e+002
 2.29336264e+000 1.23046566e+001 7.43225005e+000 4.87240651e+000
 2.32477856e+000 -1.38275727e+002 7.45327834e+000 1.45729005e+002
 2.35619449e+000 -1.78722143e+002 7.46048854e+000 1.86182632e+002
 2.38761042e+000 -6.03449874e+001 7.45296991e+000 6.77979573e+001
 2.41902634e+000 2.10572169e+002 7.42978262e+000 2.03142386e+002
 2.45044227e+000 5.61479372e+002 7.38995783e+000 5.54089414e+002
 2.48185820e+000 8.67599724e+002 7.33249776e+000 8.60267227e+002
 2.51327412e+000 9.93648958e+002 7.25637583e+000 9.86392582e+002
 2.54469005e+000 8.52712807e+002 7.16053693e+000 8.45552270e+002
 2.57610598e+000 4.58783351e+002 7.04389766e+000 4.51739453e+002
 2.60752190e+000 -5.54246865e+001 6.90534676e+000 6.23300332e+001
 2.63893783e+000 -4.74053014e+002 6.74374551e+000 4.80796760e+002
 2.67035376e+000 -5.82173175e+002 6.55792832e+000 5.88731103e+002
 2.70176968e+000 -2.66049053e+002 6.34670335e+000 2.72395757e+002
 2.73318561e+000 4.18463304e+002 6.10885319e+000 4.12354451e+002
 2.76460154e+000 1.24938099e+003 5.84313575e+000 1.24353786e+003
 2.79601746e+000 1.92197869e+003 5.54828513e+000 1.91643041e+003
 2.82743339e+000 2.17879360e+003 5.22301271e+000 2.17357059e+003
 2.85884931e+000 1.92478592e+003 4.86600825e+000 1.91991991e+003
 2.89026524e+000 1.26908651e+003 4.47594118e+000 1.26461057e+003
 2.92168117e+000 4.70219539e+002 4.05146201e+000 4.66168077e+002
 2.95309709e+000 -1.87971538e+002 3.59120382e+000 1.91562742e+002
 2.98451302e+000 -5.25163717e+002 3.09378392e+000 5.28257500e+002
 3.01592895e+000 -5.31404508e+002 2.55780566e+000 5.33962314e+002
 3.04734487e+000 -3.40480068e+002 1.98186037e+000 3.42461928e+002
 3.07876080e+000 -1.31336199e+002 1.36452942e+000 1.32700728e+002
 3.11017673e+000 -1.90365079e+001 7.04386497e-001 1.97408944e+001
 3.14159265e+000 -1.63800487e-012 2.83382392e-015 1.64083870e-012
