 0.00000000e+000 0.00000000e+000 0.00000000e+000 0.00000000e+000
 3.14159265e-002 -9.26209168e-001 3.24132214e-002 9.58622389e-001
 6.28318531e-002 -6.44999592e+000 6.68623449e-002 6.51685827e+000
 9.42477796e-002 -1.56430277e+001 1.03409224e-001 1.57464370e+001
 1.25663706e-001 -2.17435793e+001 1.42115451e-001 2.18856947e+001
 1.57079633e-001 -1.76501055e+001 1.83042214e-001 1.78331477e+001
 1.88495559e-001 -2.56854822e+000 2.26250143e-001 2.79479836e+000
 2.19911486e-001 1.60764936e+001 2.71799158e-001 1.58046944e+001
 2.51327412e-001 2.74671482e+001 3.19748292e-001 2.71473999e+001
 2.82743339e-001 2.52365824e+001 3.70155520e-001 2.48664269e+001
 3.14159265e-001 1.19822742e+001 4.23077568e-001 1.15591967e+001
 3.45575192e-001 -3.16475946e+000 4.78569719e-001 3.64332918e+000
 3.76991118e-001 -1.17494029e+001 5.36685605e-001 1.22860885e+001
 4.08407045e-001 -1.19346205e+001 5.97476992e-001 1.25320975e+001
 4.39822972e-001 -8.43774462e+000 6.60993554e-001 9.09873817e+000
 4.71238898e-001 -7.02095539e+000 7.27282634e-001 7.74823803e+000
 5.02654825e-001 -8.75270489e+000 7.96388999e-001 9.54909389e+000
 5.34070751e-001 -9.23577829e+000 8.68354578e-001 1.01041329e+001
 5.65486678e-001 -3.37914584e+000 9.43218198e-001 4.32236404e+000
 5.96902604e-001 8.80031531e+000 1.02101530e+000 7.77930001e+000
 6.28318531e-001 2.08754307e+001 1.10177764e+000 1.97736530e+001
 6.59734457e-001 2.47255847e+001 1.18553302e+000 2.35400516e+001
 6.91150384e-001 1.72957865e+001 1.27230491e+000 1.60234816e+001
 7.22566310e-001 3.37820167e+000 1.36211218e+000 2.01608949e+000
 7.53982237e-001 -8.23810683e+000 1.45496874e+000 9.69307558e+000
 7.85398163e-001 -1.19984993e+001 1.55088320e+000 1.35493825e+001
 8.16814090e-001 -9.76711260e+000 1.64985847e+000 1.14169711e+001
 8.48230016e-001 -8.09768951e+000 1.75189144e+000 9.84958095e+000
 8.79645943e-001 -1.09682963e+001 1.85697256e+000 1.28252689e+001
 9.11061870e-001 -1.47737465e+001 1.96508546e+000 1.67388319e+001
 9.42477796e-001 -1.07843344e+001 2.07620652e+000 1.28605410e+001
 9.73893723e-001 6.30255377e+000 2.19030447e+000 4.11224930e+000
 1.00530965e+000 3.10625746e+001 2.30733996e+000 2.87552346e+001
 1.03672558e+000 4.85107167e+001 2.42726507e+000 4.60834517e+001
 1.06814150e+000 4.42542755e+001 2.55002291e+000 4.17042526e+001
 1.09955743e+000 1.62341656e+001 2.67554714e+000 1.35586185e+001
 1.13097336e+000 -2.16371558e+001 2.80376147e+000 2.44409172e+001
 1.16238928e+000 -4.78273700e+001 2.93457919e+000 5.07619491e+001
 1.19380521e+000 -4.78534009e+001 3.06790264e+000 5.09213035e+001
 1.22522113e+000 -2.41293595e+001 3.20362276e+000 2.73329823e+001
 1.25663706e+000 6.70024352e+000 3.34161850e+000 3.35862502e+000
 1.28805299e+000 2.67559181e+001 3.48175637e+000 2.32741618e+001
 1.31946891e+000 2.97567532e+001 3.62388980e+000 2.61328634e+001
 1.35088484e+000 2.34496805e+001 3.76785871e+000 1.96818218e+001
 1.38230077e+000 2.01756513e+001 3.91348887e+000 1.62621624e+001
 1.41371669e+000 2.41875385e+001 4.06059136e+000 2.01269471e+001
 1.44513262e+000 2.71462632e+001 4.20896203e+000 2.29373012e+001
 1.47654855e+000 1.61699511e+001 4.35838090e+000 1.18115702e+001
 1.50796447e+000 -1.23201844e+001 4.50861158e+000 1.68287960e+001
 1.53938040e+000 -4.54101872e+001 4.65940072e+000 5.00695879e+001
 1.57079633e+000 -6.06621653e+001 4.81047738e+000 6.54726427e+001
 1.60221225e+000 -4.28899799e+001 4.96155248e+000 4.78515324e+001
 1.63362818e+000 2.50499979e+000 5.11231819e+000 2.60731840e+000
 1.66504411e+000 5.10380618e+001 5.26244735e+000 4.57756145e+001
 1.69646003e+000 7.53322887e+001 5.41159287e+000 6.99206959e+001
 1.72787596e+000 6.39027807e+001 5.55938719e+000 5.83433936e+001
 1.75929189e+000 2.80854333e+001 5.70544161e+000 2.23799917e+001
 1.79070781e+000 -7.92153359e+000 5.84934583e+000 1.37708794e+001
 1.82212374e+000 -2.54188295e+001 5.99066728e+000 3.14094967e+001
 1.85353967e+000 -2.31099380e+001 6.12895062e+000 2.92388886e+001
 1.88495559e+000 -1.37521371e+001 6.26371715e+000 2.00158542e+001
 1.91637152e+000 -9.98662188e+000 6.39446431e+000 1.63810862e+001
 1.94778745e+000 -1.27088613e+001 6.52066514e+000 1.92295264e+001
 1.97920337e+000 -1.22214024e+001 6.64176775e+000 1.88631701e+001
 2.01061930e+000 -1.19823641e-001 6.75719486e+000 6.87701850e+000
 2.04203522e+000 2.03894492e+001 6.86634331e+000 1.35231059e+001
 2.07345115e+000 3.65801192e+001 6.96858362e+000 2.96115356e+001
 2.10486708e+000 3.92370809e+001 7.06325955e+000 3.21738214e+001
 2.13628300e+000 3.33076516e+001 7.14968773e+000 2.61579639e+001
 2.16769893e+000 3.34133562e+001 7.22715726e+000 2.61861989e+001
 2.19911486e+000 4.56710192e+001 7.29492939e+000 3.83760898e+001
 2.23053078e+000 5.30492070e+001 7.35223721e+000 4.56969698e+001
 2.26194671e+000 2.30393428e+001 7.39828542e+000 1.56410574e+001
 2.29336264e+000 -6.12326138e+001 7.43225005e+000 6.86648639e+001
 2.32477856e+000 -1.69588098e+002 7.45327834e+000 1.77041376e+002
 2.35619449e+000 -2.25245334e+002 7.46048854e+000 2.32705822e+002
 2.38761042e+000 -1.50397088e+002 7.45296991e+000 1.57850058e+002
 2.41902634e+000 6.68307609e+001 7.42978262e+000 5.94009782e+001
 2.45044227e+000 3.34531954e+002 7.38995783e+000 3.27141997e+002
 2.48185820e+000 4.89421487e+002 7.33249776e+000 4.82088989e+002
 2.51327412e+000 3.94508970e+002 7.25637583e+000 3.87252594e+002
 2.54469005e+000 4.40276030e+001 7.16053693e+000 3.68670661e+001
 2.57610598e+000 -4.01152696e+002 7.04389766e+000 4.08196593e+002
 2.60752190e+000 -6.87724055e+002 6.90534676e+000 6.94629401e+002
 2.63893783e+000 -6.20588179e+002 6.74374551e+000 6.27331925e+002
 2.67035376e+000 -1.96748676e+002 6.55792832e+000 2.03306604e+002
 2.70176968e+000 3.71203042e+002 6.34670335e+000 3.64856339e+002
 2.73318561e+000 7.69242309e+002 6.10885319e+000 7.63133456e+002
 2.76460154e+000 7.68999291e+002 5.84313575e+000 7.63156155e+002
 2.79601746e+000 3.69205655e+002 5.54828513e+000 3.63657370e+002
 2.82743339e+000 -2.02165879e+002 5.22301271e+000 2.07388891e+002
 2.85884931e+000 -6.28506372e+002 4.86600825e+000 6.33372381e+002
 2.89026524e+000 -6.96533140e+002 4.47594118e+000 7.01009081e+002
 2.92168117e+000 -4.14821342e+002 4.05146201e+000 4.18872804e+002
 2.95309709e+000 1.40308440e+001 3.59120382e+000 1.04396402e+001
 2.98451302e+000 3.39858163e+002 3.09378392e+000 3.36764379e+002
 3.01592895e+000 4.23917409e+002 2.55780566e+000 4.21359603e+002
 3.04734487e+000 3.02980482e+002 1.98186037e+000 3.00998622e+002
 3.07876080e+000 1.25354280e+002 1.36452942e+000 1.23989750e+002
 3.11017673e+000 1.94648884e+001 7.04386497e-001 1.87605019e+001
 3.14159265e+000 1.56158976e-012 2.83382392e-015 1.55875593e-012
