 0.00000000e+000 0.00000000e+000 0.00000000e+000 0.00000000e+000
 3.14159265e-002 3.09821692e-002 3.24132214e-002 1.43105218e-003
 6.28318531e-002 6.28957343e-002 6.68623449e-002 3.96661061e-003
 9.42477796e-002 9.66084326e-002 1.03409224e-001 6.80079173e-003
 1.25663706e-001 1.32866806e-001 1.42115451e-001 9.24864516e-003
 1.57079633e-001 1.72250292e-001 1.83042214e-001 1.07919212e-002
 1.88495559e-001 2.15141272e-001 2.26250143e-001 1.11088715e-002
 2.19911486e-001 2.61713799e-001 2.71799158e-001 1.00853588e-002
 2.51327412e-001 3.11941861e-001 3.19748292e-001 7.80643134e-003
 2.82743339e-001 3.65626047e-001 3.70155520e-001 4.52947290e-003
 3.14159265e-001 4.22435686e-001 4.23077568e-001 6.41882212e-004
 3.45575192e-001 4.81961958e-001 4.78569719e-001 3.39223900e-003
 3.76991118e-001 5.43776445e-001 5.36685605e-001 7.09083952e-003
 4.08407045e-001 6.07489062e-001 5.97476992e-001 1.00120696e-002
 4.39822972e-001 6.72799464e-001 6.60993554e-001 1.18059095e-002
 4.71238898e-001 7.39536723e-001 7.27282634e-001 1.22540887e-002
 5.02654825e-001 8.07683367e-001 7.96388999e-001 1.12943681e-002
 5.34070751e-001 8.77381499e-001 8.68354578e-001 9.02692095e-003
 5.65486678e-001 9.48920631e-001 9.43218198e-001 5.70243308e-003
 5.96902604e-001 1.02270876e+000 1.02101530e+000 1.69346210e-003
 6.28318531e-001 1.09922999e+000 1.10177764e+000 2.54765456e-003
 6.59734457e-001 1.17899336e+000 1.18553302e+000 6.53965300e-003
 6.91150384e-001 1.26247854e+000 1.27230491e+000 9.82636259e-003
 7.22566310e-001 1.35008420e+000 1.36211218e+000 1.20279823e-002
 7.53982237e-001 1.44208473e+000 1.45496874e+000 1.28840126e-002
 7.85398163e-001 1.53860005e+000 1.55088320e+000 1.22831433e-002
 8.16814090e-001 1.63958167e+000 1.64985847e+000 1.02767961e-002
 8.48230016e-001 1.74481666e+000 1.75189144e+000 7.07477621e-003
 8.79645943e-001 1.85394915e+000 1.85697256e+000 3.02340958e-003
 9.11061870e-001 1.96651703e+000 1.96508546e+000 1.43156611e-003
 9.42477796e-001 2.08199995e+000 2.07620652e+000 5.79342610e-003
 9.73893723e-001 2.19987349e+000 2.19030447e+000 9.56901839e-003
 1.00530965e+000 2.31966352e+000 2.30733996e+000 1.23235687e-002
 1.03672558e+000 2.44099482e+000 2.42726507e+000 1.37297562e-002
 1.06814150e+000 2.56362855e+000 2.55002291e+000 1.36056388e-002
 1.09955743e+000 2.68748429e+000 2.67554714e+000 1.19371455e-002
 1.13097336e+000 2.81264394e+000 2.80376147e+000 8.88246410e-003
 1.16238928e+000 2.93933676e+000 2.93457919e+000 4.75757099e-003
 1.19380521e+000 3.06790681e+000 3.06790264e+000 4.17227262e-006
 1.22522113e+000 3.19876600e+000 3.20362276e+000 4.85675387e-003
 1.25663706e+000 3.33233749e+000 3.34161850e+000 9.28101719e-003
 1.28805299e+000 3.46899541e+000 3.48175637e+000 1.27609591e-002
 1.31946891e+000 3.60900735e+000 3.62388980e+000 1.48824533e-002
 1.35088484e+000 3.75248581e+000 3.76785871e+000 1.53729052e-002
 1.38230077e+000 3.89935404e+000 3.91348887e+000 1.41348327e-002
 1.41371669e+000 4.04933031e+000 4.06059136e+000 1.12610481e-002
 1.44513262e+000 4.20193268e+000 4.20896203e+000 7.02935132e-003
 1.47654855e+000 4.35650409e+000 4.35838090e+000 1.87680430e-003
 1.50796447e+000 4.51225573e+000 4.50861158e+000 3.64414803e-003
 1.53938040e+000 4.66832415e+000 4.65940072e+000 8.92343072e-003
 1.57079633e+000 4.82383646e+000 4.81047738e+000 1.33590832e-002
 1.60221225e+000 4.97797657e+000 4.96155248e+000 1.64240921e-002
 1.63362818e+000 5.13004528e+000 5.11231819e+000 1.77270946e-002
 1.66504411e+000 5.27950753e+000 5.26244735e+000 1.70601823e-002
 1.69646003e+000 5.42602108e+000 5.41159287e+000 1.44282089e-002
 1.72787596e+000 5.56944300e+000 5.55938719e+000 1.00558149e-002
 1.75929189e+000 5.70981226e+000 5.70544161e+000 4.37064159e-003
 1.79070781e+000 5.84730954e+000 5.84934583e+000 2.03629127e-003
 1.82212374e+000 5.98219768e+000 5.99066728e+000 8.46959884e-003
 1.85353967e+000 6.11474833e+000 6.12895062e+000 1.42022883e-002
 1.88495559e+000 6.24516221e+000 6.26371715e+000 1.85549375e-002
 1.91637152e+000 6.37349131e+000 6.39446431e+000 2.09730049e-002
 1.94778745e+000 6.49957129e+000 6.52066514e+000 2.10938465e-002
 1.97920337e+000 6.62297198e+000 6.64176775e+000 1.87957690e-002
 2.01061930e+000 6.74297184e+000 6.75719486e+000 1.42230238e-002
 2.04203522e+000 6.85856037e+000 6.86634331e+000 7.78293847e-003
 2.07345115e+000 6.96846947e+000 6.96858362e+000 1.14155703e-004
 2.10486708e+000 7.07123159e+000 7.06325955e+000 7.97203767e-003
 2.13628300e+000 7.16526011e+000 7.14968773e+000 1.55723760e-002
 2.16769893e+000 7.24894405e+000 7.22715726e+000 2.17867922e-002
 2.19911486e+000 7.32074810e+000 7.29492939e+000 2.58187127e-002
 2.23053078e+000 7.37930725e+000 7.35223721e+000 2.70700349e-002
 2.26194671e+000 7.42350575e+000 7.39828542e+000 2.52203306e-002
 2.29336264e+000 7.45253091e+000 7.43225005e+000 2.02808599e-002
 2.32477856e+000 7.46589438e+000 7.45327834e+000 1.26160442e-002
 2.35619449e+000 7.46341649e+000 7.46048854e+000 2.92795490e-003
 2.38761042e+000 7.44517282e+000 7.45296991e+000 7.79709044e-003
 2.41902634e+000 7.41140571e+000 7.42978262e+000 1.83769119e-002
 2.45044227e+000 7.36240768e+000 7.38995783e+000 2.75501508e-002
 2.48185820e+000 7.29838653e+000 7.33249776e+000 3.41112312e-002
 2.51327412e+000 7.21932483e+000 7.25637583e+000 3.70510052e-002
 2.54469005e+000 7.12484798e+000 7.16053693e+000 3.56889551e-002
 2.57610598e+000 7.01411512e+000 7.04389766e+000 2.97825429e-002
 2.60752190e+000 6.88574642e+000 6.90534676e+000 1.96003393e-002
 2.63893783e+000 6.73779761e+000 6.74374551e+000 5.94789915e-003
 2.67035376e+000 6.56778949e+000 6.55792832e+000 9.86116429e-003
 2.70176968e+000 6.37279545e+000 6.34670335e+000 2.60921003e-002
 2.73318561e+000 6.14958543e+000 6.10885319e+000 4.07322404e-002
 2.76460154e+000 5.89481957e+000 5.84313575e+000 5.16838223e-002
 2.79601746e+000 5.60528017e+000 5.54828513e+000 5.69950433e-002
 2.82743339e+000 5.27812674e+000 5.22301271e+000 5.51140304e-002
 2.85884931e+000 4.91115584e+000 4.86600825e+000 4.51475888e-002
 2.89026524e+000 4.50304634e+000 4.47594118e+000 2.71051550e-002
 2.92168117e+000 4.05357052e+000 4.05146201e+000 2.10850559e-003
 2.95309709e+000 3.56375331e+000 3.59120382e+000 2.74505044e-002
 2.98451302e+000 3.03596523e+000 3.09378392e+000 5.78186850e-002
 3.01592895e+000 2.47393890e+000 2.55780566e+000 8.38667636e-002
 3.04734487e+000 1.88270460e+000 1.98186037e+000 9.91557677e-002
 3.07876080e+000 1.26844616e+000 1.36452942e+000 9.60832611e-002
 3.11017673e+000 6.38284262e-001 7.04386497e-001 6.61022355e-002
 3.14159265e+000 3.00176269e-015 2.83382392e-015 1.67938765e-016
