 0.00000000e+000 0.00000000e+000 0.00000000e+000 0.00000000e+000
 3.14159265e-002 3.13671832e-002 3.24132214e-002 1.04603818e-003
 6.28318531e-002 6.50579383e-002 6.68623449e-002 1.80440657e-003
 9.42477796e-002 1.02222937e-001 1.03409224e-001 1.18628683e-003
 1.25663706e-001 1.42494662e-001 1.42115451e-001 3.79210346e-004
 1.57079633e-001 1.84670755e-001 1.83042214e-001 1.62854174e-003
 1.88495559e-001 2.27863676e-001 2.26250143e-001 1.61353315e-003
 2.19911486e-001 2.72243669e-001 2.71799158e-001 4.44511522e-004
 2.51327412e-001 3.18867914e-001 3.19748292e-001 8.80377981e-004
 2.82743339e-001 3.68820524e-001 3.70155520e-001 1.33499624e-003
 3.14159265e-001 4.22400522e-001 4.23077568e-001 6.77046674e-004
 3.45575192e-001 4.78999181e-001 4.78569719e-001 4.29462058e-004
 3.76991118e-001 5.37713146e-001 5.36685605e-001 1.02754110e-003
 4.08407045e-001 5.98146113e-001 5.97476992e-001 6.69120902e-004
 4.39822972e-001 6.60735006e-001 6.60993554e-001 2.58548947e-004
 4.71238898e-001 7.26365087e-001 7.27282634e-001 9.17547696e-004
 5.02654825e-001 7.95635657e-001 7.96388999e-001 7.53342237e-004
 5.34070751e-001 8.68406653e-001 8.68354578e-001 5.20750408e-005
 5.65486678e-001 9.43990699e-001 9.43218198e-001 7.72501032e-004
 5.96902604e-001 1.02179819e+000 1.02101530e+000 7.82888855e-004
 6.28318531e-001 1.10187023e+000 1.10177764e+000 9.25816156e-005
 6.59734457e-001 1.18485043e+000 1.18553302e+000 6.82586499e-004
 6.91150384e-001 1.27143756e+000 1.27230491e+000 8.67351441e-004
 7.22566310e-001 1.36180134e+000 1.36211218e+000 3.10841434e-004
 7.53982237e-001 1.45546280e+000 1.45496874e+000 4.94058526e-004
 7.85398163e-001 1.55173171e+000 1.55088320e+000 8.48514953e-004
 8.16814090e-001 1.65031459e+000 1.64985847e+000 4.56120673e-004
 8.48230016e-001 1.75156643e+000 1.75189144e+000 3.25007310e-004
 8.79645943e-001 1.85617271e+000 1.85697256e+000 7.99849443e-004
 9.11061870e-001 1.96454124e+000 1.96508546e+000 5.44223995e-004
 9.42477796e-001 2.07643169e+000 2.07620652e+000 2.25164997e-004
 9.73893723e-001 2.19114281e+000 2.19030447e+000 8.38331010e-004
 1.00530965e+000 2.30809429e+000 2.30733996e+000 7.54332178e-004
 1.03672558e+000 2.42729889e+000 2.42726507e+000 3.38212043e-005
 1.06814150e+000 2.54931412e+000 2.55002291e+000 7.08793544e-004
 1.09955743e+000 2.67471200e+000 2.67554714e+000 8.35145034e-004
 1.13097336e+000 2.80352322e+000 2.80376147e+000 2.38251247e-004
 1.16238928e+000 2.93513805e+000 2.93457919e+000 5.58859191e-004
 1.19380521e+000 3.06875468e+000 3.06790264e+000 8.52037980e-004
 1.22522113e+000 3.20399180e+000 3.20362276e+000 3.69046480e-004
 1.25663706e+000 3.34113417e+000 3.34161850e+000 4.84334465e-004
 1.28805299e+000 3.48079089e+000 3.48175637e+000 9.65478658e-004
 1.31946891e+000 3.62325270e+000 3.62388980e+000 6.37102938e-004
 1.35088484e+000 3.76810148e+000 3.76785871e+000 2.42768319e-004
 1.38230077e+000 3.91441706e+000 3.91348887e+000 9.28186330e-004
 1.41371669e+000 4.06141461e+000 4.06059136e+000 8.23248044e-004
 1.44513262e+000 4.20896766e+000 4.20896203e+000 5.63345217e-006
 1.47654855e+000 4.35755775e+000 4.35838090e+000 8.23147332e-004
 1.50796447e+000 4.50767865e+000 4.50861158e+000 9.32926392e-004
 1.53938040e+000 4.65919830e+000 4.65940072e+000 2.02418417e-004
 1.57079633e+000 4.81123255e+000 4.81047738e+000 7.55173373e-004
 1.60221225e+000 4.96265646e+000 4.96155248e+000 1.10397864e-003
 1.63362818e+000 5.11282759e+000 5.11231819e+000 5.09400817e-004
 1.66504411e+000 5.26189756e+000 5.26244735e+000 5.49785621e-004
 1.69646003e+000 5.41042475e+000 5.41159287e+000 1.16812610e-003
 1.72787596e+000 5.55859929e+000 5.55938719e+000 7.87897319e-004
 1.75929189e+000 5.70574055e+000 5.70544161e+000 2.98938691e-004
 1.79070781e+000 5.85051559e+000 5.84934583e+000 1.16975884e-003
 1.82212374e+000 5.99171743e+000 5.99066728e+000 1.05014750e-003
 1.85353967e+000 6.12894808e+000 6.12895062e+000 2.53038375e-006
 1.88495559e+000 6.26260610e+000 6.26371715e+000 1.11104449e-003
 1.91637152e+000 6.39315739e+000 6.39446431e+000 1.30692251e-003
 1.94778745e+000 6.52029121e+000 6.52066514e+000 3.73929095e-004
 1.97920337e+000 6.64269167e+000 6.64176775e+000 9.23916718e-004
 2.01061930e+000 6.75865467e+000 6.75719486e+000 1.45980568e-003
 2.04203522e+000 6.86705566e+000 6.86634331e+000 7.12348745e-004
 2.07345115e+000 6.96784204e+000 6.96858362e+000 7.41578595e-004
 2.10486708e+000 7.06159347e+000 7.06325955e+000 1.66608345e-003
 2.13628300e+000 7.14847971e+000 7.14968773e+000 1.20802541e-003
 2.16769893e+000 7.22748917e+000 7.22715726e+000 3.31909679e-004
 2.19911486e+000 7.29661748e+000 7.29492939e+000 1.68809234e-003
 2.23053078e+000 7.35391149e+000 7.35223721e+000 1.67428150e-003
 2.26194671e+000 7.39851285e+000 7.39828542e+000 2.27424739e-004
 2.29336264e+000 7.43078979e+000 7.43225005e+000 1.46026641e-003
 2.32477856e+000 7.45137895e+000 7.45327834e+000 1.89939049e-003
 2.35619449e+000 7.45989566e+000 7.46048854e+000 5.92882464e-004
 2.38761042e+000 7.45441508e+000 7.45296991e+000 1.44517144e-003
 2.41902634e+000 7.43223736e+000 7.42978262e+000 2.45473881e-003
 2.45044227e+000 7.39137177e+000 7.38995783e+000 1.41393778e-003
 2.48185820e+000 7.33150334e+000 7.33249776e+000 9.94419323e-004
 2.51327412e+000 7.25355316e+000 7.25637583e+000 2.82267255e-003
 2.54469005e+000 7.15809069e+000 7.16053693e+000 2.44623752e-003
 2.57610598e+000 7.04387819e+000 7.04389766e+000 1.94745806e-005
 2.60752190e+000 6.90783136e+000 6.90534676e+000 2.48460790e-003
 2.63893783e+000 6.74657301e+000 6.74374551e+000 2.82750453e-003
 2.67035376e+000 6.55838904e+000 6.55792832e+000 4.60718126e-004
 2.70176968e+000 6.34392088e+000 6.34670335e+000 2.78246586e-003
 2.73318561e+000 6.10484159e+000 6.10885319e+000 4.01159703e-003
 2.76460154e+000 5.84142637e+000 5.84313575e+000 1.70937240e-003
 2.79601746e+000 5.55099925e+000 5.54828513e+000 2.71411482e-003
 2.82743339e+000 5.22873483e+000 5.22301271e+000 5.72212500e-003
 2.85884931e+000 4.87045823e+000 4.86600825e+000 4.44998460e-003
 2.89026524e+000 4.47530665e+000 4.47594118e+000 6.34533676e-004
 2.92168117e+000 4.04590218e+000 4.05146201e+000 5.55983045e-003
 2.95309709e+000 3.58543253e+000 3.59120382e+000 5.77129194e-003
 2.98451302e+000 3.09358486e+000 3.09378392e+000 1.99056159e-004
 3.01592895e+000 2.56467331e+000 2.55780566e+000 6.86764598e-003
 3.04734487e+000 1.99026316e+000 1.98186037e+000 8.40279245e-003
 3.07876080e+000 1.36559258e+000 1.36452942e+000 1.06315829e-003
 3.11017673e+000 6.96143993e-001 7.04386497e-001 8.24250422e-003
 3.14159265e+000 3.33326574e-015 2.83382392e-015 4.99441818e-016
