 0.00000000e+000 0.00000000e+000 0.00000000e+000 0.00000000e+000
 3.14159265e-002 3.11898783e-002 3.24132214e-002 1.22334304e-003
 6.28318531e-002 6.32988783e-002 6.68623449e-002 3.56346657e-003
 9.42477796e-002 9.71832801e-002 1.03409224e-001 6.22594416e-003
 1.25663706e-001 1.33579744e-001 1.42115451e-001 8.53570738e-003
 1.57079633e-001 1.73060045e-001 1.83042214e-001 9.98216850e-003
 1.88495559e-001 2.16001607e-001 2.26250143e-001 1.02485357e-002
 2.19911486e-001 2.62576528e-001 2.71799158e-001 9.22262997e-003
 2.51327412e-001 3.12759915e-001 3.19748292e-001 6.98837720e-003
 2.82743339e-001 3.66356429e-001 3.70155520e-001 3.79909142e-003
 3.14159265e-001 4.23042081e-001 4.23077568e-001 3.54869425e-005
 3.45575192e-001 4.82416846e-001 4.78569719e-001 3.84712711e-003
 3.76991118e-001 5.44062566e-001 5.36685605e-001 7.37696110e-003
 4.08407045e-001 6.07600165e-001 5.97476992e-001 1.01231727e-002
 4.39822972e-001 6.72740297e-001 6.60993554e-001 1.17467425e-002
 4.71238898e-001 7.39322299e-001 7.27282634e-001 1.20396648e-002
 5.02654825e-001 8.07337576e-001 7.96388999e-001 1.09485774e-002
 5.34070751e-001 8.76935187e-001 8.68354578e-001 8.58060896e-003
 5.65486678e-001 9.48409297e-001 9.43218198e-001 5.19109922e-003
 5.96902604e-001 1.02217005e+000 1.02101530e+000 1.15475091e-003
 6.28318531e-001 1.09870116e+000 1.10177764e+000 3.07648886e-003
 6.59734457e-001 1.17850888e+000 1.18553302e+000 7.02413458e-003
 6.91150384e-001 1.26206803e+000 1.27230491e+000 1.02368798e-002
 7.22566310e-001 1.34977073e+000 1.36211218e+000 1.23414456e-002
 7.53982237e-001 1.44188375e+000 1.45496874e+000 1.30849952e-002
 7.85398163e-001 1.53851874e+000 1.55088320e+000 1.23644573e-002
 8.16814090e-001 1.63961897e+000 1.64985847e+000 1.02394983e-002
 8.48230016e-001 1.74496380e+000 1.75189144e+000 6.92763677e-003
 8.79645943e-001 1.85419065e+000 1.85697256e+000 2.78191298e-003
 9.11061870e-001 1.96683205e+000 1.96508546e+000 1.74659309e-003
 9.42477796e-001 2.08236397e+000 2.07620652e+000 6.15744542e-003
 9.73893723e-001 2.20026002e+000 2.19030447e+000 9.95554849e-003
 1.00530965e+000 2.32004592e+000 2.30733996e+000 1.27059671e-002
 1.03672558e+000 2.44134797e+000 2.42726507e+000 1.40829043e-002
 1.06814150e+000 2.56393034e+000 2.55002291e+000 1.39074314e-002
 1.09955743e+000 2.68771685e+000 2.67554714e+000 1.21697090e-002
 1.13097336e+000 2.81279453e+000 2.80376147e+000 9.03305082e-003
 1.16238928e+000 2.93939829e+000 2.93457919e+000 4.81910037e-003
 1.19380521e+000 3.06787805e+000 3.06790264e+000 2.45859607e-005
 1.22522113e+000 3.19865142e+000 3.20362276e+000 4.97133971e-003
 1.25663706e+000 3.33214675e+000 3.34161850e+000 9.47175138e-003
 1.28805299e+000 3.46874269e+000 3.48175637e+000 1.30136806e-002
 1.31946891e+000 3.60871033e+000 3.62388980e+000 1.51794697e-002
 1.35088484e+000 3.75216462e+000 3.76785871e+000 1.56940984e-002
 1.38230077e+000 3.89903001e+000 3.91348887e+000 1.44588601e-002
 1.41371669e+000 4.04902478e+000 4.06059136e+000 1.15665805e-002
 1.44513262e+000 4.20166574e+000 4.20896203e+000 7.29629236e-003
 1.47654855e+000 4.35629346e+000 4.35838090e+000 2.08743669e-003
 1.50796447e+000 4.51211572e+000 4.50861158e+000 3.50413675e-003
 1.53938040e+000 4.66826481e+000 4.65940072e+000 8.86408911e-003
 1.57079633e+000 4.82386293e+000 4.81047738e+000 1.33855442e-002
 1.60221225e+000 4.97808864e+000 4.96155248e+000 1.65361642e-002
 1.63362818e+000 5.13023732e+000 5.11231819e+000 1.79191259e-002
 1.66504411e+000 5.27976857e+000 5.26244735e+000 1.73212183e-002
 1.69646003e+000 5.42633533e+000 5.41159287e+000 1.47424556e-002
 1.72787596e+000 5.56979059e+000 5.55938719e+000 1.04034044e-002
 1.75929189e+000 5.71017030e+000 5.70544161e+000 4.72868314e-003
 1.79070781e+000 5.84765342e+000 5.84934583e+000 1.69241101e-003
 1.82212374e+000 5.98250256e+000 5.99066728e+000 8.16472005e-003
 1.85353967e+000 6.11499075e+000 6.12895062e+000 1.39598603e-002
 1.88495559e+000 6.24532178e+000 6.26371715e+000 1.83953692e-002
 1.91637152e+000 6.37355222e+000 6.39446431e+000 2.09120864e-002
 1.94778745e+000 6.49952378e+000 6.52066514e+000 2.11413538e-002
 1.97920337e+000 6.62281339e+000 6.64176775e+000 1.89543624e-002
 2.01061930e+000 6.74270732e+000 6.75719486e+000 1.44875454e-002
 2.04203522e+000 6.85820312e+000 6.86634331e+000 8.14019477e-003
 2.07345115e+000 6.96804037e+000 6.96858362e+000 5.43248100e-004
 2.10486708e+000 7.07075836e+000 7.06325955e+000 7.49880724e-003
 2.13628300e+000 7.16477577e+000 7.14968773e+000 1.50880351e-002
 2.16769893e+000 7.24848498e+000 7.22715726e+000 2.13277179e-002
 2.19911486e+000 7.32035163e+000 7.29492939e+000 2.54222400e-002
 2.23053078e+000 7.37900900e+000 7.35223721e+000 2.67717901e-002
 2.26194671e+000 7.42333688e+000 7.39828542e+000 2.50514610e-002
 2.29336264e+000 7.45251541e+000 7.43225005e+000 2.02653541e-002
 2.32477856e+000 7.46604668e+000 7.45327834e+000 1.27683447e-002
 2.35619449e+000 7.46373960e+000 7.46048854e+000 3.25106280e-003
 2.38761042e+000 7.44565706e+000 7.45296991e+000 7.31284251e-003
 2.41902634e+000 7.41202834e+000 7.42978262e+000 1.77542778e-002
 2.45044227e+000 7.36313334e+000 7.38995783e+000 2.68244887e-002
 2.48185820e+000 7.29916867e+000 7.33249776e+000 3.33290923e-002
 2.51327412e+000 7.22010801e+000 7.25637583e+000 3.62678277e-002
 2.54469005e+000 7.12557096e+000 7.16053693e+000 3.49659704e-002
 2.57610598e+000 7.01471460e+000 7.04389766e+000 2.91830633e-002
 2.60752190e+000 6.88616110e+000 6.90534676e+000 1.91856511e-002
 2.63893783e+000 6.73797248e+000 6.74374551e+000 5.77302934e-003
 2.67035376e+000 6.56767984e+000 6.55792832e+000 9.75151881e-003
 2.70176968e+000 6.37237053e+000 6.34670335e+000 2.56671867e-002
 2.73318561e+000 6.14883132e+000 6.10885319e+000 3.99781333e-002
 2.76460154e+000 5.89374109e+000 5.84313575e+000 5.06053416e-002
 2.79601746e+000 5.60390166e+000 5.54828513e+000 5.56165317e-002
 2.82743339e+000 5.27649160e+000 5.22301271e+000 5.34788891e-002
 2.85884931e+000 4.90932480e+000 4.86600825e+000 4.33165555e-002
 2.89026524e+000 4.50109458e+000 4.47594118e+000 2.51533951e-002
 2.92168117e+000 4.05158369e+000 4.05146201e+000 1.21675842e-004
 2.95309709e+000 3.56182283e+000 3.59120382e+000 2.93809873e-002
 2.98451302e+000 3.03418304e+000 3.09378392e+000 5.96008735e-002
 3.01592895e+000 2.47239209e+000 2.55780566e+000 8.54135698e-002
 3.04734487e+000 1.88147021e+000 1.98186037e+000 1.00390160e-001
 3.07876080e+000 1.26758650e+000 1.36452942e+000 9.69429231e-002
 3.11017673e+000 6.37843132e-001 7.04386497e-001 6.65433650e-002
 3.14159265e+000 2.99931092e-015 2.83382392e-015 1.65486999e-016
