 0.00000000e+000 0.00000000e+000 0.00000000e+000 0.00000000e+000
 3.14159265e-002 1.55065600e-003 3.24132214e-002 3.08625654e-002
 6.28318531e-002 2.17683398e-002 6.68623449e-002 4.50940051e-002
 9.42477796e-002 7.48766675e-002 1.03409224e-001 2.85325568e-002
 1.25663706e-001 1.67254446e-001 1.42115451e-001 2.51389949e-002
 1.57079633e-001 2.95872638e-001 1.83042214e-001 1.12830425e-001
 1.88495559e-001 4.48932111e-001 2.26250143e-001 2.22681968e-001
 2.19911486e-001 6.08544040e-001 2.71799158e-001 3.36744882e-001
 2.51327412e-001 7.54810104e-001 3.19748292e-001 4.35061812e-001
 2.82743339e-001 8.70325612e-001 3.70155520e-001 5.00170092e-001
 3.14159265e-001 9.44026019e-001 4.23077568e-001 5.20948451e-001
 3.45575192e-001 9.73453028e-001 4.78569719e-001 4.94883309e-001
 3.76991118e-001 9.64896969e-001 5.36685605e-001 4.28211364e-001
 4.08407045e-001 9.31390199e-001 5.97476992e-001 3.33913207e-001
 4.39822972e-001 8.89059959e-001 6.60993554e-001 2.28066404e-001
 4.71238898e-001 8.52770002e-001 7.27282634e-001 1.25487367e-001
 5.02654825e-001 8.32183079e-001 7.96388999e-001 3.57940798e-002
 5.34070751e-001 8.29304156e-001 8.68354578e-001 3.90504220e-002
 5.65486678e-001 8.38223810e-001 9.43218198e-001 1.04994387e-001
 5.96902604e-001 8.47243312e-001 1.02101530e+000 1.73771986e-001
 6.28318531e-001 8.42948568e-001 1.10177764e+000 2.58829077e-001
 6.59734457e-001 8.15254455e-001 1.18553302e+000 3.70278562e-001
 6.91150384e-001 7.62100988e-001 1.27230491e+000 5.10203919e-001
 7.22566310e-001 6.92444306e-001 1.36211218e+000 6.69667874e-001
 7.53982237e-001 6.26480280e-001 1.45496874e+000 8.28488463e-001
 7.85398163e-001 5.92622105e-001 1.55088320e+000 9.58261092e-001
 8.16814090e-001 6.21511516e-001 1.64985847e+000 1.02834695e+000
 8.48230016e-001 7.38113528e-001 1.75189144e+000 1.01377791e+000
 8.79645943e-001 9.53549367e-001 1.85697256e+000 9.03423194e-001
 9.11061870e-001 1.25860796e+000 1.96508546e+000 7.06477499e-001
 9.42477796e-001 1.62074871e+000 2.07620652e+000 4.55457807e-001
 9.73893723e-001 1.98585717e+000 2.19030447e+000 2.04447299e-001
 1.00530965e+000 2.28512237e+000 2.30733996e+000 2.22175884e-002
 1.03672558e+000 2.44633248e+000 2.42726507e+000 1.90674158e-002
 1.06814150e+000 2.40784773e+000 2.55002291e+000 1.42175186e-001
 1.09955743e+000 2.13272883e+000 2.67554714e+000 5.42818310e-001
 1.13097336e+000 1.62016334e+000 2.80376147e+000 1.18359814e+000
 1.16238928e+000 9.11547990e-001 2.93457919e+000 2.02303120e+000
 1.19380521e+000 8.93581510e-002 3.06790264e+000 2.97854449e+000
 1.22522113e+000 -7.31846084e-001 3.20362276e+000 3.93546884e+000
 1.25663706e+000 -1.42146789e+000 3.34161850e+000 4.76308639e+000
 1.28805299e+000 -1.85373659e+000 3.48175637e+000 5.33549296e+000
 1.31946891e+000 -1.93002567e+000 3.62388980e+000 5.55391547e+000
 1.35088484e+000 -1.59869421e+000 3.76785871e+000 5.36655293e+000
 1.38230077e+000 -8.68644020e-001 3.91348887e+000 4.78213289e+000
 1.41371669e+000 1.86373366e-001 4.06059136e+000 3.87421799e+000
 1.44513262e+000 1.43421757e+000 4.20896203e+000 2.77474446e+000
 1.47654855e+000 2.70128573e+000 4.35838090e+000 1.65709516e+000
 1.50796447e+000 3.79772303e+000 4.50861158e+000 7.10888551e-001
 1.53938040e+000 4.54713989e+000 4.65940072e+000 1.12260827e-001
 1.57079633e+000 4.81604790e+000 4.81047738e+000 5.57051629e-003
 1.60221225e+000 4.53801159e+000 4.96155248e+000 4.23540886e-001
 1.63362818e+000 3.72816726e+000 5.11231819e+000 1.38415093e+000
 1.66504411e+000 2.48520087e+000 5.26244735e+000 2.77724648e+000
 1.69646003e+000 9.79881366e-001 5.41159287e+000 4.43171151e+000
 1.72787596e+000 -5.68521192e-001 5.55938719e+000 6.12790838e+000
 1.75929189e+000 -1.92452201e+000 5.70544161e+000 7.62996362e+000
 1.79070781e+000 -2.87243881e+000 5.84934583e+000 8.72178464e+000
 1.82212374e+000 -3.25040403e+000 5.99066728e+000 9.24107131e+000
 1.85353967e+000 -2.97682227e+000 6.12895062e+000 9.10577289e+000
 1.88495559e+000 -2.06484447e+000 6.26371715e+000 8.32856161e+000
 1.91637152e+000 -6.22310078e-001 6.39446431e+000 7.01677439e+000
 1.94778745e+000 1.16306151e+000 6.52066514e+000 5.35760363e+000
 1.97920337e+000 3.05105800e+000 6.64176775e+000 3.59070975e+000
 2.01061930e+000 4.78471550e+000 6.75719486e+000 1.97247936e+000
 2.04203522e+000 6.12882287e+000 6.86634331e+000 7.37520442e-001
 2.07345115e+000 6.90514405e+000 6.96858362e+000 6.34395691e-002
 2.10486708e+000 7.01884656e+000 7.06325955e+000 4.44129973e-002
 2.13628300e+000 6.47205211e+000 7.14968773e+000 6.77635624e-001
 2.16769893e+000 5.36250540e+000 7.22715726e+000 1.86465186e+000
 2.19911486e+000 3.86773995e+000 7.29492939e+000 3.42718944e+000
 2.23053078e+000 2.21741048e+000 7.35223721e+000 5.13482674e+000
 2.26194671e+000 6.58285023e-001 7.39828542e+000 6.74000040e+000
 2.29336264e+000 -5.82543355e-001 7.43225005e+000 8.01479341e+000
 2.32477856e+000 -1.33051454e+000 7.45327834e+000 8.78379288e+000
 2.35619449e+000 -1.48758703e+000 7.46048854e+000 8.94807557e+000
 2.38761042e+000 -1.04394885e+000 7.45296991e+000 8.49691876e+000
 2.41902634e+000 -7.60896639e-002 7.42978262e+000 7.50587228e+000
 2.45044227e+000 1.26794024e+000 7.38995783e+000 6.12201759e+000
 2.48185820e+000 2.79327810e+000 7.33249776e+000 4.53921966e+000
 2.51327412e+000 4.28874286e+000 7.25637583e+000 2.96763298e+000
 2.54469005e+000 5.55810226e+000 7.16053693e+000 1.60243467e+000
 2.57610598e+000 6.44725731e+000 7.04389766e+000 5.96640352e-001
 2.60752190e+000 6.86338412e+000 6.90534676e+000 4.19626352e-002
 2.63893783e+000 6.78356498e+000 6.74374551e+000 3.98194739e-002
 2.67035376e+000 6.25225875e+000 6.55792832e+000 3.05669577e-001
 2.70176968e+000 5.36878929e+000 6.34670335e+000 9.77914062e-001
 2.73318561e+000 4.26756749e+000 6.10885319e+000 1.84128570e+000
 2.76460154e+000 3.09476520e+000 5.84313575e+000 2.74837055e+000
 2.79601746e+000 1.98548726e+000 5.54828513e+000 3.56279787e+000
 2.82743339e+000 1.04511882e+000 5.22301271e+000 4.17789389e+000
 2.85884931e+000 3.37556477e-001 4.86600825e+000 4.52845177e+000
 2.89026524e+000 -1.18341308e-001 4.47594118e+000 4.59428249e+000
 2.92168117e+000 -3.44270996e-001 4.05146201e+000 4.39573301e+000
 2.95309709e+000 -3.91553794e-001 3.59120382e+000 3.98275761e+000
 2.98451302e+000 -3.26382448e-001 3.09378392e+000 3.42016637e+000
 3.01592895e+000 -2.14378195e-001 2.55780566e+000 2.77218386e+000
 3.04734487e+000 -1.07502949e-001 1.98186037e+000 2.08936332e+000
 3.07876080e+000 -3.57251972e-002 1.36452942e+000 1.40025462e+000
 3.11017673e+000 -4.76972060e-003 7.04386497e-001 7.09156218e-001
 3.14159265e+000 -1.82853938e-014 2.83382392e-015 2.11192177e-014
