 0.00000000e+000 0.00000000e+000 0.00000000e+000 0.00000000e+000
 3.14159265e-002 3.06877656e-002 3.24132214e-002 1.72545573e-003
 6.28318531e-002 6.30027281e-002 6.68623449e-002 3.85961677e-003
 9.42477796e-002 9.84338339e-002 1.03409224e-001 4.97539040e-003
 1.25663706e-001 1.38207563e-001 1.42115451e-001 3.90788871e-003
 1.57079633e-001 1.83190331e-001 1.83042214e-001 1.48117224e-004
 1.88495559e-001 2.33827353e-001 2.26250143e-001 7.57720964e-003
 2.19911486e-001 2.90124036e-001 2.71799158e-001 1.83248778e-002
 2.51327412e-001 3.51671591e-001 3.19748292e-001 3.19232990e-002
 2.82743339e-001 4.17713988e-001 3.70155520e-001 4.75584680e-002
 3.14159265e-001 4.87249101e-001 4.23077568e-001 6.41715328e-002
 3.45575192e-001 5.59153387e-001 4.78569719e-001 8.05836679e-002
 3.76991118e-001 6.32317004e-001 5.36685605e-001 9.56313984e-002
 4.08407045e-001 7.05775219e-001 5.97476992e-001 1.08298226e-001
 4.39822972e-001 7.78822373e-001 6.60993554e-001 1.17828818e-001
 4.71238898e-001 8.51096492e-001 7.27282634e-001 1.23813857e-001
 5.02654825e-001 9.22625730e-001 7.96388999e-001 1.26236731e-001
 5.34070751e-001 9.93831825e-001 8.68354578e-001 1.25477247e-001
 5.65486678e-001 1.06549028e+000 9.43218198e-001 1.22272081e-001
 5.96902604e-001 1.13865150e+000 1.02101530e+000 1.17636199e-001
 6.28318531e-001 1.21453131e+000 1.10177764e+000 1.12753665e-001
 6.59734457e-001 1.29438247e+000 1.18553302e+000 1.08849452e-001
 6.91150384e-001 1.37936088e+000 1.27230491e+000 1.07055969e-001
 7.22566310e-001 1.47040079e+000 1.36211218e+000 1.08288608e-001
 7.53982237e-001 1.56811249e+000 1.45496874e+000 1.13143750e-001
 7.85398163e-001 1.67271355e+000 1.55088320e+000 1.21830351e-001
 8.16814090e-001 1.78400121e+000 1.64985847e+000 1.34142746e-001
 8.48230016e-001 1.90136943e+000 1.75189144e+000 1.49477987e-001
 8.79645943e-001 2.02386887e+000 1.85697256e+000 1.66896305e-001
 9.11061870e-001 2.15030416e+000 1.96508546e+000 1.85218700e-001
 9.42477796e-001 2.27935815e+000 2.07620652e+000 2.03151629e-001
 9.73893723e-001 2.40973025e+000 2.19030447e+000 2.19425776e-001
 1.00530965e+000 2.54027417e+000 2.30733996e+000 2.32934210e-001
 1.03672558e+000 2.67012019e+000 2.42726507e+000 2.42855127e-001
 1.06814150e+000 2.79876870e+000 2.55002291e+000 2.48745788e-001
 1.09955743e+000 2.92614430e+000 2.67554714e+000 2.50597155e-001
 1.13097336e+000 3.05260420e+000 2.80376147e+000 2.48842726e-001
 1.16238928e+000 3.17889902e+000 2.93457919e+000 2.44319836e-001
 1.19380521e+000 3.30608937e+000 3.06790264e+000 2.38186735e-001
 1.22522113e+000 3.43542624e+000 3.20362276e+000 2.31803481e-001
 1.25663706e+000 3.56820720e+000 3.34161850e+000 2.26588697e-001
 1.28805299e+000 3.70562340e+000 3.48175637e+000 2.23867031e-001
 1.31946891e+000 3.84861323e+000 3.62388980e+000 2.24723424e-001
 1.35088484e+000 3.99773863e+000 3.76785871e+000 2.29879913e-001
 1.38230077e+000 4.15309750e+000 3.91348887e+000 2.39608629e-001
 1.41371669e+000 4.31428249e+000 4.06059136e+000 2.53691127e-001
 1.44513262e+000 4.48039151e+000 4.20896203e+000 2.71429476e-001
 1.47654855e+000 4.65009013e+000 4.35838090e+000 2.91709228e-001
 1.50796447e+000 4.82172043e+000 4.50861158e+000 3.13108844e-001
 1.53938040e+000 4.99344587e+000 4.65940072e+000 3.34045146e-001
 1.57079633e+000 5.16341764e+000 4.81047738e+000 3.52940263e-001
 1.60221225e+000 5.32994536e+000 4.96155248e+000 3.68392879e-001
 1.63362818e+000 5.49165386e+000 5.11231819e+000 3.79335671e-001
 1.66504411e+000 5.64760911e+000 5.26244735e+000 3.85161761e-001
 1.69646003e+000 5.79739864e+000 5.41159287e+000 3.85805770e-001
 1.72787596e+000 5.94115659e+000 5.55938719e+000 3.81769405e-001
 1.75929189e+000 6.07952865e+000 5.70544161e+000 3.74087039e-001
 1.79070781e+000 6.21357875e+000 5.84934583e+000 3.64232916e-001
 1.82212374e+000 6.34464505e+000 5.99066728e+000 3.53977769e-001
 1.85353967e+000 6.47415887e+000 6.12895062e+000 3.45208252e-001
 1.88495559e+000 6.60344407e+000 6.26371715e+000 3.39726927e-001
 1.91637152e+000 6.73351754e+000 6.39446431e+000 3.39053229e-001
 1.94778745e+000 6.86491163e+000 6.52066514e+000 3.44246496e-001
 1.97920337e+000 6.99753841e+000 6.64176775e+000 3.55770662e-001
 2.01061930e+000 7.13061149e+000 6.75719486e+000 3.73416627e-001
 2.04203522e+000 7.26263631e+000 6.86634331e+000 3.96292996e-001
 2.07345115e+000 7.39147285e+000 6.96858362e+000 4.22889228e-001
 2.10486708e+000 7.51446746e+000 7.06325955e+000 4.51207902e-001
 2.13628300e+000 7.62864329e+000 7.14968773e+000 4.78955555e-001
 2.16769893e+000 7.73093226e+000 7.22715726e+000 5.03775002e-001
 2.19911486e+000 7.81842642e+000 7.29492939e+000 5.23497036e-001
 2.23053078e+000 7.88862350e+000 7.35223721e+000 5.36386291e-001
 2.26194671e+000 7.93964090e+000 7.39828542e+000 5.41355482e-001
 2.29336264e+000 7.97037410e+000 7.43225005e+000 5.38124048e-001
 2.32477856e+000 7.98057999e+000 7.45327834e+000 5.27301651e-001
 2.35619449e+000 7.97087198e+000 7.46048854e+000 5.10383445e-001
 2.38761042e+000 7.94262207e+000 7.45296991e+000 4.89652164e-001
 2.41902634e+000 7.89777362e+000 7.42978262e+000 4.67991005e-001
 2.45044227e+000 7.83857819e+000 7.38995783e+000 4.48620360e-001
 2.48185820e+000 7.76727737e+000 7.33249776e+000 4.34779608e-001
 2.51327412e+000 7.68575764e+000 7.25637583e+000 4.29381800e-001
 2.54469005e+000 7.59521028e+000 7.16053693e+000 4.34673350e-001
 2.57610598e+000 7.49582994e+000 7.04389766e+000 4.51932280e-001
 2.60752190e+000 7.38658380e+000 6.90534676e+000 4.81237041e-001
 2.63893783e+000 7.26507882e+000 6.74374551e+000 5.21333308e-001
 2.67035376e+000 7.12754714e+000 6.55792832e+000 5.69618816e-001
 2.70176968e+000 6.96896023e+000 6.34670335e+000 6.22256885e-001
 2.73318561e+000 6.78327160e+000 6.10885319e+000 6.74418411e-001
 2.76460154e+000 6.56377658e+000 5.84313575e+000 7.20640831e-001
 2.79601746e+000 6.30356699e+000 5.54828513e+000 7.55281860e-001
 2.82743339e+000 5.99604925e+000 5.22301271e+000 7.73036545e-001
 2.85884931e+000 5.63548761e+000 4.86600825e+000 7.69479359e-001
 2.89026524e+000 5.21753042e+000 4.47594118e+000 7.41589239e-001
 2.92168117e+000 4.73967711e+000 4.05146201e+000 6.88215094e-001
 2.95309709e+000 4.20164634e+000 3.59120382e+000 6.10442520e-001
 2.98451302e+000 3.60561293e+000 3.09378392e+000 5.11829016e-001
 3.01592895e+000 2.95629009e+000 2.55780566e+000 3.98484430e-001
 3.04734487e+000 2.26084532e+000 1.98186037e+000 2.78984953e-001
 3.07876080e+000 1.52865112e+000 1.36452942e+000 1.64121701e-001
 3.11017673e+000 7.70884323e-001 7.04386497e-001 6.64978263e-002
 3.14159265e+000 1.69346181e-015 2.83382392e-015 1.14036211e-015
