 0.00000000e+000 0.00000000e+000 0.00000000e+000 0.00000000e+000
 3.14159265e-002 5.07518831e-002 3.24132214e-002 1.83386617e-002
 6.28318531e-002 9.99697614e-002 6.68623449e-002 3.31074165e-002
 9.42477796e-002 1.46582470e-001 1.03409224e-001 4.31732458e-002
 1.25663706e-001 1.90333479e-001 1.42115451e-001 4.82180278e-002
 1.57079633e-001 2.31936520e-001 1.83042214e-001 4.88943070e-002
 1.88495559e-001 2.72995794e-001 2.26250143e-001 4.67456510e-002
 2.19911486e-001 3.15706704e-001 2.71799158e-001 4.39075463e-002
 2.51327412e-001 3.62404852e-001 3.19748292e-001 4.26565594e-002
 2.82743339e-001 4.15067322e-001 3.70155520e-001 4.49118021e-002
 3.14159265e-001 4.74882649e-001 4.23077568e-001 5.18050809e-002
 3.45575192e-001 5.41991194e-001 4.78569719e-001 6.34214753e-002
 3.76991118e-001 6.15459280e-001 5.36685605e-001 7.87736744e-002
 4.08407045e-001 6.93496896e-001 5.97476992e-001 9.60199032e-002
 4.39822972e-001 7.73872495e-001 6.60993554e-001 1.12878940e-001
 4.71238898e-001 8.54432188e-001 7.27282634e-001 1.27149553e-001
 5.02654825e-001 9.33605404e-001 7.96388999e-001 1.37216405e-001
 5.34070751e-001 1.01078073e+000 8.68354578e-001 1.42426151e-001
 5.65486678e-001 1.08646415e+000 9.43218198e-001 1.43245951e-001
 5.96902604e-001 1.16218096e+000 1.02101530e+000 1.41165661e-001
 6.28318531e-001 1.24014113e+000 1.10177764e+000 1.38363483e-001
 6.59734457e-001 1.32274252e+000 1.18553302e+000 1.37209503e-001
 6.91150384e-001 1.41202461e+000 1.27230491e+000 1.39719705e-001
 7.22566310e-001 1.50919791e+000 1.36211218e+000 1.47085730e-001
 7.53982237e-001 1.61435847e+000 1.45496874e+000 1.59389723e-001
 7.85398163e-001 1.72645547e+000 1.55088320e+000 1.75572271e-001
 8.16814090e-001 1.84352248e+000 1.64985847e+000 1.93664015e-001
 8.48230016e-001 1.96312226e+000 1.75189144e+000 2.11230823e-001
 8.79645943e-001 2.08290513e+000 1.85697256e+000 2.25932567e-001
 9.11061870e-001 2.20115338e+000 1.96508546e+000 2.36067919e-001
 9.42477796e-001 2.31718555e+000 2.07620652e+000 2.40979026e-001
 9.73893723e-001 2.43152483e+000 2.19030447e+000 2.41220359e-001
 1.00530965e+000 2.54578899e+000 2.30733996e+000 2.38449038e-001
 1.03672558e+000 2.66232260e+000 2.42726507e+000 2.35057538e-001
 1.06814150e+000 2.78365242e+000 2.55002291e+000 2.33629504e-001
 1.09955743e+000 2.91188880e+000 2.67554714e+000 2.36341652e-001
 1.13097336e+000 3.04821078e+000 2.80376147e+000 2.44449310e-001
 1.16238928e+000 3.19255553e+000 2.93457919e+000 2.57976341e-001
 1.19380521e+000 3.34358784e+000 3.06790264e+000 2.75685199e-001
 1.22522113e+000 3.49896236e+000 3.20362276e+000 2.95339605e-001
 1.25663706e+000 3.65582342e+000 3.34161850e+000 3.14204920e-001
 1.28805299e+000 3.81143158e+000 3.48175637e+000 3.29675216e-001
 1.31946891e+000 3.96377417e+000 3.62388980e+000 3.39884369e-001
 1.35088484e+000 4.11201779e+000 3.76785871e+000 3.44159074e-001
 1.38230077e+000 4.25669384e+000 3.91348887e+000 3.43204966e-001
 1.41371669e+000 4.39956764e+000 4.06059136e+000 3.38976274e-001
 1.44513262e+000 4.54321340e+000 4.20896203e+000 3.34251374e-001
 1.47654855e+000 4.69038614e+000 4.35838090e+000 3.32005243e-001
 1.50796447e+000 4.84333071e+000 4.50861158e+000 3.34719127e-001
 1.53938040e+000 5.00318672e+000 4.65940072e+000 3.43785997e-001
 1.57079633e+000 5.16962992e+000 4.81047738e+000 3.59152535e-001
 1.60221225e+000 5.34084016e+000 4.96155248e+000 3.79287677e-001
 1.63362818e+000 5.51381298e+000 5.11231819e+000 4.01494791e-001
 1.66504411e+000 5.68495295e+000 5.26244735e+000 4.22505603e-001
 1.69646003e+000 5.85081976e+000 5.41159287e+000 4.39226889e-001
 1.72787596e+000 6.00885869e+000 5.55938719e+000 4.49471507e-001
 1.75929189e+000 6.15794505e+000 5.70544161e+000 4.52503435e-001
 1.79070781e+000 6.29860950e+000 5.84934583e+000 4.49263670e-001
 1.82212374e+000 6.43288032e+000 5.99066728e+000 4.42213035e-001
 1.85353967e+000 6.56376472e+000 6.12895062e+000 4.34814101e-001
 1.88495559e+000 6.69447586e+000 6.26371715e+000 4.30758717e-001
 1.91637152e+000 6.82757474e+000 6.39446431e+000 4.33110431e-001
 1.94778745e+000 6.96422260e+000 6.52066514e+000 4.43557458e-001
 1.97920337e+000 7.10372206e+000 6.64176775e+000 4.61954314e-001
 2.01061930e+000 7.24346596e+000 6.75719486e+000 4.86271096e-001
 2.04203522e+000 7.37932390e+000 6.86634331e+000 5.12980584e-001
 2.07345115e+000 7.50639739e+000 6.96858362e+000 5.37813773e-001
 2.10486708e+000 7.61998596e+000 7.06325955e+000 5.56726402e-001
 2.13628300e+000 7.71655070e+000 7.14968773e+000 5.66862964e-001
 2.16769893e+000 7.79445201e+000 7.22715726e+000 5.67294750e-001
 2.19911486e+000 7.85427837e+000 7.29492939e+000 5.59348987e-001
 2.23053078e+000 7.89866755e+000 7.35223721e+000 5.46430334e-001
 2.26194671e+000 7.93163231e+000 7.39828542e+000 5.33346893e-001
 2.29336264e+000 7.95751704e+000 7.43225005e+000 5.25266986e-001
 2.32477856e+000 7.97980291e+000 7.45327834e+000 5.26524574e-001
 2.35619449e+000 8.00002735e+000 7.46048854e+000 5.39538814e-001
 2.38761042e+000 8.01707374e+000 7.45296991e+000 5.64103838e-001
 2.41902634e+000 8.02701993e+000 7.42978262e+000 5.97237315e-001
 2.45044227e+000 8.02362041e+000 7.38995783e+000 6.33662576e-001
 2.48185820e+000 7.99935917e+000 7.33249776e+000 6.66861406e-001
 2.51327412e+000 7.94687782e+000 7.25637583e+000 6.90501984e-001
 2.54469005e+000 7.86048511e+000 7.16053693e+000 6.99948180e-001
 2.57610598e+000 7.73741355e+000 7.04389766e+000 6.93515884e-001
 2.60752190e+000 7.57851834e+000 6.90534676e+000 6.73171585e-001
 2.63893783e+000 7.38821145e+000 6.74374551e+000 6.44465939e-001
 2.67035376e+000 7.17357234e+000 6.55792832e+000 6.15644018e-001
 2.70176968e+000 6.94274934e+000 6.34670335e+000 5.96045989e-001
 2.73318561e+000 6.70292569e+000 6.10885319e+000 5.94072503e-001
 2.76460154e+000 6.45823979e+000 5.84313575e+000 6.15104048e-001
 2.79601746e+000 6.20809168e+000 5.54828513e+000 6.59806546e-001
 2.82743339e+000 5.94622645e+000 5.22301271e+000 7.23213738e-001
 2.85884931e+000 5.66086219e+000 4.86600825e+000 7.94853943e-001
 2.89026524e+000 5.33594611e+000 4.47594118e+000 8.60004931e-001
 2.92168117e+000 4.95341118e+000 4.05146201e+000 9.01949173e-001
 2.95309709e+000 4.49610647e+000 3.59120382e+000 9.04902657e-001
 2.98451302e+000 3.95092703e+000 3.09378392e+000 8.57143114e-001
 3.01592895e+000 3.31160385e+000 2.55780566e+000 7.53798187e-001
 3.04734487e+000 2.58064680e+000 1.98186037e+000 5.98786431e-001
 3.07876080e+000 1.77006048e+000 1.36452942e+000 4.05531060e-001
 3.11017673e+000 9.00653451e-001 7.04386497e-001 1.96266954e-001
 3.14159265e+000 1.98128198e-015 2.83382392e-015 8.52541943e-016
