 0.00000000e+000 0.00000000e+000 0.00000000e+000 0.00000000e+000
 3.14159265e-002 2.23336162e-002 3.24132214e-002 1.00796052e-002
 6.28318531e-002 4.63787123e-002 6.68623449e-002 2.04836326e-002
 9.42477796e-002 7.37109872e-002 1.03409224e-001 2.96982371e-002
 1.25663706e-001 1.05647480e-001 1.42115451e-001 3.64679709e-002
 1.57079633e-001 1.43148237e-001 1.83042214e-001 3.98939768e-002
 1.88495559e-001 1.86751754e-001 2.26250143e-001 3.94983892e-002
 2.19911486e-001 2.36550154e-001 2.71799158e-001 3.52490036e-002
 2.51327412e-001 2.92206143e-001 3.19748292e-001 2.75421495e-002
 2.82743339e-001 3.53009754e-001 3.70155520e-001 1.71457662e-002
 3.14159265e-001 4.17969025e-001 4.23077568e-001 5.10854285e-003
 3.45575192e-001 4.85925473e-001 4.78569719e-001 7.35575421e-003
 3.76991118e-001 5.55682884e-001 5.36685605e-001 1.89972794e-002
 4.08407045e-001 6.26136724e-001 5.97476992e-001 2.86597310e-002
 4.39822972e-001 6.96391491e-001 6.60993554e-001 3.53979363e-002
 4.71238898e-001 7.65854658e-001 7.27282634e-001 3.85720237e-002
 5.02654825e-001 8.34298212e-001 7.96388999e-001 3.79092132e-002
 5.34070751e-001 9.01882113e-001 8.68354578e-001 3.35275354e-002
 5.65486678e-001 9.69137810e-001 9.43218198e-001 2.59196123e-002
 5.96902604e-001 1.03691392e+000 1.02101530e+000 1.58986215e-002
 6.28318531e-001 1.10628996e+000 1.10177764e+000 4.51231539e-003
 6.59734457e-001 1.17846713e+000 1.18553302e+000 7.06588695e-003
 6.91150384e-001 1.25464741e+000 1.27230491e+000 1.76574983e-002
 7.22566310e-001 1.33591325e+000 1.36211218e+000 2.61989267e-002
 7.53982237e-001 1.42312010e+000 1.45496874e+000 3.18486386e-002
 7.85398163e-001 1.51681246e+000 1.55088320e+000 3.40707383e-002
 8.16814090e-001 1.61717183e+000 1.64985847e+000 3.26866383e-002
 8.48230016e-001 1.72400165e+000 1.75189144e+000 2.78897875e-002
 8.79645943e-001 1.83675036e+000 1.85697256e+000 2.02222041e-002
 9.11061870e-001 1.95457000e+000 1.96508546e+000 1.05154567e-002
 9.42477796e-001 2.07640417e+000 2.07620652e+000 1.97651385e-004
 9.73893723e-001 2.20109595e+000 2.19030447e+000 1.07914796e-002
 1.00530965e+000 2.32750475e+000 2.30733996e+000 2.01647932e-002
 1.03672558e+000 2.45461982e+000 2.42726507e+000 2.73547539e-002
 1.06814150e+000 2.58165884e+000 2.55002291e+000 3.16359295e-002
 1.09955743e+000 2.70814131e+000 2.67554714e+000 3.25941643e-002
 1.13097336e+000 2.83392923e+000 2.80376147e+000 3.01677598e-002
 1.16238928e+000 2.95923098e+000 2.93457919e+000 2.46517963e-002
 1.19380521e+000 3.08456787e+000 3.06790264e+000 1.66652332e-002
 1.22522113e+000 3.21070703e+000 3.20362276e+000 7.08427115e-003
 1.25663706e+000 3.33856746e+000 3.34161850e+000 3.05104742e-003
 1.28805299e+000 3.46910912e+000 3.48175637e+000 1.26472475e-002
 1.31946891e+000 3.60321649e+000 3.62388980e+000 2.06733122e-002
 1.35088484e+000 3.74158878e+000 3.76785871e+000 2.62699343e-002
 1.38230077e+000 3.88464820e+000 3.91348887e+000 2.88406724e-002
 1.41371669e+000 4.03247596e+000 4.06059136e+000 2.81154025e-002
 1.44513262e+000 4.18478272e+000 4.20896203e+000 2.41793129e-002
 1.47654855e+000 4.34091664e+000 4.35838090e+000 1.74642601e-002
 1.50796447e+000 4.49990836e+000 4.50861158e+000 8.70322409e-003
 1.53938040e+000 4.66054824e+000 4.65940072e+000 1.14752490e-003
 1.57079633e+000 4.82148790e+000 4.81047738e+000 1.10105163e-002
 1.60221225e+000 4.98135526e+000 4.96155248e+000 1.98027830e-002
 1.63362818e+000 5.13887120e+000 5.11231819e+000 2.65530098e-002
 1.66504411e+000 5.29295503e+000 5.26244735e+000 3.05076871e-002
 1.69646003e+000 5.44280773e+000 5.41159287e+000 3.12148562e-002
 1.72787596e+000 5.58796345e+000 5.55938719e+000 2.85762651e-002
 1.75929189e+000 5.72830359e+000 5.70544161e+000 2.28619732e-002
 1.79070781e+000 5.86403116e+000 5.84934583e+000 1.46853325e-002
 1.82212374e+000 5.99560772e+000 5.99066728e+000 4.94043519e-003
 1.85353967e+000 6.12365874e+000 6.12895062e+000 5.29187073e-003
 1.88495559e+000 6.24885729e+000 6.26371715e+000 1.48598601e-002
 1.91637152e+000 6.37179765e+000 6.39446431e+000 2.26666648e-002
 1.94778745e+000 6.49287260e+000 6.52066514e+000 2.77925392e-002
 1.97920337e+000 6.61216733e+000 6.64176775e+000 2.96004180e-002
 2.01061930e+000 6.72938186e+000 6.75719486e+000 2.78130043e-002
 2.04203522e+000 6.84379095e+000 6.86634331e+000 2.25523669e-002
 2.07345115e+000 6.95424684e+000 6.96858362e+000 1.43367817e-002
 2.10486708e+000 7.05922560e+000 7.06325955e+000 4.03395589e-003
 2.13628300e+000 7.15691335e+000 7.14968773e+000 7.22561615e-003
 2.16769893e+000 7.24532432e+000 7.22715726e+000 1.81670604e-002
 2.19911486e+000 7.32243894e+000 7.29492939e+000 2.75095539e-002
 2.23053078e+000 7.38634772e+000 7.35223721e+000 3.41105073e-002
 2.26194671e+000 7.43538552e+000 7.39828542e+000 3.71001011e-002
 2.29336264e+000 7.46824126e+000 7.43225005e+000 3.59912076e-002
 2.32477856e+000 7.48403007e+000 7.45327834e+000 3.07517293e-002
 2.35619449e+000 7.48231834e+000 7.46048854e+000 2.18297997e-002
 2.38761042e+000 7.46309674e+000 7.45296991e+000 1.01268290e-002
 2.41902634e+000 7.42670124e+000 7.42978262e+000 3.08138119e-003
 2.45044227e+000 7.37368806e+000 7.38995783e+000 1.62697737e-002
 2.48185820e+000 7.30467314e+000 7.33249776e+000 2.78246185e-002
 2.51327412e+000 7.22015139e+000 7.25637583e+000 3.62244444e-002
 2.54469005e+000 7.12031370e+000 7.16053693e+000 4.02232335e-002
 2.57610598e+000 7.00488124e+000 7.04389766e+000 3.90164222e-002
 2.60752190e+000 6.87297603e+000 6.90534676e+000 3.23707244e-002
 2.63893783e+000 6.72304441e+000 6.74374551e+000 2.07011016e-002
 2.67035376e+000 6.55284610e+000 6.55792832e+000 5.08222552e-003
 2.70176968e+000 6.35951617e+000 6.34670335e+000 1.28128236e-002
 2.73318561e+000 6.13970073e+000 6.10885319e+000 3.08475420e-002
 2.76460154e+000 5.88976063e+000 5.84313575e+000 4.66248857e-002
 2.79601746e+000 5.60603091e+000 5.54828513e+000 5.77457822e-002
 2.82743339e+000 5.28511805e+000 5.22301271e+000 6.21053447e-002
 2.85884931e+000 4.92421282e+000 4.86600825e+000 5.82045741e-002
 2.89026524e+000 4.52139401e+000 4.47594118e+000 4.54528293e-002
 2.92168117e+000 4.07589792e+000 4.05146201e+000 2.44359103e-002
 2.95309709e+000 3.58833013e+000 3.59120382e+000 2.87368541e-003
 2.98451302e+000 3.06079992e+000 3.09378392e+000 3.29839960e-002
 3.01592895e+000 2.49696322e+000 2.55780566e+000 6.08424367e-002
 3.04734487e+000 1.90196687e+000 1.98186037e+000 7.98934947e-002
 3.07876080e+000 1.28229452e+000 1.36452942e+000 8.22348954e-002
 3.11017673e+000 6.45522373e-001 7.04386497e-001 5.88641242e-002
 3.14159265e+000 3.10527341e-015 2.83382392e-015 2.71449482e-016
