 0.00000000e+000 0.00000000e+000 0.00000000e+000 0.00000000e+000
 3.14159265e-002 4.74427701e-002 3.24132214e-002 1.50295487e-002
 6.28318531e-002 9.30944394e-002 6.68623449e-002 2.62320945e-002
 9.42477796e-002 1.36687616e-001 1.03409224e-001 3.32783915e-002
 1.25663706e-001 1.80008946e-001 1.42115451e-001 3.78934946e-002
 1.57079633e-001 2.26067251e-001 1.83042214e-001 4.30250375e-002
 1.88495559e-001 2.77393110e-001 2.26250143e-001 5.11429668e-002
 2.19911486e-001 3.34527904e-001 2.71799158e-001 6.27287463e-002
 2.51327412e-001 3.95671151e-001 3.19748292e-001 7.59228587e-002
 2.82743339e-001 4.57757802e-001 3.70155520e-001 8.76022818e-002
 3.14159265e-001 5.18354359e-001 4.23077568e-001 9.52767905e-002
 3.45575192e-001 5.77237222e-001 4.78569719e-001 9.86675033e-002
 3.76991118e-001 6.36679865e-001 5.36685605e-001 9.99942603e-002
 4.08407045e-001 7.00240254e-001 5.97476992e-001 1.02763261e-001
 4.39822972e-001 7.70748794e-001 6.60993554e-001 1.09755240e-001
 4.71238898e-001 8.48696489e-001 7.27282634e-001 1.21413854e-001
 5.02654825e-001 9.32000792e-001 7.96388999e-001 1.35611793e-001
 5.34070751e-001 1.01730626e+000 8.68354578e-001 1.48951680e-001
 5.65486678e-001 1.10204855e+000 9.43218198e-001 1.58830350e-001
 5.96902604e-001 1.18603713e+000 1.02101530e+000 1.65021828e-001
 6.28318531e-001 1.27158868e+000 1.10177764e+000 1.69811040e-001
 6.59734457e-001 1.36211261e+000 1.18553302e+000 1.76579588e-001
 6.91150384e-001 1.45999162e+000 1.27230491e+000 1.87686717e-001
 7.22566310e-001 1.56504311e+000 1.36211218e+000 2.02930935e-001
 7.53982237e-001 1.67451308e+000 1.45496874e+000 2.19544335e-001
 7.85398163e-001 1.78463668e+000 1.55088320e+000 2.33753479e-001
 8.16814090e-001 1.89284604e+000 1.64985847e+000 2.42987575e-001
 8.48230016e-001 1.99929720e+000 1.75189144e+000 2.47405762e-001
 8.79645943e-001 2.10678043e+000 1.85697256e+000 2.49807870e-001
 9.11061870e-001 2.21904635e+000 1.96508546e+000 2.53960895e-001
 9.42477796e-001 2.33854344e+000 2.07620652e+000 2.62336914e-001
 9.73893723e-001 2.46493540e+000 2.19030447e+000 2.74630923e-001
 1.00530965e+000 2.59531232e+000 2.30733996e+000 2.87972369e-001
 1.03672558e+000 2.72599006e+000 2.42726507e+000 2.98724995e-001
 1.06814150e+000 2.85481989e+000 2.55002291e+000 3.04796981e-001
 1.09955743e+000 2.98259814e+000 2.67554714e+000 3.07050997e-001
 1.13097336e+000 3.11268774e+000 2.80376147e+000 3.08926266e-001
 1.16238928e+000 3.24903912e+000 2.93457919e+000 3.14459930e-001
 1.19380521e+000 3.39378074e+000 3.06790264e+000 3.25878098e-001
 1.22522113e+000 3.54583908e+000 3.20362276e+000 3.42216325e-001
 1.25663706e+000 3.70145208e+000 3.34161850e+000 3.59833572e-001
 1.28805299e+000 3.85630376e+000 3.48175637e+000 3.74547398e-001
 1.31946891e+000 4.00801247e+000 3.62388980e+000 3.84122662e-001
 1.35088484e+000 4.15746099e+000 3.76785871e+000 3.89602275e-001
 1.38230077e+000 4.30813188e+000 3.91348887e+000 3.94643008e-001
 1.41371669e+000 4.46381321e+000 4.06059136e+000 4.03221852e-001
 1.44513262e+000 4.62604919e+000 4.20896203e+000 4.17087158e-001
 1.47654855e+000 4.79290273e+000 4.35838090e+000 4.34521837e-001
 1.50796447e+000 4.95983523e+000 4.50861158e+000 4.51223646e-001
 1.53938040e+000 5.12223083e+000 4.65940072e+000 4.62830112e-001
 1.57079633e+000 5.27806779e+000 4.81047738e+000 4.67590409e-001
 1.60221225e+000 5.42910080e+000 4.96155248e+000 4.67548315e-001
 1.63362818e+000 5.57977905e+000 5.11231819e+000 4.67460861e-001
 1.66504411e+000 5.73448773e+000 5.26244735e+000 4.72040386e-001
 1.69646003e+000 5.89474759e+000 5.41159287e+000 4.83154712e-001
 1.72787596e+000 6.05808657e+000 5.55938719e+000 4.98699385e-001
 1.75929189e+000 6.21932781e+000 5.70544161e+000 5.13886197e-001
 1.79070781e+000 6.37357755e+000 5.84934583e+000 5.24231719e-001
 1.82212374e+000 6.51912358e+000 5.99066728e+000 5.28456300e-001
 1.85353967e+000 6.65844144e+000 6.12895062e+000 5.29490829e-001
 1.88495559e+000 6.79660126e+000 6.26371715e+000 5.32884115e-001
 1.91637152e+000 6.93794361e+000 6.39446431e+000 5.43479303e-001
 1.94778745e+000 7.08300071e+000 6.52066514e+000 5.62335572e-001
 1.97920337e+000 7.22757880e+000 6.64176775e+000 5.85811046e-001
 2.01061930e+000 7.36467531e+000 6.75719486e+000 6.07480449e-001
 2.04203522e+000 7.48818939e+000 6.86634331e+000 6.21846081e-001
 2.07345115e+000 7.59622849e+000 6.96858362e+000 6.27644872e-001
 2.10486708e+000 7.69195391e+000 7.06325955e+000 6.28694355e-001
 2.13628300e+000 7.78132252e+000 7.14968773e+000 6.31634784e-001
 2.16769893e+000 7.86896635e+000 7.22715726e+000 6.41809094e-001
 2.19911486e+000 7.95467297e+000 7.29492939e+000 6.59743585e-001
 2.23053078e+000 8.03269974e+000 7.35223721e+000 6.80462527e-001
 2.26194671e+000 8.09453322e+000 7.39828542e+000 6.96247800e-001
 2.29336264e+000 8.13360520e+000 7.43225005e+000 7.01355148e-001
 2.32477856e+000 8.14916161e+000 7.45327834e+000 6.95883272e-001
 2.35619449e+000 8.14680843e+000 7.46048854e+000 6.86319887e-001
 2.38761042e+000 8.13513765e+000 7.45296991e+000 6.82167742e-001
 2.41902634e+000 8.12021919e+000 7.42978262e+000 6.90436566e-001
 2.45044227e+000 8.10120495e+000 7.38995783e+000 7.11247121e-001
 2.48185820e+000 8.06986438e+000 7.33249776e+000 7.37366620e-001
 2.51327412e+000 8.01467175e+000 7.25637583e+000 7.58295913e-001
 2.54469005e+000 7.92729876e+000 7.16053693e+000 7.66761831e-001
 2.57610598e+000 7.80767472e+000 7.04389766e+000 7.63777062e-001
 2.60752190e+000 7.66428867e+000 6.90534676e+000 7.58941912e-001
 2.63893783e+000 7.50901221e+000 6.74374551e+000 7.65266702e-001
 2.67035376e+000 7.34903560e+000 6.55792832e+000 7.91107279e-001
 2.70176968e+000 7.18059611e+000 6.34670335e+000 8.33892761e-001
 2.73318561e+000 6.98865176e+000 6.10885319e+000 8.79798573e-001
 2.76460154e+000 6.75354928e+000 5.84313575e+000 9.10413533e-001
 2.79601746e+000 6.46161514e+000 5.54828513e+000 9.13330005e-001
 2.82743339e+000 6.11378158e+000 5.22301271e+000 8.90768876e-001
 2.85884931e+000 5.72664472e+000 4.86600825e+000 8.60636470e-001
 2.89026524e+000 5.32394013e+000 4.47594118e+000 8.47998948e-001
 2.92168117e+000 4.92165548e+000 4.05146201e+000 8.70193465e-001
 2.95309709e+000 4.51412918e+000 3.59120382e+000 9.22925366e-001
 2.98451302e+000 4.06910604e+000 3.09378392e+000 9.75322120e-001
 3.01592895e+000 3.53612181e+000 2.55780566e+000 9.78316152e-001
 3.04734487e+000 2.86626844e+000 1.98186037e+000 8.84408068e-001
 3.07876080e+000 2.03540828e+000 1.36452942e+000 6.70878857e-001
 3.11017673e+000 1.06036114e+000 7.04386497e-001 3.55974641e-001
 3.14159265e+000 1.27080358e-015 2.83382392e-015 1.56302034e-015
