 0.00000000e+000 0.00000000e+000 0.00000000e+000 0.00000000e+000
 3.14159265e-002 -5.21527621e-001 3.24132214e-002 5.53940843e-001
 6.28318531e-002 -4.00251543e+000 6.68623449e-002 4.06937777e+000
 9.42477796e-002 -1.25982497e+001 1.03409224e-001 1.27016589e+001
 1.25663706e-001 -2.70517016e+001 1.42115451e-001 2.71938170e+001
 1.57079633e-001 -4.64308086e+001 1.83042214e-001 4.66138508e+001
 1.88495559e-001 -6.82782621e+001 2.26250143e-001 6.85045122e+001
 2.19911486e-001 -8.91423107e+001 2.71799158e-001 8.94141099e+001
 2.51327412e-001 -1.05365530e+002 3.19748292e-001 1.05685278e+002
 2.82743339e-001 -1.13945654e+002 3.70155520e-001 1.14315810e+002
 3.14159265e-001 -1.13263479e+002 4.23077568e-001 1.13686557e+002
 3.45575192e-001 -1.03502272e+002 4.78569719e-001 1.03980842e+002
 3.76991118e-001 -8.66545243e+001 5.36685605e-001 8.71912099e+001
 4.08407045e-001 -6.61086257e+001 5.97476992e-001 6.67061027e+001
 4.39822972e-001 -4.59075155e+001 6.60993554e-001 4.65685090e+001
 4.71238898e-001 -2.98500391e+001 7.27282634e-001 3.05773218e+001
 5.02654825e-001 -2.06448001e+001 7.96388999e-001 2.14411891e+001
 5.34070751e-001 -1.93160523e+001 8.68354578e-001 2.01844069e+001
 5.65486678e-001 -2.50034894e+001 9.43218198e-001 2.59467076e+001
 5.96902604e-001 -3.52057221e+001 1.02101530e+000 3.62267374e+001
 6.28318531e-001 -4.64121469e+001 1.10177764e+000 4.75139246e+001
 6.59734457e-001 -5.49745446e+001 1.18553302e+000 5.61600776e+001
 6.91150384e-001 -5.80104350e+001 1.27230491e+000 5.92827400e+001
 7.22566310e-001 -5.41196065e+001 1.36211218e+000 5.54817187e+001
 7.53982237e-001 -4.37367149e+001 1.45496874e+000 4.51916836e+001
 7.85398163e-001 -2.90275387e+001 1.55088320e+000 3.05784219e+001
 8.16814090e-001 -1.33451049e+001 1.64985847e+000 1.49949634e+001
 8.48230016e-001 -3.69143201e-001 1.75189144e+000 2.12103464e+000
 8.79645943e-001 6.86738783e+000 1.85697256e+000 5.01041527e+000
 9.11061870e-001 6.82740374e+000 1.96508546e+000 4.86231828e+000
 9.42477796e-001 -2.04724008e-002 2.07620652e+000 2.09667892e+000
 9.73893723e-001 -1.11716557e+001 2.19030447e+000 1.33619602e+001
 1.00530965e+000 -2.25646364e+001 2.30733996e+000 2.48719763e+001
 1.03672558e+000 -2.94775450e+001 2.42726507e+000 3.19048100e+001
 1.06814150e+000 -2.76465561e+001 2.55002291e+000 3.01965790e+001
 1.09955743e+000 -1.43492048e+001 2.67554714e+000 1.70247520e+001
 1.13097336e+000 1.08069529e+001 2.80376147e+000 8.00319140e+000
 1.16238928e+000 4.55913134e+001 2.93457919e+000 4.26567342e+001
 1.19380521e+000 8.54456120e+001 3.06790264e+000 8.23777093e+001
 1.22522113e+000 1.24326328e+002 3.20362276e+000 1.21122705e+002
 1.25663706e+000 1.55923085e+002 3.34161850e+000 1.52581467e+002
 1.28805299e+000 1.74987491e+002 3.48175637e+000 1.71505735e+002
 1.31946891e+000 1.78470792e+002 3.62388980e+000 1.74846902e+002
 1.35088484e+000 1.66201892e+002 3.76785871e+000 1.62434033e+002
 1.38230077e+000 1.40934466e+002 3.91348887e+000 1.37020977e+002
 1.41371669e+000 1.07733020e+002 4.06059136e+000 1.03672429e+002
 1.44513262e+000 7.28215998e+001 4.20896203e+000 6.86126377e+001
 1.47654855e+000 4.21499201e+001 4.35838090e+000 3.77915392e+001
 1.50796447e+000 2.00085297e+001 4.50861158e+000 1.54999181e+001
 1.53938040e+000 8.02672462e+000 4.65940072e+000 3.36732390e+000
 1.57079633e+000 4.81047738e+000 4.81047738e+000 6.09503559e-011
 1.60221225e+000 6.33667709e+000 4.96155248e+000 1.37512461e+000
 1.63362818e+000 7.04420583e+000 5.11231819e+000 1.93188764e+000
 1.66504411e+000 1.39096871e+000 5.26244735e+000 3.87147864e+000
 1.69646003e+000 -1.44808977e+001 5.41159287e+000 1.98924906e+001
 1.72787596e+000 -4.13797946e+001 5.55938719e+000 4.69391818e+001
 1.75929189e+000 -7.63652519e+001 5.70544161e+000 8.20706935e+001
 1.79070781e+000 -1.12949284e+002 5.84934583e+000 1.18798630e+002
 1.82212374e+000 -1.42238447e+002 5.99066728e+000 1.48229114e+002
 1.85353967e+000 -1.54837815e+002 6.12895062e+000 1.60966765e+002
 1.88495559e+000 -1.43143814e+002 6.26371715e+000 1.49407531e+002
 1.91637152e+000 -1.03528440e+002 6.39446431e+000 1.09922905e+002
 1.94778745e+000 -3.78955298e+001 6.52066514e+000 4.44161949e+001
 1.97920337e+000 4.58176702e+001 6.64176775e+000 3.91759025e+001
 2.01061930e+000 1.34425931e+002 6.75719486e+000 1.27668737e+002
 2.04203522e+000 2.11540008e+002 6.86634331e+000 2.04673664e+002
 2.07345115e+000 2.60565603e+002 6.96858362e+000 2.53597019e+002
 2.10486708e+000 2.68122627e+002 7.06325955e+000 2.61059368e+002
 2.13628300e+000 2.27214772e+002 7.14968773e+000 2.20065084e+002
 2.16769893e+000 1.39474744e+002 7.22715726e+000 1.32247587e+002
 2.19911486e+000 1.59453429e+001 7.29492939e+000 8.65041350e+000
 2.23053078e+000 -1.23888863e+002 7.35223721e+000 1.31241100e+002
 2.26194671e+000 -2.54775795e+002 7.39828542e+000 2.62174081e+002
 2.29336264e+000 -3.49692961e+002 7.43225005e+000 3.57125211e+002
 2.32477856e+000 -3.84501922e+002 7.45327834e+000 3.91955201e+002
 2.35619449e+000 -3.42429132e+002 7.46048854e+000 3.49889621e+002
 2.38761042e+000 -2.17531493e+002 7.45296991e+000 2.24984463e+002
 2.41902634e+000 -1.64577118e+001 7.42978262e+000 2.38874944e+001
 2.45044227e+000 2.41891730e+002 7.38995783e+000 2.34501773e+002
 2.48185820e+000 5.28825092e+002 7.33249776e+000 5.21492595e+002
 2.51327412e+000 8.10066546e+002 7.25637583e+000 8.02810170e+002
 2.54469005e+000 1.05100465e+003 7.16053693e+000 1.04384412e+003
 2.57610598e+000 1.22207242e+003 7.04389766e+000 1.21502852e+003
 2.60752190e+000 1.30331378e+003 6.90534676e+000 1.29640844e+003
 2.63893783e+000 1.28733428e+003 6.74374551e+000 1.28059053e+003
 2.67035376e+000 1.18012879e+003 6.55792832e+000 1.17357086e+003
 2.70176968e+000 9.99670779e+002 6.34670335e+000 9.93324076e+002
 2.73318561e+000 7.72559458e+002 6.10885319e+000 7.66450605e+002
 2.76460154e+000 5.29374436e+002 5.84313575e+000 5.23531300e+002
 2.79601746e+000 2.99612438e+002 5.54828513e+000 2.94064152e+002
 2.82743339e+000 1.07135148e+002 5.22301271e+000 1.01912135e+002
 2.85884931e+000 -3.30683463e+001 4.86600825e+000 3.79343545e+001
 2.89026524e+000 -1.16279872e+002 4.47594118e+000 1.20755813e+002
 2.92168117e+000 -1.47461382e+002 4.05146201e+000 1.51512844e+002
 2.95309709e+000 -1.38919917e+002 3.59120382e+000 1.42511121e+002
 2.98451302e+000 -1.06808318e+002 3.09378392e+000 1.09902102e+002
 3.01592895e+000 -6.72505751e+001 2.55780566e+000 6.98083807e+001
 3.04734487e+000 -3.29228720e+001 1.98186037e+000 3.49047323e+001
 3.07876080e+000 -1.07908910e+001 1.36452942e+000 1.21554204e+001
 3.11017673e+000 -1.43036580e+000 7.04386497e-001 2.13475229e+000
 3.14159265e+000 -9.04051425e-013 2.83382392e-015 9.06885249e-013
