 0.00000000e+000 0.00000000e+000 0.00000000e+000 0.00000000e+000
 3.14159265e-002 5.34614188e-002 3.24132214e-002 2.10481975e-002
 6.28318531e-002 1.06751084e-001 6.68623449e-002 3.98887392e-002
 9.42477796e-002 1.59708280e-001 1.03409224e-001 5.62990557e-002
 1.25663706e-001 2.12194023e-001 1.42115451e-001 7.00785715e-002
 1.57079633e-001 2.64101075e-001 1.83042214e-001 8.10588619e-002
 1.88495559e-001 3.15362968e-001 2.26250143e-001 8.91128249e-002
 2.19911486e-001 3.65961739e-001 2.71799158e-001 9.41625812e-002
 2.51327412e-001 4.15934142e-001 3.19748292e-001 9.61858499e-002
 2.82743339e-001 4.65376116e-001 3.70155520e-001 9.52205956e-002
 3.14159265e-001 5.14445356e-001 4.23077568e-001 9.13677878e-002
 3.45575192e-001 5.63361889e-001 4.78569719e-001 8.47921704e-002
 3.76991118e-001 6.12406601e-001 5.36685605e-001 7.57209954e-002
 4.08407045e-001 6.61917727e-001 5.97476992e-001 6.44407346e-002
 4.39822972e-001 7.12285396e-001 6.60993554e-001 5.12918414e-002
 4.71238898e-001 7.63944328e-001 7.27282634e-001 3.66616933e-002
 5.02654825e-001 8.17364897e-001 7.96388999e-001 2.09758982e-002
 5.34070751e-001 8.73042777e-001 8.68354578e-001 4.68819936e-003
 5.65486678e-001 9.31487452e-001 9.43218198e-001 1.17307455e-002
 5.96902604e-001 9.93209901e-001 1.02101530e+000 2.78053975e-002
 6.28318531e-001 1.05870980e+000 1.10177764e+000 4.30678425e-002
 6.59734457e-001 1.12846261e+000 1.18553302e+000 5.70704114e-002
 6.91150384e-001 1.20290686e+000 1.27230491e+000 6.93980482e-002
 7.22566310e-001 1.28243212e+000 1.36211218e+000 7.96800608e-002
 7.53982237e-001 1.36736784e+000 1.45496874e+000 8.76009025e-002
 7.85398163e-001 1.45797354e+000 1.55088320e+000 9.29096525e-002
 8.16814090e-001 1.55443057e+000 1.64985847e+000 9.54278978e-002
 8.48230016e-001 1.65683568e+000 1.75189144e+000 9.50557554e-002
 8.79645943e-001 1.76519673e+000 1.85697256e+000 9.17758269e-002
 9.11061870e-001 1.87943053e+000 1.96508546e+000 8.56549267e-002
 9.42477796e-001 1.99936303e+000 2.07620652e+000 7.68434892e-002
 9.73893723e-001 2.12473185e+000 2.19030447e+000 6.55726210e-002
 1.00530965e+000 2.25519112e+000 2.30733996e+000 5.21488308e-002
 1.03672558e+000 2.39031853e+000 2.42726507e+000 3.69465348e-002
 1.06814150e+000 2.52962441e+000 2.55002291e+000 2.03984990e-002
 1.09955743e+000 2.67256270e+000 2.67554714e+000 2.98444104e-003
 1.13097336e+000 2.81854340e+000 2.80376147e+000 1.47819300e-002
 1.16238928e+000 2.96694630e+000 2.93457919e+000 3.23671098e-002
 1.19380521e+000 3.11713550e+000 3.06790264e+000 4.92328610e-002
 1.22522113e+000 3.26847450e+000 3.20362276e+000 6.48517425e-002
 1.25663706e+000 3.42034119e+000 3.34161850e+000 7.87226828e-002
 1.28805299e+000 3.57214253e+000 3.48175637e+000 9.03861648e-002
 1.31946891e+000 3.72332839e+000 3.62388980e+000 9.94385892e-002
 1.35088484e+000 3.87340411e+000 3.76785871e+000 1.05545397e-001
 1.38230077e+000 4.02194142e+000 3.91348887e+000 1.08452554e-001
 1.41371669e+000 4.16858740e+000 4.06059136e+000 1.07996035e-001
 1.44513262e+000 4.31307102e+000 4.20896203e+000 1.04108994e-001
 1.47654855e+000 4.45520725e+000 4.35838090e+000 9.68263546e-002
 1.50796447e+000 4.59489820e+000 4.50861158e+000 8.62866231e-002
 1.53938040e+000 4.73213152e+000 4.65940072e+000 7.27307996e-002
 1.57079633e+000 4.86697571e+000 4.81047738e+000 5.64983240e-002
 1.60221225e+000 4.99957257e+000 4.96155248e+000 3.80200875e-002
 1.63362818e+000 5.13012680e+000 5.11231819e+000 1.78086083e-002
 1.66504411e+000 5.25889290e+000 5.26244735e+000 3.55444431e-003
 1.69646003e+000 5.38615975e+000 5.41159287e+000 2.54331227e-002
 1.72787596e+000 5.51223305e+000 5.55938719e+000 4.71541387e-002
 1.75929189e+000 5.63741614e+000 5.70544161e+000 6.80254751e-002
 1.79070781e+000 5.76198961e+000 5.84934583e+000 8.73562176e-002
 1.82212374e+000 5.88619017e+000 5.99066728e+000 1.04477112e-001
 1.85353967e+000 6.01018931e+000 6.12895062e+000 1.18761310e-001
 1.88495559e+000 6.13407239e+000 6.26371715e+000 1.29644755e-001
 1.91637152e+000 6.25781868e+000 6.39446431e+000 1.36645628e-001
 1.94778745e+000 6.38128284e+000 6.52066514e+000 1.39382301e-001
 1.97920337e+000 6.50417850e+000 6.64176775e+000 1.37589253e-001
 2.01061930e+000 6.62606444e+000 6.75719486e+000 1.31130424e-001
 2.04203522e+000 6.74633377e+000 6.86634331e+000 1.20009540e-001
 2.07345115e+000 6.86420661e+000 6.96858362e+000 1.04377011e-001
 2.10486708e+000 6.97872653e+000 7.06325955e+000 8.45330251e-002
 2.13628300e+000 7.08876113e+000 7.14968773e+000 6.09266043e-002
 2.16769893e+000 7.19300684e+000 7.22715726e+000 3.41504201e-002
 2.19911486e+000 7.28999810e+000 7.29492939e+000 4.93128965e-003
 2.23053078e+000 7.37812085e+000 7.35223721e+000 2.58836399e-002
 2.26194671e+000 7.45563033e+000 7.39828542e+000 5.73449091e-002
 2.29336264e+000 7.52067281e+000 7.43225005e+000 8.84227578e-002
 2.32477856e+000 7.57131116e+000 7.45327834e+000 1.18032826e-001
 2.35619449e+000 7.60555368e+000 7.46048854e+000 1.45065144e-001
 2.38761042e+000 7.62138584e+000 7.45296991e+000 1.68415929e-001
 2.41902634e+000 7.61680426e+000 7.42978262e+000 1.87021635e-001
 2.45044227e+000 7.58985245e+000 7.38995783e+000 1.99894615e-001
 2.48185820e+000 7.53865749e+000 7.33249776e+000 2.06159734e-001
 2.51327412e+000 7.46146704e+000 7.25637583e+000 2.05091204e-001
 2.54469005e+000 7.35668583e+000 7.16053693e+000 1.96148902e-001
 2.57610598e+000 7.22291108e+000 7.04389766e+000 1.79013421e-001
 2.60752190e+000 7.05896586e+000 6.90534676e+000 1.53619106e-001
 2.63893783e+000 6.86392987e+000 6.74374551e+000 1.20184362e-001
 2.67035376e+000 6.63716687e+000 6.55792832e+000 7.92385486e-002
 2.70176968e+000 6.37834818e+000 6.34670335e+000 3.16448316e-002
 2.73318561e+000 6.08747164e+000 6.10885319e+000 2.13815503e-002
 2.76460154e+000 5.76487565e+000 5.84313575e+000 7.82600967e-002
 2.79601746e+000 5.41124782e+000 5.54828513e+000 1.37037306e-001
 2.82743339e+000 5.02762804e+000 5.22301271e+000 1.95384672e-001
 2.85884931e+000 4.61540567e+000 4.86600825e+000 2.50602580e-001
 2.89026524e+000 4.17631100e+000 4.47594118e+000 2.99630178e-001
 2.92168117e+000 3.71240087e+000 4.05146201e+000 3.39061143e-001
 2.95309709e+000 3.22603863e+000 3.59120382e+000 3.65165188e-001
 2.98451302e+000 2.71986890e+000 3.09378392e+000 3.73915018e-001
 3.01592895e+000 2.19678732e+000 2.55780566e+000 3.61018343e-001
 3.04734487e+000 1.65990592e+000 1.98186037e+000 3.21954443e-001
 3.07876080e+000 1.11251468e+000 1.36452942e+000 2.52014733e-001
 3.11017673e+000 5.58039871e-001 7.04386497e-001 1.46346626e-001
 3.14159265e+000 2.57537873e-015 2.83382392e-015 2.58445188e-016
