 0.00000000e+000 0.00000000e+000 0.00000000e+000 0.00000000e+000
 3.14159265e-002 2.21628604e-001 3.24132214e-002 1.89215383e-001
 6.28318531e-002 1.48529426e+000 6.68623449e-002 1.41843191e+000
 9.42477796e-002 4.09020165e+000 1.03409224e-001 3.98679243e+000
 1.25663706e-001 7.29626945e+000 1.42115451e-001 7.15415400e+000
 1.57079633e-001 9.66025341e+000 1.83042214e-001 9.47721120e+000
 1.88495559e-001 9.82119218e+000 2.26250143e-001 9.59494203e+000
 2.19911486e-001 7.28744145e+000 2.71799158e-001 7.01564229e+000
 2.51327412e-001 2.77138696e+000 3.19748292e-001 2.45163867e+000
 2.82743339e-001 -2.12626779e+000 3.70155520e-001 2.49642331e+000
 3.14159265e-001 -5.71075458e+000 4.23077568e-001 6.13383214e+000
 3.45575192e-001 -7.02330542e+000 4.78569719e-001 7.50187514e+000
 3.76991118e-001 -6.24786966e+000 5.36685605e-001 6.78455527e+000
 4.08407045e-001 -4.48108999e+000 5.97476992e-001 5.07856698e+000
 4.39822972e-001 -3.01679313e+000 6.60993554e-001 3.67778669e+000
 4.71238898e-001 -2.56917994e+000 7.27282634e-001 3.29646257e+000
 5.02654825e-001 -2.88434601e+000 7.96388999e-001 3.68073501e+000
 5.34070751e-001 -2.95621056e+000 8.68354578e-001 3.82456514e+000
 5.65486678e-001 -1.70829364e+000 9.43218198e-001 2.65151184e+000
 5.96902604e-001 1.26688045e+000 1.02101530e+000 2.45865147e-001
 6.28318531e-001 5.34926402e+000 1.10177764e+000 4.24748638e+000
 6.59734457e-001 9.12883703e+000 1.18553302e+000 7.94330401e+000
 6.91150384e-001 1.11096757e+001 1.27230491e+000 9.83737074e+000
 7.22566310e-001 1.04849331e+001 1.36211218e+000 9.12282091e+000
 7.53982237e-001 7.55111435e+000 1.45496874e+000 6.09614561e+000
 7.85398163e-001 3.54013797e+000 1.55088320e+000 1.98925477e+000
 8.16814090e-001 -2.19243555e-002 1.64985847e+000 1.67178282e+000
 8.48230016e-001 -2.06186929e+000 1.75189144e+000 3.81376073e+000
 8.79645943e-001 -2.40323792e+000 1.85697256e+000 4.26021048e+000
 9.11061870e-001 -1.69011707e+000 1.96508546e+000 3.65520253e+000
 9.42477796e-001 -8.79843438e-001 2.07620652e+000 2.95604996e+000
 9.73893723e-001 -6.32008058e-001 2.19030447e+000 2.82231253e+000
 1.00530965e+000 -9.56533040e-001 2.30733996e+000 3.26387300e+000
 1.03672558e+000 -1.30443101e+000 2.42726507e+000 3.73169607e+000
 1.06814150e+000 -1.00680793e+000 2.55002291e+000 3.55683084e+000
 1.09955743e+000 2.38837016e-001 2.67554714e+000 2.43671013e+000
 1.13097336e+000 2.14899607e+000 2.80376147e+000 6.54765408e-001
 1.16238928e+000 4.03339749e+000 2.93457919e+000 1.09881830e+000
 1.19380521e+000 5.24603772e+000 3.06790264e+000 2.17813508e+000
 1.22522113e+000 5.60691553e+000 3.20362276e+000 2.40329278e+000
 1.25663706e+000 5.51254652e+000 3.34161850e+000 2.17092801e+000
 1.28805299e+000 5.65310220e+000 3.48175637e+000 2.17134583e+000
 1.31946891e+000 6.50943395e+000 3.62388980e+000 2.88554414e+000
 1.35088484e+000 7.95387522e+000 3.76785871e+000 4.18601651e+000
 1.38230077e+000 9.22747987e+000 3.91348887e+000 5.31399100e+000
 1.41371669e+000 9.34011158e+000 4.06059136e+000 5.27952022e+000
 1.44513262e+000 7.67455841e+000 4.20896203e+000 3.46559638e+000
 1.47654855e+000 4.43496574e+000 4.35838090e+000 7.65848414e-002
 1.50796447e+000 6.54399582e-001 4.50861158e+000 3.85421200e+000
 1.53938040e+000 -2.27213732e+000 4.65940072e+000 6.93153804e+000
 1.57079633e+000 -3.28158038e+000 4.81047738e+000 8.09205776e+000
 1.60221225e+000 -2.17363252e+000 4.96155248e+000 7.13518500e+000
 1.63362818e+000 3.25733690e-001 5.11231819e+000 4.78658450e+000
 1.66504411e+000 3.00502739e+000 5.26244735e+000 2.25741996e+000
 1.69646003e+000 4.85606411e+000 5.41159287e+000 5.55528763e-001
 1.72787596e+000 5.60969801e+000 5.55938719e+000 5.03108206e-002
 1.75929189e+000 5.80831614e+000 5.70544161e+000 1.02874530e-001
 1.79070781e+000 6.38012155e+000 5.84934583e+000 5.30775716e-001
 1.82212374e+000 7.97728146e+000 5.99066728e+000 1.98661418e+000
 1.85353967e+000 1.04820858e+001 6.12895062e+000 4.35313514e+000
 1.88495559e+000 1.29865398e+001 6.26371715e+000 6.72282266e+000
 1.91637152e+000 1.42687307e+001 6.39446431e+000 7.87426635e+000
 1.94778745e+000 1.34913346e+001 6.52066514e+000 6.97066943e+000
 1.97920337e+000 1.07118037e+001 6.64176775e+000 4.07003600e+000
 2.01061930e+000 6.90193940e+000 6.75719486e+000 1.44744538e-001
 2.04203522e+000 3.46262659e+000 6.86634331e+000 3.40371672e+000
 2.07345115e+000 1.51515287e+000 6.96858362e+000 5.45343075e+000
 2.10486708e+000 1.37658343e+000 7.06325955e+000 5.68667612e+000
 2.13628300e+000 2.50828886e+000 7.14968773e+000 4.64139887e+000
 2.16769893e+000 3.93741985e+000 7.22715726e+000 3.28973740e+000
 2.19911486e+000 4.86874760e+000 7.29492939e+000 2.42618179e+000
 2.23053078e+000 5.10258405e+000 7.35223721e+000 2.24965316e+000
 2.26194671e+000 5.01558956e+000 7.39828542e+000 2.38269586e+000
 2.29336264e+000 5.15531120e+000 7.43225005e+000 2.27693886e+000
 2.32477856e+000 5.75783228e+000 7.45327834e+000 1.69544606e+000
 2.35619449e+000 6.55061705e+000 7.46048854e+000 9.09871491e-001
 2.38761042e+000 7.00672559e+000 7.45296991e+000 4.46244320e-001
 2.41902634e+000 6.89031486e+000 7.42978262e+000 5.39467765e-001
 2.45044227e+000 6.68906204e+000 7.38995783e+000 7.00895791e-001
 2.48185820e+000 7.54245937e+000 7.33249776e+000 2.09961613e-001
 2.51327412e+000 1.05682904e+001 7.25637583e+000 3.31191458e+000
 2.54469005e+000 1.59039369e+001 7.16053693e+000 8.74339992e+000
 2.57610598e+000 2.20575242e+001 7.04389766e+000 1.50136266e+001
 2.60752190e+000 2.61037245e+001 6.90534676e+000 1.91983777e+001
 2.63893783e+000 2.48447163e+001 6.74374551e+000 1.81009708e+001
 2.67035376e+000 1.64901341e+001 6.55792832e+000 9.93220578e+000
 2.70176968e+000 2.01125358e+000 6.34670335e+000 4.33544977e+000
 2.73318561e+000 -1.46458947e+001 6.10885319e+000 2.07547479e+001
 2.76460154e+000 -2.78065717e+001 5.84313575e+000 3.36497074e+001
 2.79601746e+000 -3.23509267e+001 5.54828513e+000 3.78992118e+001
 2.82743339e+000 -2.60168190e+001 5.22301271e+000 3.12398317e+001
 2.85884931e+000 -1.05906114e+001 4.86600825e+000 1.54566197e+001
 2.89026524e+000 8.67268270e+000 4.47594118e+000 4.19674152e+000
 2.92168117e+000 2.52107813e+001 4.05146201e+000 2.11593193e+001
 2.95309709e+000 3.39114245e+001 3.59120382e+000 3.03202206e+001
 2.98451302e+000 3.31561450e+001 3.09378392e+000 3.00623611e+001
 3.01592895e+000 2.51778035e+001 2.55780566e+000 2.26199979e+001
 3.04734487e+000 1.45999963e+001 1.98186037e+000 1.26181360e+001
 3.07876080e+000 5.94322167e+000 1.36452942e+000 4.57869226e+000
 3.11017673e+000 1.39743878e+000 7.04386497e-001 6.93052282e-001
 3.14159265e+000 1.42752313e-013 2.83382392e-015 1.39918490e-013
