 0.00000000e+000 0.00000000e+000 0.00000000e+000 0.00000000e+000
 3.14159265e-002 4.02287584e-002 3.24132214e-002 7.81553699e-003
 6.28318531e-002 7.98154336e-002 6.68623449e-002 1.29530887e-002
 9.42477796e-002 1.18353293e-001 1.03409224e-001 1.49440683e-002
 1.25663706e-001 1.55851433e-001 1.42115451e-001 1.37359821e-002
 1.57079633e-001 1.92817870e-001 1.83042214e-001 9.77565688e-003
 1.88495559e-001 2.30224626e-001 2.26250143e-001 3.97448266e-003
 2.19911486e-001 2.69360864e-001 2.71799158e-001 2.43829383e-003
 2.51327412e-001 3.11605495e-001 3.19748292e-001 8.14279692e-003
 2.82743339e-001 3.58169152e-001 3.70155520e-001 1.19863681e-002
 3.14159265e-001 4.09862855e-001 4.23077568e-001 1.32147135e-002
 3.45575192e-001 4.66945341e-001 4.78569719e-001 1.16243779e-002
 3.76991118e-001 5.29084082e-001 5.36685605e-001 7.60152284e-003
 4.08407045e-001 5.95440157e-001 5.97476992e-001 2.03683599e-003
 4.39822972e-001 6.64859911e-001 6.60993554e-001 3.86635703e-003
 4.71238898e-001 7.36132722e-001 7.27282634e-001 8.85008800e-003
 5.02654825e-001 8.08259416e-001 7.96388999e-001 1.18704172e-002
 5.34070751e-001 8.80673350e-001 8.68354578e-001 1.23187723e-002
 5.65486678e-001 9.53366334e-001 9.43218198e-001 1.01481363e-002
 5.96902604e-001 1.02689230e+000 1.02101530e+000 5.87700000e-003
 6.28318531e-001 1.10224836e+000 1.10177764e+000 4.70711682e-004
 6.59734457e-001 1.18065968e+000 1.18553302e+000 4.87333509e-003
 6.91150384e-001 1.26331566e+000 1.27230491e+000 8.98924585e-003
 7.22566310e-001 1.35111524e+000 1.36211218e+000 1.09969446e-002
 7.53982237e-001 1.44447718e+000 1.45496874e+000 1.04915600e-002
 7.85398163e-001 1.54325650e+000 1.55088320e+000 7.62669442e-003
 8.16814090e-001 1.64678450e+000 1.64985847e+000 3.07396356e-003
 8.48230016e-001 1.75402284e+000 1.75189144e+000 2.13140675e-003
 8.79645943e-001 1.86379655e+000 1.85697256e+000 6.82399342e-003
 9.11061870e-001 1.97505380e+000 1.96508546e+000 9.96833747e-003
 9.42477796e-001 2.08709444e+000 2.07620652e+000 1.08879150e-002
 9.73893723e-001 2.19971667e+000 2.19030447e+000 9.41219433e-003
 1.00530965e+000 2.31324949e+000 2.30733996e+000 5.90953278e-003
 1.03672558e+000 2.42846434e+000 2.42726507e+000 1.19927699e-003
 1.06814150e+000 2.54638636e+000 2.55002291e+000 3.63655434e-003
 1.09955743e+000 2.66804791e+000 2.67554714e+000 7.49923257e-003
 1.13097336e+000 2.79424009e+000 2.80376147e+000 9.52138816e-003
 1.16238928e+000 2.92531783e+000 2.93457919e+000 9.26135757e-003
 1.19380521e+000 3.06110242e+000 3.06790264e+000 6.80022241e-003
 1.22522113e+000 3.20090277e+000 3.20362276e+000 2.71998343e-003
 1.25663706e+000 3.34365033e+000 3.34161850e+000 2.03182280e-003
 1.28805299e+000 3.48811646e+000 3.48175637e+000 6.36009546e-003
 1.31946891e+000 3.63316289e+000 3.62388980e+000 9.27308559e-003
 1.35088484e+000 3.77796786e+000 3.76785871e+000 1.01091487e-002
 1.38230077e+000 3.92217655e+000 3.91348887e+000 8.68768396e-003
 1.41371669e+000 4.06594115e+000 4.06059136e+000 5.34978980e-003
 1.44513262e+000 4.20984125e+000 4.20896203e+000 8.79223325e-004
 1.47654855e+000 4.35470243e+000 4.35838090e+000 3.67846849e-003
 1.50796447e+000 4.50135413e+000 4.50861158e+000 7.25744720e-003
 1.53938040e+000 4.65038226e+000 4.65940072e+000 9.01845940e-003
 1.57079633e+000 4.80193306e+000 4.81047738e+000 8.54431680e-003
 1.60221225e+000 4.95561383e+000 4.96155248e+000 5.93864828e-003
 1.63362818e+000 5.11051369e+000 5.11231819e+000 1.80449531e-003
 1.66504411e+000 5.26534057e+000 5.26244735e+000 2.89322085e-003
 1.69646003e+000 5.41864341e+000 5.41159287e+000 7.05053919e-003
 1.72787596e+000 5.56906897e+000 5.55938719e+000 9.68178946e-003
 1.75929189e+000 5.71559367e+000 5.70544161e+000 1.01520530e-002
 1.79070781e+000 5.85767624e+000 5.84934583e+000 8.33040410e-003
 1.82212374e+000 5.99529446e+000 5.99066728e+000 4.62718247e-003
 1.85353967e+000 6.12885550e+000 6.12895062e+000 9.51137404e-005
 1.88495559e+000 6.25899859e+000 6.26371715e+000 4.71855908e-003
 1.91637152e+000 6.38633425e+000 6.39446431e+000 8.13005941e-003
 1.94778745e+000 6.51117971e+000 6.52066514e+000 9.48542445e-003
 1.97920337e+000 6.63335232e+000 6.64176775e+000 8.41543105e-003
 2.01061930e+000 6.75207064e+000 6.75719486e+000 5.12421999e-003
 2.04203522e+000 6.86598899e+000 6.86634331e+000 3.54326594e-004
 2.07345115e+000 6.97336047e+000 6.96858362e+000 4.77684686e-003
 2.10486708e+000 7.07229367e+000 7.06325955e+000 9.03411963e-003
 2.13628300e+000 7.16104501e+000 7.14968773e+000 1.13572820e-002
 2.16769893e+000 7.23827874e+000 7.22715726e+000 1.11214801e-002
 2.19911486e+000 7.30323196e+000 7.29492939e+000 8.30257660e-003
 2.23053078e+000 7.35574216e+000 7.35223721e+000 3.50494592e-003
 2.26194671e+000 7.39612530e+000 7.39828542e+000 2.16011995e-003
 2.29336264e+000 7.42492746e+000 7.43225005e+000 7.32259712e-003
 2.32477856e+000 7.44260332e+000 7.45327834e+000 1.06750179e-002
 2.35619449e+000 7.44919471e+000 7.46048854e+000 1.12938279e-002
 2.38761042e+000 7.44408557e+000 7.45296991e+000 8.88433760e-003
 2.41902634e+000 7.42589567e+000 7.42978262e+000 3.88694608e-003
 2.45044227e+000 7.39254620e+000 7.38995783e+000 2.58836661e-003
 2.48185820e+000 7.34149155e+000 7.33249776e+000 8.99378673e-003
 2.51327412e+000 7.27007263e+000 7.25637583e+000 1.36967943e-002
 2.54469005e+000 7.17591543e+000 7.16053693e+000 1.53784944e-002
 2.57610598e+000 7.05728291e+000 7.04389766e+000 1.33852508e-002
 2.60752190e+000 6.91329281e+000 6.90534676e+000 7.94605413e-003
 2.63893783e+000 6.74393819e+000 6.74374551e+000 1.92684149e-004
 2.67035376e+000 6.54988878e+000 6.55792832e+000 8.03953874e-003
 2.70176968e+000 6.33209959e+000 6.34670335e+000 1.46037541e-002
 2.73318561e+000 6.09130039e+000 6.10885319e+000 1.75528007e-002
 2.76460154e+000 5.82747411e+000 5.84313575e+000 1.56616331e-002
 2.79601746e+000 5.53944630e+000 5.54828513e+000 8.83882956e-003
 2.82743339e+000 5.22469677e+000 5.22301271e+000 1.68405866e-003
 2.85884931e+000 4.87946976e+000 4.86600825e+000 1.34615121e-002
 2.89026524e+000 4.49920520e+000 4.47594118e+000 2.32640176e-002
 2.92168117e+000 4.07925131e+000 4.05146201e+000 2.77892972e-002
 2.95309709e+000 3.61575983e+000 3.59120382e+000 2.45560170e-002
 2.98451302e+000 3.10662122e+000 3.09378392e+000 1.28372992e-002
 3.01592895e+000 2.55227765e+000 2.55780566e+000 5.52800669e-003
 3.04734487e+000 1.95626206e+000 1.98186037e+000 2.55983051e-002
 3.07876080e+000 1.32534965e+000 1.36452942e+000 3.91797665e-002
 3.11017673e+000 6.69269969e-001 7.04386497e-001 3.51165280e-002
 3.14159265e+000 1.82444278e-015 2.83382392e-015 1.00938114e-015
