 0.00000000e+000 0.00000000e+000 0.00000000e+000 0.00000000e+000
 3.14159265e-002 5.67845112e-002 3.24132214e-002 2.43712898e-002
 6.28318531e-002 1.06564541e-001 6.68623449e-002 3.97021960e-002
 9.42477796e-002 1.45051540e-001 1.03409224e-001 4.16423155e-002
 1.25663706e-001 1.72329859e-001 1.42115451e-001 3.02144079e-002
 1.57079633e-001 1.92842224e-001 1.83042214e-001 9.80001092e-003
 1.88495559e-001 2.13778486e-001 2.26250143e-001 1.24716571e-002
 2.19911486e-001 2.42561815e-001 2.71799158e-001 2.92373427e-002
 2.51327412e-001 2.84416740e-001 3.19748292e-001 3.53315518e-002
 2.82743339e-001 3.40871289e-001 3.70155520e-001 2.92842311e-002
 3.14159265e-001 4.09596181e-001 4.23077568e-001 1.34813877e-002
 3.45575192e-001 4.85450955e-001 4.78569719e-001 6.88123626e-003
 3.76991118e-001 5.62224763e-001 5.36685605e-001 2.55391582e-002
 4.08407045e-001 6.34451163e-001 5.97476992e-001 3.69741703e-002
 4.39822972e-001 6.98812155e-001 6.60993554e-001 3.78186002e-002
 4.71238898e-001 7.54890503e-001 7.27282634e-001 2.76078688e-002
 5.02654825e-001 8.05234971e-001 7.96388999e-001 8.84597262e-003
 5.34070751e-001 8.54800827e-001 8.68354578e-001 1.35537512e-002
 5.65486678e-001 9.09850590e-001 9.43218198e-001 3.33676083e-002
 5.96902604e-001 9.76437099e-001 1.02101530e+000 4.45781997e-002
 6.28318531e-001 1.05870670e+000 1.10177764e+000 4.30709405e-002
 6.59734457e-001 1.15743059e+000 1.18553302e+000 2.81024255e-002
 6.91150384e-001 1.26928510e+000 1.27230491e+000 3.01980709e-003
 7.22566310e-001 1.38732483e+000 1.36211218e+000 2.52126490e-002
 7.53982237e-001 1.50276712e+000 1.45496874e+000 4.77983792e-002
 7.85398163e-001 1.60771091e+000 1.55088320e+000 5.68277167e-002
 8.16814090e-001 1.69794839e+000 1.64985847e+000 4.80899215e-002
 8.48230016e-001 1.77482905e+000 1.75189144e+000 2.29376140e-002
 8.79645943e-001 1.84534828e+000 1.85697256e+000 1.16242841e-002
 9.11061870e-001 1.92022446e+000 1.96508546e+000 4.48609990e-002
 9.42477796e-001 2.01048626e+000 2.07620652e+000 6.57202586e-002
 9.73893723e-001 2.12370536e+000 2.19030447e+000 6.65991111e-002
 1.00530965e+000 2.26121540e+000 2.30733996e+000 4.61245516e-002
 1.03672558e+000 2.41735379e+000 2.42726507e+000 9.91127352e-003
 1.06814150e+000 2.58105988e+000 2.55002291e+000 3.10369635e-002
 1.09955743e+000 2.73933126e+000 2.67554714e+000 6.37841188e-002
 1.13097336e+000 2.88139299e+000 2.80376147e+000 7.76315132e-002
 1.16238928e+000 3.00219962e+000 2.93457919e+000 6.76204308e-002
 1.19380521e+000 3.10412969e+000 3.06790264e+000 3.62270492e-002
 1.22522113e+000 3.19633513e+000 3.20362276e+000 7.28762927e-003
 1.25663706e+000 3.29195581e+000 3.34161850e+000 4.96626925e-002
 1.28805299e+000 3.40406110e+000 3.48175637e+000 7.76952668e-002
 1.31946891e+000 3.54155283e+000 3.62388980e+000 8.23369757e-002
 1.35088484e+000 3.70627176e+000 3.76785871e+000 6.15869595e-002
 1.38230077e+000 3.89220483e+000 3.91348887e+000 2.12840432e-002
 1.41371669e+000 4.08708911e+000 4.06059136e+000 2.64977520e-002
 1.44513262e+000 4.27600257e+000 4.20896203e+000 6.70405397e-002
 1.47654855e+000 4.44590854e+000 4.35838090e+000 8.75276384e-002
 1.50796447e+000 4.58976606e+000 4.50861158e+000 8.11544819e-002
 1.53938040e+000 4.70886937e+000 4.65940072e+000 4.94686540e-002
 1.57079633e+000 4.81256960e+000 4.81047738e+000 2.09221738e-003
 1.60221225e+000 4.91534920e+000 4.96155248e+000 4.62032843e-002
 1.63362818e+000 5.03211576e+000 5.11231819e+000 8.02024324e-002
 1.66504411e+000 5.17324196e+000 5.26244735e+000 8.92053844e-002
 1.69646003e+000 5.34103598e+000 5.41159287e+000 7.05568937e-002
 1.72787596e+000 5.52888238e+000 5.55938719e+000 3.05048029e-002
 1.75929189e+000 5.72337768e+000 5.70544161e+000 1.79360686e-002
 1.79070781e+000 5.90872344e+000 5.84934583e+000 5.93776105e-002
 1.82212374e+000 6.07183464e+000 5.99066728e+000 8.11673590e-002
 1.85353967e+000 6.20638277e+000 6.12895062e+000 7.74321569e-002
 1.88495559e+000 6.31441178e+000 6.26371715e+000 5.06946364e-002
 1.91637152e+000 6.40507029e+000 6.39446431e+000 1.06059758e-002
 1.94778745e+000 6.49103914e+000 6.52066514e+000 2.96260002e-002
 1.97920337e+000 6.58400746e+000 6.64176775e+000 5.77602892e-002
 2.01061930e+000 6.69079395e+000 6.75719486e+000 6.64009113e-002
 2.04203522e+000 6.81137468e+000 6.86634331e+000 5.49686301e-002
 2.07345115e+000 6.93933210e+000 6.96858362e+000 2.92515265e-002
 2.10486708e+000 7.06438014e+000 7.06325955e+000 1.12058592e-003
 2.13628300e+000 7.17594990e+000 7.14968773e+000 2.62621683e-002
 2.16769893e+000 7.26653956e+000 7.22715726e+000 3.93822978e-002
 2.19911486e+000 7.33369556e+000 7.29492939e+000 3.87661783e-002
 2.23053078e+000 7.38001317e+000 7.35223721e+000 2.77759592e-002
 2.26194671e+000 7.41124742e+000 7.39828542e+000 1.29619990e-002
 2.29336264e+000 7.43329512e+000 7.43225005e+000 1.04506881e-003
 2.32477856e+000 7.44923648e+000 7.45327834e+000 4.04185246e-003
 2.35619449e+000 7.45765529e+000 7.46048854e+000 2.83325391e-003
 2.38761042e+000 7.45303097e+000 7.45296991e+000 6.10590146e-005
 2.41902634e+000 7.42820068e+000 7.42978262e+000 1.58194175e-003
 2.45044227e+000 7.37797253e+000 7.38995783e+000 1.19852996e-002
 2.48185820e+000 7.30229496e+000 7.33249776e+000 3.02027954e-002
 2.51327412e+000 7.20730483e+000 7.25637583e+000 4.90710040e-002
 2.54469005e+000 7.10326196e+000 7.16053693e+000 5.72749707e-002
 2.57610598e+000 6.99968518e+000 7.04389766e+000 4.42124817e-002
 2.60752190e+000 6.89945111e+000 6.90534676e+000 5.89564783e-003
 2.63893783e+000 6.79453280e+000 6.74374551e+000 5.07872893e-002
 2.67035376e+000 6.66587549e+000 6.55792832e+000 1.07947165e-001
 2.70176968e+000 6.48847944e+000 6.34670335e+000 1.41776094e-001
 2.73318561e+000 6.24051497e+000 6.10885319e+000 1.31661780e-001
 2.76460154e+000 5.91315008e+000 5.84313575e+000 7.00143333e-002
 2.79601746e+000 5.51677235e+000 5.54828513e+000 3.15127822e-002
 2.82743339e+000 5.08011586e+000 5.22301271e+000 1.42896851e-001
 2.85884931e+000 4.64138487e+000 4.86600825e+000 2.24623379e-001
 2.89026524e+000 4.23387980e+000 4.47594118e+000 2.42061381e-001
 2.92168117e+000 3.87143394e+000 4.05146201e+000 1.80028075e-001
 2.95309709e+000 3.53980513e+000 3.59120382e+000 5.13986862e-002
 2.98451302e+000 3.19841600e+000 3.09378392e+000 1.04632084e-001
 3.01592895e+000 2.79298512e+000 2.55780566e+000 2.35179460e-001
 3.04734487e+000 2.27512126e+000 1.98186037e+000 2.93260893e-001
 3.07876080e+000 1.62174909e+000 1.36452942e+000 2.57219672e-001
 3.11017673e+000 8.46769543e-001 7.04386497e-001 1.42383046e-001
 3.14159265e+000 4.36657254e-015 2.83382392e-015 1.53274861e-015
