 0.00000000e+000 0.00000000e+000 0.00000000e+000 0.00000000e+000
 3.14159265e-002 4.29881478e-001 3.24132214e-002 3.97468257e-001
 6.28318531e-002 2.62374947e+000 6.68623449e-002 2.55688713e+000
 9.42477796e-002 6.04927070e+000 1.03409224e-001 5.94586147e+000
 1.25663706e-001 7.90557751e+000 1.42115451e-001 7.76346206e+000
 1.57079633e-001 5.60212084e+000 1.83042214e-001 5.41907863e+000
 1.88495559e-001 -5.55371255e-001 2.26250143e-001 7.81621399e-001
 2.19911486e-001 -7.05093115e+000 2.71799158e-001 7.32273031e+000
 2.51327412e-001 -9.72210499e+000 3.19748292e-001 1.00418533e+001
 2.82743339e-001 -7.06756578e+000 3.70155520e-001 7.43772130e+000
 3.14159265e-001 -1.38087924e+000 4.23077568e-001 1.80395681e+000
 3.45575192e-001 3.33934656e+000 4.78569719e-001 2.86077684e+000
 3.76991118e-001 4.84856742e+000 5.36685605e-001 4.31188182e+000
 4.08407045e-001 4.32684797e+000 5.97476992e-001 3.72937098e+000
 4.39822972e-001 4.68124997e+000 6.60993554e-001 4.02025642e+000
 4.71238898e-001 7.04416448e+000 7.27282634e-001 6.31688185e+000
 5.02654825e-001 8.89850719e+000 7.96388999e-001 8.10211820e+000
 5.34070751e-001 6.00312717e+000 8.68354578e-001 5.13477259e+000
 5.65486678e-001 -3.18161855e+000 9.43218198e-001 4.12483675e+000
 5.96902604e-001 -1.45259230e+001 1.02101530e+000 1.55469383e+001
 6.28318531e-001 -1.99639053e+001 1.10177764e+000 2.10656829e+001
 6.59734457e-001 -1.33575378e+001 1.18553302e+000 1.45430708e+001
 6.91150384e-001 3.90470747e+000 1.27230491e+000 2.63240256e+000
 7.22566310e-001 2.24125357e+001 1.36211218e+000 2.10504235e+001
 7.53982237e-001 3.05029725e+001 1.45496874e+000 2.90480037e+001
 7.85398163e-001 2.24217839e+001 1.55088320e+000 2.08709007e+001
 8.16814090e-001 2.74239215e+000 1.64985847e+000 1.09253368e+000
 8.48230016e-001 -1.65238165e+001 1.75189144e+000 1.82757079e+001
 8.79645943e-001 -2.41474993e+001 1.85697256e+000 2.60044718e+001
 9.11061870e-001 -1.71237340e+001 1.96508546e+000 1.90888194e+001
 9.42477796e-001 -1.87259987e+000 2.07620652e+000 3.94880639e+000
 9.73893723e-001 1.13325812e+001 2.19030447e+000 9.14227668e+000
 1.00530965e+000 1.60063430e+001 2.30733996e+000 1.36990031e+001
 1.03672558e+000 1.31515824e+001 2.42726507e+000 1.07243173e+001
 1.06814150e+000 8.58949239e+000 2.55002291e+000 6.03946948e+000
 1.09955743e+000 6.86144513e+000 2.67554714e+000 4.18589799e+000
 1.13097336e+000 7.27951696e+000 2.80376147e+000 4.47575549e+000
 1.16238928e+000 5.46286310e+000 2.93457919e+000 2.52828392e+000
 1.19380521e+000 -1.36100451e+000 3.06790264e+000 4.42890715e+000
 1.22522113e+000 -1.04299514e+001 3.20362276e+000 1.36335742e+001
 1.25663706e+000 -1.48131869e+001 3.34161850e+000 1.81548054e+001
 1.28805299e+000 -9.19172794e+000 3.48175637e+000 1.26734843e+001
 1.31946891e+000 4.95691908e+000 3.62388980e+000 1.33302928e+000
 1.35088484e+000 1.95365869e+001 3.76785871e+000 1.57687282e+001
 1.38230077e+000 2.56143840e+001 3.91348887e+000 2.17008951e+001
 1.41371669e+000 2.01404275e+001 4.06059136e+000 1.60798361e+001
 1.44513262e+000 7.98759326e+000 4.20896203e+000 3.77863123e+000
 1.47654855e+000 -2.35943194e+000 4.35838090e+000 6.71781284e+000
 1.50796447e+000 -5.67329920e+000 4.50861158e+000 1.01819108e+001
 1.53938040e+000 -3.45362522e+000 4.65940072e+000 8.11302594e+000
 1.57079633e+000 -1.15714805e+000 4.81047738e+000 5.96762543e+000
 1.60221225e+000 -2.03517104e+000 4.96155248e+000 6.99672352e+000
 1.63362818e+000 -3.55863112e+000 5.11231819e+000 8.67094931e+000
 1.66504411e+000 -2.65640108e-002 5.26244735e+000 5.28901136e+000
 1.69646003e+000 1.09429672e+001 5.41159287e+000 5.53137429e+000
 1.72787596e+000 2.43624442e+001 5.55938719e+000 1.88030570e+001
 1.75929189e+000 3.07690089e+001 5.70544161e+000 2.50635673e+001
 1.79070781e+000 2.41758634e+001 5.84934583e+000 1.83265176e+001
 1.82212374e+000 7.96695850e+000 5.99066728e+000 1.97629122e+000
 1.85353967e+000 -7.25113011e+000 6.12895062e+000 1.33800807e+001
 1.88495559e+000 -1.26889970e+001 6.26371715e+000 1.89527142e+001
 1.91637152e+000 -9.19576746e+000 6.39446431e+000 1.55902318e+001
 1.94778745e+000 -5.82435329e+000 6.52066514e+000 1.23450184e+001
 1.97920337e+000 -9.25091343e+000 6.64176775e+000 1.58926812e+001
 2.01061930e+000 -1.37341737e+001 6.75719486e+000 2.04913685e+001
 2.04203522e+000 -3.06751434e+000 6.86634331e+000 9.93385766e+000
 2.07345115e+000 3.35175294e+001 6.96858362e+000 2.65489458e+001
 2.10486708e+000 8.35884009e+001 7.06325955e+000 7.65251413e+001
 2.13628300e+000 1.10031641e+002 7.14968773e+000 1.02881953e+002
 2.16769893e+000 7.41562064e+001 7.22715726e+000 6.69290492e+001
 2.19911486e+000 -2.90214604e+001 7.29492939e+000 3.63163898e+001
 2.23053078e+000 -1.51128405e+002 7.35223721e+000 1.58480643e+002
 2.26194671e+000 -2.09176758e+002 7.39828542e+000 2.16575043e+002
 2.29336264e+000 -1.39206787e+002 7.43225005e+000 1.46639037e+002
 2.32477856e+000 4.87302203e+001 7.45327834e+000 4.12769419e+001
 2.35619449e+000 2.57469997e+002 7.46048854e+000 2.50009508e+002
 2.38761042e+000 3.51755400e+002 7.45296991e+000 3.44302430e+002
 2.41902634e+000 2.45954878e+002 7.42978262e+000 2.38525095e+002
 2.45044227e+000 -2.67498717e+001 7.38995783e+000 3.41398295e+001
 2.48185820e+000 -3.17108796e+002 7.33249776e+000 3.24441294e+002
 2.51327412e+000 -4.43590444e+002 7.25637583e+000 4.50846819e+002
 2.54469005e+000 -3.09202968e+002 7.16053693e+000 3.16363505e+002
 2.57610598e+000 2.58943763e+001 7.04389766e+000 1.88504786e+001
 2.60752190e+000 3.70146063e+002 6.90534676e+000 3.63240716e+002
 2.63893783e+000 5.15207020e+002 6.74374551e+000 5.08463274e+002
 2.67035376e+000 3.68013836e+002 6.55792832e+000 3.61455907e+002
 2.70176968e+000 1.30306537e+001 6.34670335e+000 6.68395033e+000
 2.73318561e+000 -3.38768602e+002 6.10885319e+000 3.44877455e+002
 2.76460154e+000 -4.82305524e+002 5.84313575e+000 4.88148660e+002
 2.79601746e+000 -3.45301891e+002 5.54828513e+000 3.50850176e+002
 2.82743339e+000 -2.68240678e+001 5.22301271e+000 3.20470805e+001
 2.85884931e+000 2.74772259e+002 4.86600825e+000 2.69906251e+002
 2.89026524e+000 3.92017755e+002 4.47594118e+000 3.87541814e+002
 2.92168117e+000 2.87622245e+002 4.05146201e+000 2.83570783e+002
 2.95309709e+000 6.00669546e+001 3.59120382e+000 5.64757508e+001
 2.98451302e+000 -1.39064639e+002 3.09378392e+000 1.42158423e+002
 3.01592895e+000 -2.10385878e+002 2.55780566e+000 2.12943683e+002
 3.04734487e+000 -1.59447007e+002 1.98186037e+000 1.61428868e+002
 3.07876080e+000 -6.68905255e+001 1.36452942e+000 6.82550549e+001
 3.11017673e+000 -9.59841075e+000 7.04386497e-001 1.03027972e+001
 3.14159265e+000 -1.05892304e-012 2.83382392e-015 1.06175686e-012
