 0.00000000e+000 0.00000000e+000 0.00000000e+000 0.00000000e+000
 3.14159265e-002 5.63489243e-002 3.24132214e-002 2.39357029e-002
 6.28318531e-002 1.12193690e-001 6.68623449e-002 4.53313456e-002
 9.42477796e-002 1.67057344e-001 1.03409224e-001 6.36481197e-002
 1.25663706e-001 2.20516457e-001 1.42115451e-001 7.84010058e-002
 1.57079633e-001 2.72225716e-001 1.83042214e-001 8.91835023e-002
 1.88495559e-001 3.21939967e-001 2.26250143e-001 9.56898240e-002
 2.19911486e-001 3.69532993e-001 2.71799158e-001 9.77338349e-002
 2.51327412e-001 4.15012375e-001 3.19748292e-001 9.52640824e-002
 2.82743339e-001 4.58529927e-001 3.70155520e-001 8.83744072e-002
 3.14159265e-001 5.00387304e-001 4.23077568e-001 7.73097361e-002
 3.45575192e-001 5.41036524e-001 4.78569719e-001 6.24668051e-002
 3.76991118e-001 5.81075314e-001 5.36685605e-001 4.43897089e-002
 4.08407045e-001 6.21237321e-001 5.97476992e-001 2.37603287e-002
 4.39822972e-001 6.62377395e-001 6.60993554e-001 1.38384058e-003
 4.71238898e-001 7.05452293e-001 7.27282634e-001 2.18303417e-002
 5.02654825e-001 7.51497304e-001 7.96388999e-001 4.48916953e-002
 5.34070751e-001 8.01599409e-001 8.68354578e-001 6.67551687e-002
 5.65486678e-001 8.56867719e-001 9.43218198e-001 8.63504787e-002
 5.96902604e-001 9.18401999e-001 1.02101530e+000 1.02613300e-001
 6.28318531e-001 9.87260193e-001 1.10177764e+000 1.14517452e-001
 6.59734457e-001 1.06442588e+000 1.18553302e+000 1.21107138e-001
 6.91150384e-001 1.15077662e+000 1.27230491e+000 1.21528283e-001
 7.22566310e-001 1.24705417e+000 1.36211218e+000 1.15058006e-001
 7.53982237e-001 1.35383743e+000 1.45496874e+000 1.01131315e-001
 7.85398163e-001 1.47151904e+000 1.55088320e+000 7.93641563e-002
 8.16814090e-001 1.60028642e+000 1.64985847e+000 4.95720472e-002
 8.48230016e-001 1.74010782e+000 1.75189144e+000 1.17836219e-002
 8.79645943e-001 1.89072401e+000 1.85697256e+000 3.37514495e-002
 9.11061870e-001 2.05164602e+000 1.96508546e+000 8.65605628e-002
 9.42477796e-001 2.22215906e+000 2.07620652e+000 1.45952539e-001
 9.73893723e-001 2.40133278e+000 2.19030447e+000 2.11028304e-001
 1.00530965e+000 2.58803774e+000 2.30733996e+000 2.80697789e-001
 1.03672558e+000 2.78096783e+000 2.42726507e+000 3.53702764e-001
 1.06814150e+000 2.97866807e+000 2.55002291e+000 4.28645154e-001
 1.09955743e+000 3.17956738e+000 2.67554714e+000 5.04020234e-001
 1.13097336e+000 3.38201540e+000 2.80376147e+000 5.78253927e-001
 1.16238928e+000 3.58432251e+000 2.93457919e+000 6.49743327e-001
 1.19380521e+000 3.78480208e+000 3.06790264e+000 7.16899438e-001
 1.22522113e+000 3.98181380e+000 3.20362276e+000 7.78191044e-001
 1.25663706e+000 4.17380706e+000 3.34161850e+000 8.32188558e-001
 1.28805299e+000 4.35936304e+000 3.48175637e+000 8.77606678e-001
 1.31946891e+000 4.53723448e+000 3.62388980e+000 9.13344678e-001
 1.35088484e+000 4.70638189e+000 3.76785871e+000 9.38523171e-001
 1.38230077e+000 4.86600515e+000 3.91348887e+000 9.52516278e-001
 1.41371669e+000 5.01556957e+000 4.06059136e+000 9.54978205e-001
 1.44513262e+000 5.15482537e+000 4.20896203e+000 9.45863338e-001
 1.47654855e+000 5.28382005e+000 4.35838090e+000 9.25439152e-001
 1.50796447e+000 5.40290293e+000 4.50861158e+000 8.94291350e-001
 1.53938040e+000 5.51272157e+000 4.65940072e+000 8.53320851e-001
 1.57079633e+000 5.61420984e+000 4.81047738e+000 8.03732458e-001
 1.60221225e+000 5.70856771e+000 4.96155248e+000 7.47015225e-001
 1.63362818e+000 5.79723294e+000 5.11231819e+000 6.84914749e-001
 1.66504411e+000 5.88184520e+000 5.26244735e+000 6.19397855e-001
 1.69646003e+000 5.96420319e+000 5.41159287e+000 5.52610312e-001
 1.72787596e+000 6.04621561e+000 5.55938719e+000 4.86828421e-001
 1.75929189e+000 6.12984713e+000 5.70544161e+000 4.24405511e-001
 1.79070781e+000 6.21706035e+000 5.84934583e+000 3.67714513e-001
 1.82212374e+000 6.30975519e+000 5.99066728e+000 3.19087906e-001
 1.85353967e+000 6.40970708e+000 6.12895062e+000 2.80756462e-001
 1.88495559e+000 6.51850541e+000 6.26371715e+000 2.54788263e-001
 1.91637152e+000 6.63749379e+000 6.39446431e+000 2.43029484e-001
 1.94778745e+000 6.76771362e+000 6.52066514e+000 2.47048478e-001
 1.97920337e+000 6.90985238e+000 6.64176775e+000 2.68084626e-001
 2.01061930e+000 7.06419821e+000 6.75719486e+000 3.07003348e-001
 2.04203522e+000 7.23060189e+000 6.86634331e+000 3.64258580e-001
 2.07345115e+000 7.40844749e+000 6.96858362e+000 4.39863867e-001
 2.10486708e+000 7.59663260e+000 7.06325955e+000 5.33373046e-001
 2.13628300e+000 7.79355905e+000 7.14968773e+000 6.43871319e-001
 2.16769893e+000 7.99713452e+000 7.22715726e+000 7.69977267e-001
 2.19911486e+000 8.20478553e+000 7.29492939e+000 9.09856141e-001
 2.23053078e+000 8.41348172e+000 7.35223721e+000 1.06124451e+000
 2.26194671e+000 8.61977148e+000 7.39828542e+000 1.22148606e+000
 2.29336264e+000 8.81982823e+000 7.43225005e+000 1.38757818e+000
 2.32477856e+000 9.00950688e+000 7.45327834e+000 1.55622854e+000
 2.35619449e+000 9.18440938e+000 7.46048854e+000 1.72392084e+000
 2.38761042e+000 9.33995840e+000 7.45296991e+000 1.88698849e+000
 2.41902634e+000 9.47147755e+000 7.42978262e+000 2.04169493e+000
 2.45044227e+000 9.57427685e+000 7.38995783e+000 2.18431901e+000
 2.48185820e+000 9.64374160e+000 7.33249776e+000 2.31124384e+000
 2.51327412e+000 9.67542296e+000 7.25637583e+000 2.41904712e+000
 2.54469005e+000 9.66512840e+000 7.16053693e+000 2.50459147e+000
 2.57610598e+000 9.60901007e+000 7.04389766e+000 2.56511241e+000
 2.60752190e+000 9.50364929e+000 6.90534676e+000 2.59830253e+000
 2.63893783e+000 9.34613528e+000 6.74374551e+000 2.60238977e+000
 2.67035376e+000 9.13413650e+000 6.55792832e+000 2.57620817e+000
 2.70176968e+000 8.86596288e+000 6.34670335e+000 2.51925953e+000
 2.73318561e+000 8.54061763e+000 6.10885319e+000 2.43176444e+000
 2.76460154e+000 8.15783730e+000 5.84313575e+000 2.31470155e+000
 2.79601746e+000 7.71811920e+000 5.54828513e+000 2.16983407e+000
 2.82743339e+000 7.22273534e+000 5.22301271e+000 1.99972264e+000
 2.85884931e+000 6.67373251e+000 4.86600825e+000 1.80772427e+000
 2.89026524e+000 6.07391819e+000 4.47594118e+000 1.59797701e+000
 2.92168117e+000 5.42683250e+000 4.05146201e+000 1.37537049e+000
 2.95309709e+000 4.73670660e+000 3.59120382e+000 1.14550278e+000
 2.98451302e+000 4.00840806e+000 3.09378392e+000 9.14624139e-001
 3.01592895e+000 3.24737430e+000 2.55780566e+000 6.89568634e-001
 3.04734487e+000 2.45953525e+000 1.98186037e+000 4.77674885e-001
 3.07876080e+000 1.65122666e+000 1.36452942e+000 2.86697238e-001
 3.11017673e+000 8.29095572e-001 7.04386497e-001 1.24709075e-001
 3.14159265e+000 4.27036630e-015 2.83382392e-015 1.43654237e-015
