 0.00000000e+000 0.00000000e+000 0.00000000e+000 0.00000000e+000
 3.14159265e-002 8.05326521e-002 3.24132214e-002 4.81194308e-002
 6.28318531e-002 1.60336125e-001 6.68623449e-002 9.34737801e-002
 9.42477796e-002 2.38704911e-001 1.03409224e-001 1.35295686e-001
 1.25663706e-001 3.14980202e-001 1.42115451e-001 1.72864751e-001
 1.57079633e-001 3.88571658e-001 1.83042214e-001 2.05529444e-001
 1.88495559e-001 4.58977306e-001 2.26250143e-001 2.32727163e-001
 2.19911486e-001 5.25801051e-001 2.71799158e-001 2.54001894e-001
 2.51327412e-001 5.88767304e-001 3.19748292e-001 2.69019011e-001
 2.82743339e-001 6.47732318e-001 3.70155520e-001 2.77576797e-001
 3.14159265e-001 7.02691940e-001 4.23077568e-001 2.79614372e-001
 3.45575192e-001 7.53785534e-001 4.78569719e-001 2.75215814e-001
 3.76991118e-001 8.01295954e-001 5.36685605e-001 2.64610349e-001
 4.08407045e-001 8.45645576e-001 5.97476992e-001 2.48168583e-001
 4.39822972e-001 8.87388444e-001 6.60993554e-001 2.26394890e-001
 4.71238898e-001 9.27198749e-001 7.27282634e-001 1.99916114e-001
 5.02654825e-001 9.65855908e-001 7.96388999e-001 1.69466909e-001
 5.34070751e-001 1.00422665e+000 8.68354578e-001 1.35872070e-001
 5.65486678e-001 1.04324453e+000 9.43218198e-001 1.00026335e-001
 5.96902604e-001 1.08388748e+000 1.02101530e+000 6.28721763e-002
 6.28318531e-001 1.12715382e+000 1.10177764e+000 2.53761790e-002
 6.59734457e-001 1.17403764e+000 1.18553302e+000 1.14953818e-002
 6.91150384e-001 1.22550381e+000 1.27230491e+000 4.68011016e-002
 7.22566310e-001 1.28246368e+000 1.36211218e+000 7.96484969e-002
 7.53982237e-001 1.34575185e+000 1.45496874e+000 1.09216896e-001
 7.85398163e-001 1.41610464e+000 1.55088320e+000 1.34778556e-001
 8.16814090e-001 1.49414105e+000 1.64985847e+000 1.55717419e-001
 8.48230016e-001 1.58034642e+000 1.75189144e+000 1.71545019e-001
 8.79645943e-001 1.67505950e+000 1.85697256e+000 1.81913065e-001
 9.11061870e-001 1.77846309e+000 1.96508546e+000 1.86622367e-001
 9.42477796e-001 1.89057868e+000 2.07620652e+000 1.85627842e-001
 9.73893723e-001 2.01126504e+000 2.19030447e+000 1.79039431e-001
 1.00530965e+000 2.14022107e+000 2.30733996e+000 1.67118881e-001
 1.03672558e+000 2.27699260e+000 2.42726507e+000 1.50272466e-001
 1.06814150e+000 2.42098313e+000 2.55002291e+000 1.29039782e-001
 1.09955743e+000 2.57146822e+000 2.67554714e+000 1.04078928e-001
 1.13097336e+000 2.72761306e+000 2.80376147e+000 7.61484137e-002
 1.16238928e+000 2.88849291e+000 2.93457919e+000 4.60862739e-002
 1.19380521e+000 3.05311572e+000 3.06790264e+000 1.47869235e-002
 1.22522113e+000 3.22044640e+000 3.20362276e+000 1.68236402e-002
 1.25663706e+000 3.38943214e+000 3.34161850e+000 4.78136318e-002
 1.28805299e+000 3.55902795e+000 3.48175637e+000 7.72715816e-002
 1.31946891e+000 3.72822185e+000 3.62388980e+000 1.04332045e-001
 1.35088484e+000 3.89605893e+000 3.76785871e+000 1.28200215e-001
 1.38230077e+000 4.06166364e+000 3.91348887e+000 1.48174766e-001
 1.41371669e+000 4.22425964e+000 4.06059136e+000 1.63668277e-001
 1.44513262e+000 4.38318670e+000 4.20896203e+000 1.74224665e-001
 1.47654855e+000 4.53791401e+000 4.35838090e+000 1.79533112e-001
 1.50796447e+000 4.68804964e+000 4.50861158e+000 1.79438057e-001
 1.53938040e+000 4.83334567e+000 4.65940072e+000 1.73944946e-001
 1.57079633e+000 4.97369888e+000 4.81047738e+000 1.63221501e-001
 1.60221225e+000 5.10914691e+000 4.96155248e+000 1.47594432e-001
 1.63362818e+000 5.23985979e+000 5.11231819e+000 1.27541595e-001
 1.66504411e+000 5.36612710e+000 5.26244735e+000 1.03679752e-001
 1.69646003e+000 5.48834105e+000 5.41159287e+000 7.67481792e-002
 1.72787596e+000 5.60697570e+000 5.55938719e+000 4.75885171e-002
 1.75929189e+000 5.72256295e+000 5.70544161e+000 1.71213329e-002
 1.79070781e+000 5.83566581e+000 5.84934583e+000 1.36800192e-002
 1.82212374e+000 5.94684970e+000 5.99066728e+000 4.38175789e-002
 1.85353967e+000 6.05665234e+000 6.12895062e+000 7.22982712e-002
 1.88495559e+000 6.16555322e+000 6.26371715e+000 9.81639277e-002
 1.91637152e+000 6.27394329e+000 6.39446431e+000 1.20521025e-001
 1.94778745e+000 6.38209582e+000 6.52066514e+000 1.38569316e-001
 1.97920337e+000 6.49013921e+000 6.64176775e+000 1.51628543e-001
 2.01061930e+000 6.59803243e+000 6.75719486e+000 1.59162434e-001
 2.04203522e+000 6.70554405e+000 6.86634331e+000 1.60799267e-001
 2.07345115e+000 6.81223531e+000 6.96858362e+000 1.56348308e-001
 2.10486708e+000 6.91744800e+000 7.06325955e+000 1.45811558e-001
 2.13628300e+000 7.02029741e+000 7.14968773e+000 1.29390320e-001
 2.16769893e+000 7.11967103e+000 7.22715726e+000 1.07486227e-001
 2.19911486e+000 7.21423291e+000 7.29492939e+000 8.06964786e-002
 2.23053078e+000 7.30243402e+000 7.35223721e+000 4.98031945e-002
 2.26194671e+000 7.38252851e+000 7.39828542e+000 1.57569124e-002
 2.29336264e+000 7.45259565e+000 7.43225005e+000 2.03455939e-002
 2.32477856e+000 7.51056720e+000 7.45327834e+000 5.72888609e-002
 2.35619449e+000 7.55425974e+000 7.46048854e+000 9.37711977e-002
 2.38761042e+000 7.58141140e+000 7.45296991e+000 1.28441490e-001
 2.41902634e+000 7.58972227e+000 7.42978262e+000 1.59939652e-001
 2.45044227e+000 7.57689778e+000 7.38995783e+000 1.86939946e-001
 2.48185820e+000 7.54069404e+000 7.33249776e+000 2.08196282e-001
 2.51327412e+000 7.47896440e+000 7.25637583e+000 2.22588564e-001
 2.54469005e+000 7.38970604e+000 7.16053693e+000 2.29169106e-001
 2.57610598e+000 7.27110576e+000 7.04389766e+000 2.27208098e-001
 2.60752190e+000 7.12158388e+000 6.90534676e+000 2.16237122e-001
 2.63893783e+000 6.93983524e+000 6.74374551e+000 1.96089734e-001
 2.67035376e+000 6.72486649e+000 6.55792832e+000 1.66938170e-001
 2.70176968e+000 6.47602865e+000 6.34670335e+000 1.29325306e-001
 2.73318561e+000 6.19304427e+000 6.10885319e+000 8.41910828e-002
 2.76460154e+000 5.87602846e+000 5.84313575e+000 3.28927157e-002
 2.79601746e+000 5.52550327e+000 5.54828513e+000 2.27818642e-002
 2.82743339e+000 5.14240494e+000 5.22301271e+000 8.06077684e-002
 2.85884931e+000 4.72808386e+000 4.86600825e+000 1.37924382e-001
 2.89026524e+000 4.28429699e+000 4.47594118e+000 1.91644192e-001
 2.92168117e+000 3.81319282e+000 4.05146201e+000 2.38269187e-001
 2.95309709e+000 3.31728919e+000 3.59120382e+000 2.73914626e-001
 2.98451302e+000 2.79944407e+000 3.09378392e+000 2.94339847e-001
 3.01592895e+000 2.26282004e+000 2.55780566e+000 2.94985620e-001
 3.04734487e+000 1.71084296e+000 1.98186037e+000 2.71017406e-001
 3.07876080e+000 1.14715563e+000 1.36452942e+000 2.17373787e-001
 3.11017673e+000 5.75567300e-001 7.04386497e-001 1.28819197e-001
 3.14159265e+000 2.85510810e-015 2.83382392e-015 2.12841775e-017
