 0.00000000e+000 0.00000000e+000 0.00000000e+000 0.00000000e+000
 3.14159265e-002 2.88700417e-001 3.24132214e-002 2.56287196e-001
 6.28318531e-002 2.24879889e+000 6.68623449e-002 2.18193655e+000
 9.42477796e-002 6.23062373e+000 1.03409224e-001 6.12721450e+000
 1.25663706e-001 1.09377790e+001 1.42115451e-001 1.07956635e+001
 1.57079633e-001 1.43982248e+001 1.83042214e-001 1.42151826e+001
 1.88495559e-001 1.56066074e+001 2.26250143e-001 1.53803573e+001
 2.19911486e-001 1.56772021e+001 2.71799158e-001 1.54054030e+001
 2.51327412e-001 1.75837047e+001 3.19748292e-001 1.72639564e+001
 2.82743339e-001 2.44520335e+001 3.70155520e-001 2.40818780e+001
 3.14159265e-001 3.73595186e+001 4.23077568e-001 3.69364411e+001
 3.45575192e-001 5.40321304e+001 4.78569719e-001 5.35535607e+001
 3.76991118e-001 6.93989346e+001 5.36685605e-001 6.88622490e+001
 4.08407045e-001 7.78824647e+001 5.97476992e-001 7.72849877e+001
 4.39822972e-001 7.62224852e+001 6.60993554e-001 7.55614917e+001
 4.71238898e-001 6.52268589e+001 7.27282634e-001 6.44995763e+001
 5.02654825e-001 4.93996764e+001 7.96388999e-001 4.86032874e+001
 5.34070751e-001 3.46093665e+001 8.68354578e-001 3.37410119e+001
 5.65486678e-001 2.51077952e+001 9.43218198e-001 2.41645770e+001
 5.96902604e-001 2.15942263e+001 1.02101530e+000 2.05732110e+001
 6.28318531e-001 2.13888899e+001 1.10177764e+000 2.02871122e+001
 6.59734457e-001 2.05111450e+001 1.18553302e+000 1.93256120e+001
 6.91150384e-001 1.63189013e+001 1.27230491e+000 1.50465964e+001
 7.22566310e-001 9.06035024e+000 1.36211218e+000 7.69823806e+000
 7.53982237e-001 1.40901304e+000 1.45496874e+000 4.59557022e-002
 7.85398163e-001 -3.64650318e+000 1.55088320e+000 5.19738638e+000
 8.16814090e-001 -5.12216636e+000 1.64985847e+000 6.77202483e+000
 8.48230016e-001 -4.98455308e+000 1.75189144e+000 6.73644452e+000
 8.79645943e-001 -7.02289601e+000 1.85697256e+000 8.87986857e+000
 9.11061870e-001 -1.43160872e+001 1.96508546e+000 1.62811727e+001
 9.42477796e-001 -2.69459945e+001 2.07620652e+000 2.90222011e+001
 9.73893723e-001 -4.15463591e+001 2.19030447e+000 4.37366635e+001
 1.00530965e+000 -5.31577949e+001 2.30733996e+000 5.54651349e+001
 1.03672558e+000 -5.83541363e+001 2.42726507e+000 6.07814014e+001
 1.06814150e+000 -5.76703844e+001 2.55002291e+000 6.02204073e+001
 1.09955743e+000 -5.56442838e+001 2.67554714e+000 5.83198309e+001
 1.13097336e+000 -5.81876772e+001 2.80376147e+000 6.09914386e+001
 1.16238928e+000 -6.87108228e+001 2.93457919e+000 7.16454020e+001
 1.19380521e+000 -8.53638658e+001 3.06790264e+000 8.84317684e+001
 1.22522113e+000 -1.01276649e+002 3.20362276e+000 1.04480272e+002
 1.25663706e+000 -1.07965378e+002 3.34161850e+000 1.11306997e+002
 1.28805299e+000 -1.00112686e+002 3.48175637e+000 1.03594442e+002
 1.31946891e+000 -7.89215320e+001 3.62388980e+000 8.25454218e+001
 1.35088484e+000 -5.18877384e+001 3.76785871e+000 5.56555971e+001
 1.38230077e+000 -2.88515614e+001 3.91348887e+000 3.27650502e+001
 1.41371669e+000 -1.64334614e+001 4.06059136e+000 2.04940527e+001
 1.44513262e+000 -1.40768687e+001 4.20896203e+000 1.82858307e+001
 1.47654855e+000 -1.41594026e+001 4.35838090e+000 1.85177835e+001
 1.50796447e+000 -6.34083372e+000 4.50861158e+000 1.08494453e+001
 1.53938040e+000 1.62112942e+001 4.65940072e+000 1.15518935e+001
 1.57079633e+000 5.23271310e+001 4.81047738e+000 4.75166537e+001
 1.60221225e+000 9.28311567e+001 4.96155248e+000 8.78696042e+001
 1.63362818e+000 1.25246743e+002 5.11231819e+000 1.20134425e+002
 1.66504411e+000 1.40633016e+002 5.26244735e+000 1.35370569e+002
 1.69646003e+000 1.38601920e+002 5.41159287e+000 1.33190327e+002
 1.72787596e+000 1.27491914e+002 5.55938719e+000 1.21932526e+002
 1.75929189e+000 1.19448525e+002 5.70544161e+000 1.13743083e+002
 1.79070781e+000 1.23189109e+002 5.84934583e+000 1.17339763e+002
 1.82212374e+000 1.38697670e+002 5.99066728e+000 1.32707003e+002
 1.85353967e+000 1.57060997e+002 6.12895062e+000 1.50932047e+002
 1.88495559e+000 1.65653071e+002 6.26371715e+000 1.59389353e+002
 1.91637152e+000 1.55652667e+002 6.39446431e+000 1.49258203e+002
 1.94778745e+000 1.27395666e+002 6.52066514e+000 1.20875001e+002
 1.97920337e+000 9.02920101e+001 6.64176775e+000 8.36502423e+001
 2.01061930e+000 5.73232586e+001 6.75719486e+000 5.05660637e+001
 2.04203522e+000 3.75197352e+001 6.86634331e+000 3.06533919e+001
 2.07345115e+000 3.11746177e+001 6.96858362e+000 2.42060341e+001
 2.10486708e+000 3.09148104e+001 7.06325955e+000 2.38515509e+001
 2.13628300e+000 2.79775665e+001 7.14968773e+000 2.08278787e+001
 2.16769893e+000 1.94236050e+001 7.22715726e+000 1.21964478e+001
 2.19911486e+000 1.09344506e+001 7.29492939e+000 3.63952119e+000
 2.23053078e+000 1.22777511e+001 7.35223721e+000 4.92551393e+000
 2.26194671e+000 2.73091736e+001 7.39828542e+000 1.99108882e+001
 2.29336264e+000 4.47001301e+001 7.43225005e+000 3.72678801e+001
 2.32477856e+000 3.65585445e+001 7.45327834e+000 2.91052662e+001
 2.35619449e+000 -3.14192564e+001 7.46048854e+000 3.88797450e+001
 2.38761042e+000 -1.81191183e+002 7.45296991e+000 1.88644153e+002
 2.41902634e+000 -4.03993367e+002 7.42978262e+000 4.11423150e+002
 2.45044227e+000 -6.53159227e+002 7.38995783e+000 6.60549185e+002
 2.48185820e+000 -8.54800687e+002 7.33249776e+000 8.62133185e+002
 2.51327412e+000 -9.34401334e+002 7.25637583e+000 9.41657710e+002
 2.54469005e+000 -8.48528340e+002 7.16053693e+000 8.55688876e+002
 2.57610598e+000 -6.06666972e+002 7.04389766e+000 6.13710870e+002
 2.60752190e+000 -2.71433999e+002 6.90534676e+000 2.78339346e+002
 2.63893783e+000 6.48549981e+001 6.74374551e+000 5.81112526e+001
 2.67035376e+000 3.17680317e+002 6.55792832e+000 3.11122389e+002
 2.70176968e+000 4.44740751e+002 6.34670335e+000 4.38394047e+002
 2.73318561e+000 4.60883170e+002 6.10885319e+000 4.54774317e+002
 2.76460154e+000 4.26186319e+002 5.84313575e+000 4.20343184e+002
 2.79601746e+000 4.12971147e+002 5.54828513e+000 4.07422861e+002
 2.82743339e+000 4.68075034e+002 5.22301271e+000 4.62852021e+002
 2.85884931e+000 5.89205148e+002 4.86600825e+000 5.84339140e+002
 2.89026524e+000 7.27102621e+002 4.47594118e+000 7.22626680e+002
 2.92168117e+000 8.12088400e+002 4.05146201e+000 8.08036938e+002
 2.95309709e+000 7.91058925e+002 3.59120382e+000 7.87467721e+002
 2.98451302e+000 6.55661273e+002 3.09378392e+000 6.52567489e+002
 3.01592895e+000 4.47042306e+002 2.55780566e+000 4.44484500e+002
 3.04734487e+000 2.34851786e+002 1.98186037e+000 2.32869925e+002
 3.07876080e+000 8.16744824e+001 1.36452942e+000 8.03099529e+001
 3.11017673e+000 1.16810447e+001 7.04386497e-001 1.09766582e+001
 3.14159265e+000 3.60538945e-013 2.83382392e-015 3.57705121e-013
