 0.00000000e+000 0.00000000e+000 0.00000000e+000 0.00000000e+000
 3.14159265e-002 5.79075825e-002 3.24132214e-002 2.54943611e-002
 6.28318531e-002 1.12172695e-001 6.68623449e-002 4.53103502e-002
 9.42477796e-002 1.59970593e-001 1.03409224e-001 5.65613691e-002
 1.25663706e-001 1.99936323e-001 1.42115451e-001 5.78208714e-002
 1.57079633e-001 2.32493606e-001 1.83042214e-001 4.94513929e-002
 1.88495559e-001 2.59800995e-001 2.26250143e-001 3.35508520e-002
 2.19911486e-001 2.85328641e-001 2.71799158e-001 1.35294826e-002
 2.51327412e-001 3.13158839e-001 3.19748292e-001 6.58945296e-003
 2.82743339e-001 3.47162767e-001 3.70155520e-001 2.29927532e-002
 3.14159265e-001 3.90231692e-001 4.23077568e-001 3.28458762e-002
 3.45575192e-001 4.43727898e-001 4.78569719e-001 3.48418216e-002
 3.76991118e-001 5.07271527e-001 5.36685605e-001 2.94140786e-002
 4.08407045e-001 5.78905460e-001 5.97476992e-001 1.85715328e-002
 4.39822972e-001 6.55597442e-001 6.60993554e-001 5.39611212e-003
 4.71238898e-001 7.33965214e-001 7.27282634e-001 6.68257951e-003
 5.02654825e-001 8.11062415e-001 7.96388999e-001 1.46734164e-002
 5.34070751e-001 8.85050996e-001 8.68354578e-001 1.66964180e-002
 5.65486678e-001 9.55612227e-001 9.43218198e-001 1.23940288e-002
 5.96902604e-001 1.02400726e+000 1.02101530e+000 2.99195627e-003
 6.28318531e-001 1.09277639e+000 1.10177764e+000 9.00125231e-003
 6.59734457e-001 1.16514660e+000 1.18553302e+000 2.03864206e-002
 6.91150384e-001 1.24428127e+000 1.27230491e+000 2.80236358e-002
 7.22566310e-001 1.33254119e+000 1.36211218e+000 2.95709943e-002
 7.53982237e-001 1.43092259e+000 1.45496874e+000 2.40461508e-002
 7.85398163e-001 1.53879898e+000 1.55088320e+000 1.20842206e-002
 8.16814090e-001 1.65402530e+000 1.64985847e+000 4.16682995e-003
 8.48230016e-001 1.77338303e+000 1.75189144e+000 2.14915902e-002
 8.79645943e-001 1.89326853e+000 1.85697256e+000 3.62959711e-002
 9.11061870e-001 2.01047324e+000 1.96508546e+000 4.53877821e-002
 9.42477796e-001 2.12288355e+000 2.07620652e+000 4.66770302e-002
 9.73893723e-001 2.22994587e+000 2.19030447e+000 3.96413943e-002
 1.00530965e+000 2.33279400e+000 2.30733996e+000 2.54540459e-002
 1.03672558e+000 2.43401047e+000 2.42726507e+000 6.74540252e-003
 1.06814150e+000 2.53707393e+000 2.55002291e+000 1.29489846e-002
 1.09955743e+000 2.64561391e+000 2.67554714e+000 2.99332328e-002
 1.13097336e+000 2.76263609e+000 2.80376147e+000 4.11253841e-002
 1.16238928e+000 2.88988719e+000 2.93457919e+000 4.46919988e-002
 1.19380521e+000 3.02749711e+000 3.06790264e+000 4.04055304e-002
 1.22522113e+000 3.17397391e+000 3.20362276e+000 2.96488466e-002
 1.25663706e+000 3.32654876e+000 3.34161850e+000 1.50697445e-002
 1.28805299e+000 3.48179050e+000 3.48175637e+000 3.41358451e-005
 1.31946891e+000 3.63635004e+000 3.62388980e+000 1.24602332e-002
 1.35088484e+000 3.78766682e+000 3.76785871e+000 1.98081054e-002
 1.38230077e+000 3.93447940e+000 3.91348887e+000 2.09905266e-002
 1.41371669e+000 4.07702702e+000 4.06059136e+000 1.64356565e-002
 1.44513262e+000 4.21689969e+000 4.20896203e+000 7.93765978e-003
 1.47654855e+000 4.35657391e+000 4.35838090e+000 1.80699050e-003
 1.50796447e+000 4.49874267e+000 4.50861158e+000 9.86890743e-003
 1.53938040e+000 4.64559526e+000 4.65940072e+000 1.38054616e-002
 1.57079633e+000 4.79821367e+000 4.81047738e+000 1.22637102e-002
 1.60221225e+000 4.95622655e+000 4.96155248e+000 5.32592820e-003
 1.63362818e+000 5.11780257e+000 5.11231819e+000 5.48438264e-003
 1.66504411e+000 5.27998786e+000 5.26244735e+000 1.75405158e-002
 1.69646003e+000 5.43931276e+000 5.41159287e+000 2.77198898e-002
 1.72787596e+000 5.59253028e+000 5.55938719e+000 3.31430923e-002
 1.75929189e+000 5.73731657e+000 5.70544161e+000 3.18749598e-002
 1.79070781e+000 5.87277015e+000 5.84934583e+000 2.34243155e-002
 1.82212374e+000 5.99958996e+000 5.99066728e+000 8.92268077e-003
 1.85353967e+000 6.11988451e+000 6.12895062e+000 9.06610951e-003
 1.88495559e+000 6.23664733e+000 6.26371715e+000 2.70698151e-002
 1.91637152e+000 6.35301152e+000 6.39446431e+000 4.14527918e-002
 1.94778745e+000 6.47144800e+000 6.52066514e+000 4.92171352e-002
 1.97920337e+000 6.59308863e+000 6.64176775e+000 4.86791225e-002
 2.01061930e+000 6.71732981e+000 6.75719486e+000 3.98650491e-002
 2.04203522e+000 6.84181193e+000 6.86634331e+000 2.45313816e-002
 2.07345115e+000 6.96278590e+000 6.96858362e+000 5.79771813e-003
 2.10486708e+000 7.07579071e+000 7.06325955e+000 1.25311600e-002
 2.13628300e+000 7.17649338e+000 7.14968773e+000 2.68056432e-002
 2.16769893e+000 7.26150286e+000 7.22715726e+000 3.43455977e-002
 2.19911486e+000 7.32897159e+000 7.29492939e+000 3.40422076e-002
 2.23053078e+000 7.37884267e+000 7.35223721e+000 2.66054615e-002
 2.26194671e+000 7.41267871e+000 7.39828542e+000 1.43932927e-002
 2.29336264e+000 7.43310289e+000 7.43225005e+000 8.52839570e-004
 2.32477856e+000 7.44297267e+000 7.45327834e+000 1.03056648e-002
 2.35619449e+000 7.44447179e+000 7.46048854e+000 1.60167470e-002
 2.38761042e+000 7.43833097e+000 7.45296991e+000 1.46389410e-002
 2.41902634e+000 7.42336505e+000 7.42978262e+000 6.41756712e-003
 2.45044227e+000 7.39644850e+000 7.38995783e+000 6.49066890e-003
 2.48185820e+000 7.35295436e+000 7.33249776e+000 2.04565985e-002
 2.51327412e+000 7.28757625e+000 7.25637583e+000 3.12004111e-002
 2.54469005e+000 7.19536056e+000 7.16053693e+000 3.48236343e-002
 2.57610598e+000 7.07271911e+000 7.04389766e+000 2.88214479e-002
 2.60752190e+000 6.91818440e+000 6.90534676e+000 1.28376417e-002
 2.63893783e+000 6.73271523e+000 6.74374551e+000 1.10302805e-002
 2.67035376e+000 6.51945059e+000 6.55792832e+000 3.84777361e-002
 2.70176968e+000 6.28292818e+000 6.34670335e+000 6.37751712e-002
 2.73318561e+000 6.02790497e+000 6.10885319e+000 8.09482192e-002
 2.76460154e+000 5.75801526e+000 5.84313575e+000 8.51204825e-002
 2.79601746e+000 5.47455431e+000 5.54828513e+000 7.37308213e-002
 2.82743339e+000 5.17566966e+000 5.22301271e+000 4.73430480e-002
 2.85884931e+000 4.85617620e+000 4.86600825e+000 9.83204692e-003
 2.89026524e+000 4.50809578e+000 4.47594118e+000 3.21545953e-002
 2.92168117e+000 4.12188018e+000 4.05146201e+000 7.04181665e-002
 2.95309709e+000 3.68813498e+000 3.59120382e+000 9.69311658e-002
 2.98451302e+000 3.19955061e+000 3.09378392e+000 1.05766688e-001
 3.01592895e+000 2.65268903e+000 2.55780566e+000 9.48833702e-002
 3.04734487e+000 2.04928384e+000 1.98186037e+000 6.74234740e-002
 3.07876080e+000 1.39678722e+000 1.36452942e+000 3.22578066e-002
 3.11017673e+000 7.08027496e-001 7.04386497e-001 3.64099936e-003
 3.14159265e+000 3.48832790e-015 2.83382392e-015 6.54503976e-016
