 0.00000000e+000 0.00000000e+000 0.00000000e+000 0.00000000e+000
 3.14159265e-002 5.72259436e-002 3.24132214e-002 2.48127222e-002
 6.28318531e-002 1.08068693e-001 6.68623449e-002 4.12063479e-002
 9.42477796e-002 1.50100039e-001 1.03409224e-001 4.66908144e-002
 1.25663706e-001 1.86453885e-001 1.42115451e-001 4.43384336e-002
 1.57079633e-001 2.24126694e-001 1.83042214e-001 4.10844808e-002
 1.88495559e-001 2.69970131e-001 2.26250143e-001 4.37199881e-002
 2.19911486e-001 3.26744583e-001 2.71799158e-001 5.49454253e-002
 2.51327412e-001 3.91574114e-001 3.19748292e-001 7.18258219e-002
 2.82743339e-001 4.57732009e-001 3.70155520e-001 8.75764887e-002
 3.14159265e-001 5.18722445e-001 4.23077568e-001 9.56448772e-002
 3.45575192e-001 5.72265382e-001 4.78569719e-001 9.36956632e-002
 3.76991118e-001 6.21839740e-001 5.36685605e-001 8.51541344e-002
 4.08407045e-001 6.74867255e-001 5.97476992e-001 7.73902628e-002
 4.39822972e-001 7.38586660e-001 6.60993554e-001 7.75931060e-002
 4.71238898e-001 8.16018504e-001 7.27282634e-001 8.87358697e-002
 5.02654825e-001 9.04362624e-001 7.96388999e-001 1.07973625e-001
 5.34070751e-001 9.96740515e-001 8.68354578e-001 1.28385937e-001
 5.65486678e-001 1.08623745e+000 9.43218198e-001 1.43019257e-001
 5.96902604e-001 1.16986539e+000 1.02101530e+000 1.48850095e-001
 6.28318531e-001 1.25013727e+000 1.10177764e+000 1.48359627e-001
 6.59734457e-001 1.33336760e+000 1.18553302e+000 1.47834586e-001
 6.91150384e-001 1.42574685e+000 1.27230491e+000 1.53441945e-001
 7.22566310e-001 1.52953746e+000 1.36211218e+000 1.67425282e-001
 7.53982237e-001 1.64164570e+000 1.45496874e+000 1.86676956e-001
 7.85398163e-001 1.75540040e+000 1.55088320e+000 2.04517200e-001
 8.16814090e-001 1.86446650e+000 1.64985847e+000 2.14608028e-001
 8.48230016e-001 1.96656567e+000 1.75189144e+000 2.14674231e-001
 8.79645943e-001 2.06480641e+000 1.85697256e+000 2.07833849e-001
 9.11061870e-001 2.16585573e+000 1.96508546e+000 2.00770268e-001
 9.42477796e-001 2.27605869e+000 2.07620652e+000 1.99852173e-001
 9.73893723e-001 2.39781657e+000 2.19030447e+000 2.07512095e-001
 1.00530965e+000 2.52835899e+000 2.30733996e+000 2.21019038e-001
 1.03672558e+000 2.66160350e+000 2.42726507e+000 2.34338432e-001
 1.06814150e+000 2.79195194e+000 2.55002291e+000 2.41929030e-001
 1.09955743e+000 2.91772851e+000 2.67554714e+000 2.42181370e-001
 1.13097336e+000 3.04219639e+000 2.80376147e+000 2.38434911e-001
 1.16238928e+000 3.17155442e+000 2.93457919e+000 2.36975234e-001
 1.19380521e+000 3.31113088e+000 3.06790264e+000 2.43228241e-001
 1.22522113e+000 3.46207003e+000 3.20362276e+000 2.58447274e-001
 1.25663706e+000 3.62050573e+000 3.34161850e+000 2.78887230e-001
 1.28805299e+000 3.77971769e+000 3.48175637e+000 2.97961328e-001
 1.31946891e+000 3.93397242e+000 3.62388980e+000 3.10082610e-001
 1.35088484e+000 4.08174033e+000 3.76785871e+000 3.13881612e-001
 1.38230077e+000 4.22636034e+000 3.91348887e+000 3.12871472e-001
 1.41371669e+000 4.37376506e+000 4.06059136e+000 3.13173698e-001
 1.44513262e+000 4.52865542e+000 4.20896203e+000 3.19693392e-001
 1.47654855e+000 4.69145160e+000 4.35838090e+000 3.33070704e-001
 1.50796447e+000 4.85787818e+000 4.50861158e+000 3.49266603e-001
 1.53938040e+000 5.02144504e+000 4.65940072e+000 3.62044325e-001
 1.57079633e+000 5.17732258e+000 4.81047738e+000 3.66845199e-001
 1.60221225e+000 5.32524971e+000 4.96155248e+000 3.63697234e-001
 1.63362818e+000 5.46968372e+000 5.11231819e+000 3.57365530e-001
 1.66504411e+000 5.61706725e+000 5.26244735e+000 3.54619902e-001
 1.69646003e+000 5.77184627e+000 5.41159287e+000 3.60253395e-001
 1.72787596e+000 5.93365283e+000 5.55938719e+000 3.74265641e-001
 1.75929189e+000 6.09738212e+000 5.70544161e+000 3.91940502e-001
 1.79070781e+000 6.25614304e+000 5.84934583e+000 4.06797213e-001
 1.82212374e+000 6.40530006e+000 5.99066728e+000 4.14632775e-001
 1.85353967e+000 6.54512823e+000 6.12895062e+000 4.16177619e-001
 1.88495559e+000 6.68041745e+000 6.26371715e+000 4.16700302e-001
 1.91637152e+000 6.81721299e+000 6.39446431e+000 4.22748680e-001
 1.94778745e+000 6.95865386e+000 6.52066514e+000 4.37988722e-001
 1.97920337e+000 7.10247431e+000 6.64176775e+000 4.60706562e-001
 2.01061930e+000 7.24177038e+000 6.75719486e+000 4.84575520e-001
 2.04203522e+000 7.36865520e+000 6.86634331e+000 5.02311890e-001
 2.07345115e+000 7.47862618e+000 6.96858362e+000 5.10042557e-001
 2.10486708e+000 7.57295906e+000 7.06325955e+000 5.09699504e-001
 2.13628300e+000 7.65758184e+000 7.14968773e+000 5.07894110e-001
 2.16769893e+000 7.73901588e+000 7.22715726e+000 5.11858622e-001
 2.19911486e+000 7.81981765e+000 7.29492939e+000 5.24888262e-001
 2.23053078e+000 7.89635925e+000 7.35223721e+000 5.44122040e-001
 2.26194671e+000 7.96044155e+000 7.39828542e+000 5.62156130e-001
 2.29336264e+000 8.00390076e+000 7.43225005e+000 5.71650702e-001
 2.32477856e+000 8.02345107e+000 7.45327834e+000 5.70172737e-001
 2.35619449e+000 8.02271289e+000 7.46048854e+000 5.62224353e-001
 2.38761042e+000 8.00997260e+000 7.45296991e+000 5.57002698e-001
 2.41902634e+000 7.99281531e+000 7.42978262e+000 5.63032690e-001
 2.45044227e+000 7.97280930e+000 7.38995783e+000 5.82851463e-001
 2.48185820e+000 7.94360063e+000 7.33249776e+000 6.11102869e-001
 2.51327412e+000 7.89386735e+000 7.25637583e+000 6.37491519e-001
 2.54469005e+000 7.81363043e+000 7.16053693e+000 6.53093498e-001
 2.57610598e+000 7.70018184e+000 7.04389766e+000 6.56284180e-001
 2.60752190e+000 7.55981182e+000 6.90534676e+000 6.54465065e-001
 2.63893783e+000 7.40381894e+000 6.74374551e+000 6.60073434e-001
 2.67035376e+000 7.24074745e+000 6.55792832e+000 6.82819129e-001
 2.70176968e+000 7.06938345e+000 6.34670335e+000 7.22680107e-001
 2.73318561e+000 6.87708125e+000 6.10885319e+000 7.68228060e-001
 2.76460154e+000 6.64520416e+000 5.84313575e+000 8.02068417e-001
 2.79601746e+000 6.35925157e+000 5.54828513e+000 8.10966436e-001
 2.82743339e+000 6.01799542e+000 5.22301271e+000 7.94982709e-001
 2.85884931e+000 5.63571798e+000 4.86600825e+000 7.69709729e-001
 2.89026524e+000 5.23490982e+000 4.47594118e+000 7.58968635e-001
 2.92168117e+000 4.83204967e+000 4.05146201e+000 7.80587661e-001
 2.95309709e+000 4.42354686e+000 3.59120382e+000 8.32343038e-001
 2.98451302e+000 3.97997224e+000 3.09378392e+000 8.86188323e-001
 3.01592895e+000 3.45339047e+000 2.55780566e+000 8.95584808e-001
 3.04734487e+000 2.79630574e+000 1.98186037e+000 8.14445376e-001
 3.07876080e+000 1.98454389e+000 1.36452942e+000 6.20014470e-001
 3.11017673e+000 1.03357288e+000 7.04386497e-001 3.29186378e-001
 3.14159265e+000 1.18449544e-015 2.83382392e-015 1.64932848e-015
