 0.00000000e+000 0.00000000e+000 0.00000000e+000 0.00000000e+000
 3.14159265e-002 2.35616267e-002 3.24132214e-002 8.85159464e-003
 6.28318531e-002 4.87212386e-002 6.68623449e-002 1.81411063e-002
 9.42477796e-002 7.69518470e-002 1.03409224e-001 2.64573773e-002
 1.25663706e-001 1.09488374e-001 1.42115451e-001 3.26270771e-002
 1.57079633e-001 1.47237096e-001 1.83042214e-001 3.58051178e-002
 1.88495559e-001 1.90716129e-001 2.26250143e-001 3.55340139e-002
 2.19911486e-001 2.40032430e-001 2.71799158e-001 3.17667278e-002
 2.51327412e-001 2.94897187e-001 3.19748292e-001 2.48511052e-002
 2.82743339e-001 3.54677776e-001 3.70155520e-001 1.54777443e-002
 3.14159265e-001 4.18480887e-001 4.23077568e-001 4.59668130e-003
 3.45575192e-001 4.85258436e-001 4.78569719e-001 6.68871682e-003
 3.76991118e-001 5.53925709e-001 5.36685605e-001 1.72401040e-002
 4.08407045e-001 6.23480076e-001 5.97476992e-001 2.60030832e-002
 4.39822972e-001 6.93108640e-001 6.60993554e-001 3.21150854e-002
 4.71238898e-001 7.62274398e-001 7.27282634e-001 3.49917636e-002
 5.02654825e-001 8.30772676e-001 7.96388999e-001 3.43836771e-002
 5.34070751e-001 8.98752637e-001 8.68354578e-001 3.03980586e-002
 5.65486678e-001 9.66702170e-001 9.43218198e-001 2.34839724e-002
 5.96902604e-001 1.03539813e+000 1.02101530e+000 1.43828289e-002
 6.28318531e-001 1.10582731e+000 1.10177764e+000 4.04966721e-003
 6.59734457e-001 1.17908651e+000 1.18553302e+000 6.44650614e-003
 6.91150384e-001 1.25627191e+000 1.27230491e+000 1.60329997e-002
 7.22566310e-001 1.33836914e+000 1.36211218e+000 2.37430351e-002
 7.53982237e-001 1.42615523e+000 1.45496874e+000 2.88135126e-002
 7.85398163e-001 1.52012212e+000 1.55088320e+000 3.07610781e-002
 8.16814090e-001 1.62042957e+000 1.64985847e+000 2.94288947e-002
 8.48230016e-001 1.72689189e+000 1.75189144e+000 2.49995503e-002
 8.79645943e-001 1.83899955e+000 1.85697256e+000 1.79730109e-002
 9.11061870e-001 1.95597336e+000 1.96508546e+000 9.11210021e-003
 9.42477796e-001 2.07684523e+000 2.07620652e+000 6.38704451e-004
 9.73893723e-001 2.20055714e+000 2.19030447e+000 1.02526645e-002
 1.00530965e+000 2.32606799e+000 2.30733996e+000 1.87280329e-002
 1.03672558e+000 2.45245713e+000 2.42726507e+000 2.51920693e-002
 1.06814150e+000 2.57901400e+000 2.55002291e+000 2.89910830e-002
 1.09955743e+000 2.70530438e+000 2.67554714e+000 2.97572376e-002
 1.13097336e+000 2.83120674e+000 2.80376147e+000 2.74452632e-002
 1.16238928e+000 2.95691453e+000 2.93457919e+000 2.23353440e-002
 1.19380521e+000 3.08290459e+000 3.06790264e+000 1.50019496e-002
 1.22522113e+000 3.20987466e+000 3.20362276e+000 6.25190759e-003
 1.25663706e+000 3.33865671e+000 3.34161850e+000 2.96178981e-003
 1.28805299e+000 3.47011494e+000 3.48175637e+000 1.16414283e-002
 1.31946891e+000 3.60503916e+000 3.62388980e+000 1.88506422e-002
 1.35088484e+000 3.74404473e+000 3.76785871e+000 2.38139892e-002
 1.38230077e+000 3.88748932e+000 3.91348887e+000 2.59995494e-002
 1.41371669e+000 4.03541555e+000 4.06059136e+000 2.51758073e-002
 1.44513262e+000 4.18752530e+000 4.20896203e+000 2.14367294e-002
 1.47654855e+000 4.34318865e+000 4.35838090e+000 1.51922519e-002
 1.50796447e+000 4.50148657e+000 4.50861158e+000 7.12500984e-003
 1.53938040e+000 4.66128303e+000 4.65940072e+000 1.88230881e-003
 1.57079633e+000 4.82131886e+000 4.81047738e+000 1.08414749e-002
 1.60221225e+000 4.98031770e+000 4.96155248e+000 1.87652176e-002
 1.63362818e+000 5.13709267e+000 5.11231819e+000 2.47744760e-002
 1.66504411e+000 5.29064232e+000 5.26244735e+000 2.81949701e-002
 1.69646003e+000 5.44022553e+000 5.41159287e+000 2.86326579e-002
 1.72787596e+000 5.58540694e+000 5.55938719e+000 2.60197503e-002
 1.75929189e+000 5.72606758e+000 5.70544161e+000 2.06259621e-002
 1.79070781e+000 5.86237912e+000 5.84934583e+000 1.30332910e-002
 1.82212374e+000 5.99474374e+000 5.99066728e+000 4.07645662e-003
 1.85353967e+000 6.12370544e+000 6.12895062e+000 5.24517445e-003
 1.88495559e+000 6.24984193e+000 6.26371715e+000 1.38752191e-002
 1.91637152e+000 6.37364807e+000 6.39446431e+000 2.08162418e-002
 1.94778745e+000 6.49542343e+000 6.52066514e+000 2.52417096e-002
 1.97920337e+000 6.61517600e+000 6.64176775e+000 2.65917457e-002
 2.01061930e+000 6.73255294e+000 6.75719486e+000 2.46419243e-002
 2.04203522e+000 6.84680636e+000 6.86634331e+000 1.95369514e-002
 2.07345115e+000 6.95679902e+000 6.96858362e+000 1.17846037e-002
 2.10486708e+000 7.06105015e+000 7.06325955e+000 2.20940214e-003
 2.13628300e+000 7.15781795e+000 7.14968773e+000 8.13022046e-003
 2.16769893e+000 7.24521074e+000 7.22715726e+000 1.80534847e-002
 2.19911486e+000 7.32131585e+000 7.29492939e+000 2.63864607e-002
 2.23053078e+000 7.38433272e+000 7.35223721e+000 3.20955122e-002
 2.26194671e+000 7.43269606e+000 7.39828542e+000 3.44106421e-002
 2.29336264e+000 7.46517494e+000 7.43225005e+000 3.29248865e-002
 2.32477856e+000 7.48093619e+000 7.45327834e+000 2.76578557e-002
 2.35619449e+000 7.47956332e+000 7.46048854e+000 1.90747793e-002
 2.38761042e+000 7.46102661e+000 7.45296991e+000 8.05670771e-003
 2.41902634e+000 7.42560507e+000 7.42978262e+000 4.17755332e-003
 2.45044227e+000 7.37376574e+000 7.38995783e+000 1.61920972e-002
 2.48185820e+000 7.30601105e+000 7.33249776e+000 2.64867146e-002
 2.51327412e+000 7.22270841e+000 7.25637583e+000 3.36674286e-002
 2.54469005e+000 7.12391930e+000 7.16053693e+000 3.66176340e-002
 2.57610598e+000 7.00924614e+000 7.04389766e+000 3.46515220e-002
 2.60752190e+000 6.87771475e+000 6.90534676e+000 2.76320055e-002
 2.63893783e+000 6.72770787e+000 6.74374551e+000 1.60376328e-002
 2.67035376e+000 6.55696149e+000 6.55792832e+000 9.66834719e-004
 2.70176968e+000 6.36263035e+000 6.34670335e+000 1.59270035e-002
 2.73318561e+000 6.14142334e+000 6.10885319e+000 3.25701489e-002
 2.76460154e+000 5.88980273e+000 5.84313575e+000 4.66669796e-002
 2.79601746e+000 5.60423549e+000 5.54828513e+000 5.59503639e-002
 2.82743339e+000 5.28147944e+000 5.22301271e+000 5.84667327e-002
 2.85884931e+000 4.91888286e+000 4.86600825e+000 5.28746155e-002
 2.89026524e+000 4.51467429e+000 4.47594118e+000 3.87331128e-002
 2.92168117e+000 4.06821844e+000 4.05146201e+000 1.67564295e-002
 2.95309709e+000 3.58021610e+000 3.59120382e+000 1.09877125e-002
 2.98451302e+000 3.05282958e+000 3.09378392e+000 4.09543409e-002
 3.01592895e+000 2.48972022e+000 2.55780566e+000 6.80854366e-002
 3.04734487e+000 1.89599157e+000 1.98186037e+000 8.58687978e-002
 3.07876080e+000 1.27803838e+000 1.36452942e+000 8.64910398e-002
 3.11017673e+000 6.43309622e-001 7.04386497e-001 6.10768749e-002
 3.14159265e+000 3.08240275e-015 2.83382392e-015 2.48578827e-016
