 0.00000000e+000 0.00000000e+000 0.00000000e+000 0.00000000e+000
 3.14159265e-002 5.34655490e-002 3.24132214e-002 2.10523277e-002
 6.28318531e-002 1.06759217e-001 6.68623449e-002 3.98968716e-002
 9.42477796e-002 1.59720162e-001 1.03409224e-001 5.63109382e-002
 1.25663706e-001 2.12209286e-001 1.42115451e-001 7.00938346e-002
 1.57079633e-001 2.64119243e-001 1.83042214e-001 8.10770295e-002
 1.88495559e-001 3.15383471e-001 2.26250143e-001 8.91333281e-002
 2.19911486e-001 3.65983932e-001 2.71799158e-001 9.41847739e-002
 2.51327412e-001 4.15957320e-001 3.19748292e-001 9.62090280e-002
 2.82743339e-001 4.65399537e-001 3.70155520e-001 9.52440168e-002
 3.14159265e-001 5.14468261e-001 4.23077568e-001 9.13906930e-002
 3.45575192e-001 5.63383525e-001 4.78569719e-001 8.48138060e-002
 3.76991118e-001 6.12426240e-001 5.36685605e-001 7.57406352e-002
 4.08407045e-001 6.61934694e-001 5.97476992e-001 6.44577011e-002
 4.39822972e-001 7.12299081e-001 6.60993554e-001 5.13055260e-002
 4.71238898e-001 7.63954209e-001 7.27282634e-001 3.66715749e-002
 5.02654825e-001 8.17370558e-001 7.96388999e-001 2.09815591e-002
 5.34070751e-001 8.73043917e-001 8.68354578e-001 4.68933866e-003
 5.65486678e-001 9.31483896e-001 9.43218198e-001 1.17343015e-002
 5.96902604e-001 9.93201610e-001 1.02101530e+000 2.78136887e-002
 6.28318531e-001 1.05869687e+000 1.10177764e+000 4.30807718e-002
 6.59734457e-001 1.12844527e+000 1.18553302e+000 5.70877456e-002
 6.91150384e-001 1.20288548e+000 1.27230491e+000 6.94194223e-002
 7.22566310e-001 1.28240719e+000 1.36211218e+000 7.97049864e-002
 7.53982237e-001 1.36733996e+000 1.45496874e+000 8.76287793e-002
 7.85398163e-001 1.45794341e+000 1.55088320e+000 9.29397839e-002
 8.16814090e-001 1.55439896e+000 1.64985847e+000 9.54595082e-002
 8.48230016e-001 1.65680343e+000 1.75189144e+000 9.50880111e-002
 8.79645943e-001 1.76516470e+000 1.85697256e+000 9.18078580e-002
 9.11061870e-001 1.87939961e+000 1.96508546e+000 8.56858513e-002
 9.42477796e-001 1.99933408e+000 2.07620652e+000 7.68724372e-002
 9.73893723e-001 2.12470572e+000 2.19030447e+000 6.55987590e-002
 1.00530965e+000 2.25516857e+000 2.30733996e+000 5.21713857e-002
 1.03672558e+000 2.39030025e+000 2.42726507e+000 3.69648167e-002
 1.06814150e+000 2.52961099e+000 2.55002291e+000 2.04119218e-002
 1.09955743e+000 2.67255460e+000 2.67554714e+000 2.99254091e-003
 1.13097336e+000 2.81854095e+000 2.80376147e+000 1.47794793e-002
 1.16238928e+000 2.96694967e+000 2.93457919e+000 3.23704847e-002
 1.19380521e+000 3.11714472e+000 3.06790264e+000 4.92420804e-002
 1.22522113e+000 3.26848942e+000 3.20362276e+000 6.48666633e-002
 1.25663706e+000 3.42036150e+000 3.34161850e+000 7.87430003e-002
 1.28805299e+000 3.57216778e+000 3.48175637e+000 9.04114170e-002
 1.31946891e+000 3.72335797e+000 3.62388980e+000 9.94681658e-002
 1.35088484e+000 3.87343727e+000 3.76785871e+000 1.05578552e-001
 1.38230077e+000 4.02197729e+000 3.91348887e+000 1.08488424e-001
 1.41371669e+000 4.16862502e+000 4.06059136e+000 1.08033657e-001
 1.44513262e+000 4.31310936e+000 4.20896203e+000 1.04147331e-001
 1.47654855e+000 4.45524522e+000 4.35838090e+000 9.68643197e-002
 1.50796447e+000 4.59493469e+000 4.50861158e+000 8.63231097e-002
 1.53938040e+000 4.73216543e+000 4.65940072e+000 7.27647088e-002
 1.57079633e+000 4.86700598e+000 4.81047738e+000 5.65285944e-002
 1.60221225e+000 4.99959821e+000 4.96155248e+000 3.80457248e-002
 1.63362818e+000 5.13014690e+000 5.11231819e+000 1.78287137e-002
 1.66504411e+000 5.25890670e+000 5.26244735e+000 3.54064754e-003
 1.69646003e+000 5.38616661e+000 5.41159287e+000 2.54262650e-002
 1.72787596e+000 5.51223250e+000 5.55938719e+000 4.71546829e-002
 1.75929189e+000 5.63740792e+000 5.70544161e+000 6.80336991e-002
 1.79070781e+000 5.76197363e+000 5.84934583e+000 8.73722006e-002
 1.82212374e+000 5.88616656e+000 5.99066728e+000 1.04500726e-001
 1.85353967e+000 6.01015840e+000 6.12895062e+000 1.18792217e-001
 1.88495559e+000 6.13403474e+000 6.26371715e+000 1.29682406e-001
 1.91637152e+000 6.25777504e+000 6.39446431e+000 1.36689271e-001
 1.94778745e+000 6.38123415e+000 6.52066514e+000 1.39430992e-001
 1.97920337e+000 6.50412588e+000 6.64176775e+000 1.37641874e-001
 2.01061930e+000 6.62600916e+000 6.75719486e+000 1.31185700e-001
 2.04203522e+000 6.74627724e+000 6.86634331e+000 1.20066069e-001
 2.07345115e+000 6.86415033e+000 6.96858362e+000 1.04433291e-001
 2.10486708e+000 6.97867207e+000 7.06325955e+000 8.45874851e-002
 2.13628300e+000 7.08871009e+000 7.14968773e+000 6.09776413e-002
 2.16769893e+000 7.19296082e+000 7.22715726e+000 3.41964337e-002
 2.19911486e+000 7.28995867e+000 7.29492939e+000 4.97071920e-003
 2.23053078e+000 7.37808949e+000 7.35223721e+000 2.58522780e-002
 2.26194671e+000 7.45560841e+000 7.39828542e+000 5.73229855e-002
 2.29336264e+000 7.52066155e+000 7.43225005e+000 8.84114961e-002
 2.32477856e+000 7.57131161e+000 7.45327834e+000 1.18033271e-001
 2.35619449e+000 7.60556667e+000 7.46048854e+000 1.45078132e-001
 2.38761042e+000 7.62141197e+000 7.45296991e+000 1.68442066e-001
 2.41902634e+000 7.61684389e+000 7.42978262e+000 1.87061275e-001
 2.45044227e+000 7.58990568e+000 7.38995783e+000 1.99947845e-001
 2.48185820e+000 7.53872413e+000 7.33249776e+000 2.06226367e-001
 2.51327412e+000 7.46154661e+000 7.25637583e+000 2.05170774e-001
 2.54469005e+000 7.35677760e+000 7.16053693e+000 1.96240669e-001
 2.57610598e+000 7.22301404e+000 7.04389766e+000 1.79116378e-001
 2.60752190e+000 7.05907875e+000 6.90534676e+000 1.53731995e-001
 2.63893783e+000 6.86405120e+000 6.74374551e+000 1.20305694e-001
 2.67035376e+000 6.63729495e+000 6.55792832e+000 7.93666281e-002
 2.70176968e+000 6.37848114e+000 6.34670335e+000 3.17777897e-002
 2.73318561e+000 6.08760747e+000 6.10885319e+000 2.12457229e-002
 2.76460154e+000 5.76501223e+000 5.84313575e+000 7.81235114e-002
 2.79601746e+000 5.41138299e+000 5.54828513e+000 1.36902136e-001
 2.82743339e+000 5.02775960e+000 5.22301271e+000 1.95253108e-001
 2.85884931e+000 4.61553146e+000 4.86600825e+000 2.50476791e-001
 2.89026524e+000 4.17642892e+000 4.47594118e+000 2.99512263e-001
 2.92168117e+000 3.71250892e+000 4.05146201e+000 3.38953093e-001
 2.95309709e+000 3.22613497e+000 3.59120382e+000 3.65068844e-001
 2.98451302e+000 2.71995188e+000 3.09378392e+000 3.73832036e-001
 3.01592895e+000 2.19685551e+000 2.55780566e+000 3.60950154e-001
 3.04734487e+000 1.65995813e+000 1.98186037e+000 3.21902233e-001
 3.07876080e+000 1.11255001e+000 1.36452942e+000 2.51979411e-001
 3.11017673e+000 5.58057688e-001 7.04386497e-001 1.46328809e-001
 3.14159265e+000 2.57553831e-015 2.83382392e-015 2.58285608e-016
