 0.00000000e+000 0.00000000e+000 0.00000000e+000 0.00000000e+000
 3.14159265e-002 2.68054977e-002 3.24132214e-002 5.60772371e-003
 6.28318531e-002 5.69551338e-002 6.68623449e-002 9.90721113e-003
 9.42477796e-002 9.27788176e-002 1.03409224e-001 1.06304067e-002
 1.25663706e-001 1.34940270e-001 1.42115451e-001 7.17518168e-003
 1.57079633e-001 1.82375786e-001 1.83042214e-001 6.66427965e-004
 1.88495559e-001 2.32834768e-001 2.26250143e-001 6.58462444e-003
 2.19911486e-001 2.83813489e-001 2.71799158e-001 1.20143307e-002
 2.51327412e-001 3.33533618e-001 3.19748292e-001 1.37853258e-002
 2.82743339e-001 3.81608114e-001 3.70155520e-001 1.14525938e-002
 3.14159265e-001 4.29160889e-001 4.23077568e-001 6.08332115e-003
 3.45575192e-001 4.78375023e-001 4.78569719e-001 1.94695826e-004
 3.76991118e-001 5.31657765e-001 5.36685605e-001 5.02784041e-003
 4.08407045e-001 5.90748846e-001 5.97476992e-001 6.72814654e-003
 4.39822972e-001 6.56110894e-001 6.60993554e-001 4.88266095e-003
 4.71238898e-001 7.26824698e-001 7.27282634e-001 4.57936635e-004
 5.02654825e-001 8.01014206e-001 7.96388999e-001 4.62520693e-003
 5.34070751e-001 8.76623209e-001 8.68354578e-001 8.26863115e-003
 5.65486678e-001 9.52235377e-001 9.43218198e-001 9.01717916e-003
 5.96902604e-001 1.02762007e+000 1.02101530e+000 6.60476931e-003
 6.28318531e-001 1.10379961e+000 1.10177764e+000 2.02196365e-003
 6.59734457e-001 1.18262361e+000 1.18553302e+000 2.90941210e-003
 6.91150384e-001 1.26602776e+000 1.27230491e+000 6.27715052e-003
 7.22566310e-001 1.35527405e+000 1.36211218e+000 6.83813042e-003
 7.53982237e-001 1.45047106e+000 1.45496874e+000 4.49768584e-003
 7.85398163e-001 1.55055807e+000 1.55088320e+000 3.25126674e-004
 8.16814090e-001 1.65375158e+000 1.64985847e+000 3.89311657e-003
 8.48230016e-001 1.75827050e+000 1.75189144e+000 6.37906017e-003
 8.79645943e-001 1.86304857e+000 1.85697256e+000 6.07601032e-003
 9.11061870e-001 1.96815094e+000 1.96508546e+000 3.06548219e-003
 9.42477796e-001 2.07473151e+000 2.07620652e+000 1.47501347e-003
 9.73893723e-001 2.18455156e+000 2.19030447e+000 5.75291310e-003
 1.00530965e+000 2.29925443e+000 2.30733996e+000 8.08552168e-003
 1.03672558e+000 2.41968711e+000 2.42726507e+000 7.57795659e-003
 1.06814150e+000 2.54554003e+000 2.55002291e+000 4.48288271e-003
 1.09955743e+000 2.67544879e+000 2.67554714e+000 9.83510912e-005
 1.13097336e+000 2.80751680e+000 2.80376147e+000 3.75532729e-003
 1.16238928e+000 2.94004956e+000 2.93457919e+000 5.47037194e-003
 1.19380521e+000 3.07220615e+000 3.06790264e+000 4.30351256e-003
 1.22522113e+000 3.20430554e+000 3.20362276e+000 6.82786884e-004
 1.25663706e+000 3.33766231e+000 3.34161850e+000 3.95619476e-003
 1.28805299e+000 3.47401435e+000 3.48175637e+000 7.74201546e-003
 1.31946891e+000 3.61476917e+000 3.62388980e+000 9.12063015e-003
 1.35088484e+000 3.76037014e+000 3.76785871e+000 7.48857101e-003
 1.38230077e+000 3.91003893e+000 3.91348887e+000 3.44993908e-003
 1.41371669e+000 4.06200226e+000 4.06059136e+000 1.41089835e-003
 1.44513262e+000 4.21411790e+000 4.20896203e+000 5.15587142e-003
 1.47654855e+000 4.36465341e+000 4.35838090e+000 6.27251804e-003
 1.50796447e+000 4.51290614e+000 4.50861158e+000 4.29456194e-003
 1.53938040e+000 4.65941182e+000 4.65940072e+000 1.11001745e-005
 1.57079633e+000 4.80565006e+000 4.81047738e+000 4.82731719e-003
 1.60221225e+000 4.95335544e+000 4.96155248e+000 8.19703946e-003
 1.63362818e+000 5.10370324e+000 5.11231819e+000 8.61495273e-003
 1.66504411e+000 5.25669484e+000 5.26244735e+000 5.75250617e-003
 1.69646003e+000 5.41099443e+000 5.41159287e+000 5.98444739e-004
 1.72787596e+000 5.56429311e+000 5.55938719e+000 4.90592687e-003
 1.75929189e+000 5.71406686e+000 5.70544161e+000 8.62524628e-003
 1.79070781e+000 5.85843325e+000 5.84934583e+000 9.08742059e-003
 1.82212374e+000 5.99676496e+000 5.99066728e+000 6.09768062e-003
 1.85353967e+000 6.12980633e+000 6.12895062e+000 8.55715609e-004
 1.88495559e+000 6.25923155e+000 6.26371715e+000 4.48560133e-003
 1.91637152e+000 6.38680487e+000 6.39446431e+000 7.65943701e-003
 1.94778745e+000 6.51346755e+000 6.52066514e+000 7.19759279e-003
 1.97920337e+000 6.63871519e+000 6.64176775e+000 3.05255747e-003
 2.01061930e+000 6.76052507e+000 6.75719486e+000 3.33021018e-003
 2.04203522e+000 6.87588098e+000 6.86634331e+000 9.53766739e-003
 2.07345115e+000 6.98170653e+000 6.96858362e+000 1.31229093e-002
 2.10486708e+000 7.07584775e+000 7.06325955e+000 1.25881941e-002
 2.13628300e+000 7.15771337e+000 7.14968773e+000 8.02564086e-003
 2.16769893e+000 7.22830327e+000 7.22715726e+000 1.14601351e-003
 2.19911486e+000 7.28958903e+000 7.29492939e+000 5.34035609e-003
 2.23053078e+000 7.34346742e+000 7.35223721e+000 8.76978804e-003
 2.26194671e+000 7.39068647e+000 7.39828542e+000 7.59895277e-003
 2.29336264e+000 7.43017122e+000 7.43225005e+000 2.07883582e-003
 2.32477856e+000 7.45903599e+000 7.45327834e+000 5.75765435e-003
 2.35619449e+000 7.47330967e+000 7.46048854e+000 1.28211295e-002
 2.38761042e+000 7.46911914e+000 7.45296991e+000 1.61492312e-002
 2.41902634e+000 7.44388241e+000 7.42978262e+000 1.40997927e-002
 2.45044227e+000 7.39703778e+000 7.38995783e+000 7.07994354e-003
 2.48185820e+000 7.32999543e+000 7.33249776e+000 2.50232942e-003
 2.51327412e+000 7.24528956e+000 7.25637583e+000 1.10862712e-002
 2.54469005e+000 7.14522327e+000 7.16053693e+000 1.53136559e-002
 2.57610598e+000 7.03051467e+000 7.04389766e+000 1.33829924e-002
 2.60752190e+000 6.89948039e+000 6.90534676e+000 5.86636834e-003
 2.63893783e+000 6.74811238e+000 6.74374551e+000 4.36686758e-003
 2.67035376e+000 6.57107390e+000 6.55792832e+000 1.31455769e-002
 2.70176968e+000 6.36328138e+000 6.34670335e+000 1.65780316e-002
 2.73318561e+000 6.12148694e+000 6.10885319e+000 1.26337493e-002
 2.76460154e+000 5.84523612e+000 5.84313575e+000 2.10037268e-003
 2.79601746e+000 5.53677434e+000 5.54828513e+000 1.15107915e-002
 2.82743339e+000 5.19985386e+000 5.22301271e+000 2.31588506e-002
 2.85884931e+000 4.83781829e+000 4.86600825e+000 2.81899610e-002
 2.89026524e+000 4.45165748e+000 4.47594118e+000 2.42837001e-002
 2.92168117e+000 4.03880694e+000 4.05146201e+000 1.26550743e-002
 2.95309709e+000 3.59326710e+000 3.59120382e+000 2.06328719e-003
 2.98451302e+000 3.10719381e+000 3.09378392e+000 1.34098899e-002
 3.01592895e+000 2.57359953e+000 2.55780566e+000 1.57938677e-002
 3.04734487e+000 1.98938343e+000 1.98186037e+000 7.52305746e-003
 3.07876080e+000 1.35772798e+000 1.36452942e+000 6.80143863e-003
 3.11017673e+000 6.89036025e-001 7.04386497e-001 1.53504719e-002
 3.14159265e+000 3.35057380e-015 2.83382392e-015 5.16749881e-016
