 0.00000000e+000 0.00000000e+000 0.00000000e+000 0.00000000e+000
 3.14159265e-002 5.38972340e-002 3.24132214e-002 2.14840126e-002
 6.28318531e-002 1.07614450e-001 6.68623449e-002 4.07521052e-002
 9.42477796e-002 1.60982849e-001 1.03409224e-001 5.75736248e-002
 1.25663706e-001 2.13855721e-001 1.42115451e-001 7.17402695e-002
 1.57079633e-001 2.66118628e-001 1.83042214e-001 8.30764142e-002
 1.88495559e-001 3.17698581e-001 2.26250143e-001 9.14484383e-002
 2.19911486e-001 3.68571924e-001 2.71799158e-001 9.67727656e-002
 2.51327412e-001 4.18770654e-001 3.19748292e-001 9.90223622e-002
 2.82743339e-001 4.68387002e-001 3.70155520e-001 9.82314823e-002
 3.14159265e-001 5.17576072e-001 4.23077568e-001 9.44985039e-002
 3.45575192e-001 5.66556466e-001 4.78569719e-001 8.79867474e-002
 3.76991118e-001 6.15608838e-001 5.36685605e-001 7.89232328e-002
 4.08407045e-001 6.65072379e-001 5.97476992e-001 6.75953868e-002
 4.39822972e-001 7.15339328e-001 6.60993554e-001 5.43457734e-002
 4.71238898e-001 7.66847613e-001 7.27282634e-001 3.95649788e-002
 5.02654825e-001 8.20071835e-001 7.96388999e-001 2.36828359e-002
 5.34070751e-001 8.75512802e-001 8.68354578e-001 7.15822359e-003
 5.65486678e-001 9.33685919e-001 9.43218198e-001 9.53227856e-003
 5.96902604e-001 9.95108733e-001 1.02101530e+000 2.59065661e-002
 6.28318531e-001 1.06028797e+000 1.10177764e+000 4.14896715e-002
 6.59734457e-001 1.12970647e+000 1.18553302e+000 5.58265499e-002
 6.91150384e-001 1.20381029e+000 1.27230491e+000 6.84946189e-002
 7.22566310e-001 1.28299650e+000 1.36211218e+000 7.91156833e-002
 7.53982237e-001 1.36760186e+000 1.45496874e+000 8.73668874e-002
 7.85398163e-001 1.45789284e+000 1.55088320e+000 9.29903610e-002
 8.16814090e-001 1.55405721e+000 1.64985847e+000 9.58012557e-002
 8.48230016e-001 1.65619753e+000 1.75189144e+000 9.56939088e-002
 8.79645943e-001 1.76432664e+000 1.85697256e+000 9.26459217e-002
 9.11061870e-001 1.87836547e+000 1.96508546e+000 8.67199925e-002
 9.42477796e-001 1.99814312e+000 2.07620652e+000 7.80634055e-002
 9.73893723e-001 2.12339933e+000 2.19030447e+000 6.69051414e-002
 1.00530965e+000 2.25378932e+000 2.30733996e+000 5.35506404e-002
 1.03672558e+000 2.38889075e+000 2.42726507e+000 3.83743146e-002
 1.06814150e+000 2.52821294e+000 2.55002291e+000 2.18099724e-002
 1.09955743e+000 2.67120777e+000 2.67554714e+000 4.33937673e-003
 1.13097336e+000 2.81728226e+000 2.80376147e+000 1.35207828e-002
 1.16238928e+000 2.96581236e+000 2.93457919e+000 3.12331748e-002
 1.19380521e+000 3.11615764e+000 3.06790264e+000 4.82549970e-002
 1.22522113e+000 3.26767639e+000 3.20362276e+000 6.40536315e-002
 1.25663706e+000 3.41974086e+000 3.34161850e+000 7.81223568e-002
 1.28805299e+000 3.57175205e+000 3.48175637e+000 8.99956818e-002
 1.31946891e+000 3.72315367e+000 3.62388980e+000 9.92638648e-002
 1.35088484e+000 3.87344491e+000 3.76785871e+000 1.05586193e-001
 1.38230077e+000 4.02219150e+000 3.91348887e+000 1.08702625e-001
 1.41371669e+000 4.16903479e+000 4.06059136e+000 1.08443424e-001
 1.44513262e+000 4.31369850e+000 4.20896203e+000 1.04736470e-001
 1.47654855e+000 4.45599288e+000 4.35838090e+000 9.76119808e-002
 1.50796447e+000 4.59581602e+000 4.50861158e+000 8.72044382e-002
 1.53938040e+000 4.73315231e+000 4.65940072e+000 7.37515939e-002
 1.57079633e+000 4.86806787e+000 4.81047738e+000 5.75904909e-002
 1.60221225e+000 5.00070301e+000 4.96155248e+000 3.91505265e-002
 1.63362818e+000 5.13126185e+000 5.11231819e+000 1.89436582e-002
 1.66504411e+000 5.25999928e+000 5.26244735e+000 2.44806895e-003
 1.69646003e+000 5.38720546e+000 5.41159287e+000 2.43874130e-002
 1.72787596e+000 5.51318827e+000 5.55938719e+000 4.61989164e-002
 1.75929189e+000 5.63825403e+000 5.70544161e+000 6.71875817e-002
 1.79070781e+000 5.76268704e+000 5.84934583e+000 8.66587891e-002
 1.82212374e+000 5.88672832e+000 5.99066728e+000 1.03938957e-001
 1.85353967e+000 6.01055421e+000 6.12895062e+000 1.18396406e-001
 1.88495559e+000 6.13425527e+000 6.26371715e+000 1.29461878e-001
 1.91637152e+000 6.25781619e+000 6.39446431e+000 1.36648118e-001
 1.94778745e+000 6.38109716e+000 6.52066514e+000 1.39567978e-001
 1.97920337e+000 6.50381727e+000 6.64176775e+000 1.37950478e-001
 2.01061930e+000 6.62554056e+000 6.75719486e+000 1.31654301e-001
 2.04203522e+000 6.74566504e+000 6.86634331e+000 1.20678270e-001
 2.07345115e+000 6.86341526e+000 6.96858362e+000 1.05168357e-001
 2.10486708e+000 6.97783864e+000 7.06325955e+000 8.54209130e-002
 2.13628300e+000 7.08780592e+000 7.14968773e+000 6.18818150e-002
 2.16769893e+000 7.19201589e+000 7.22715726e+000 3.51413687e-002
 2.19911486e+000 7.28900452e+000 7.29492939e+000 5.92486790e-003
 2.23053078e+000 7.37715839e+000 7.35223721e+000 2.49211785e-002
 2.26194671e+000 7.45473247e+000 7.39828542e+000 5.64470456e-002
 2.29336264e+000 7.51987186e+000 7.43225005e+000 8.76218083e-002
 2.32477856e+000 7.57063740e+000 7.45327834e+000 1.17359069e-001
 2.35619449e+000 7.60503454e+000 7.46048854e+000 1.44545996e-001
 2.38761042e+000 7.62104510e+000 7.45296991e+000 1.68075196e-001
 2.41902634e+000 7.61666146e+000 7.42978262e+000 1.86878845e-001
 2.45044227e+000 7.58992230e+000 7.38995783e+000 1.99964467e-001
 2.48185820e+000 7.53894942e+000 7.33249776e+000 2.06451662e-001
 2.51327412e+000 7.46198491e+000 7.25637583e+000 2.05609076e-001
 2.54469005e+000 7.35742779e+000 7.16053693e+000 1.96890860e-001
 2.57610598e+000 7.22386953e+000 7.04389766e+000 1.79971865e-001
 2.60752190e+000 7.06012758e+000 6.90534676e+000 1.54780824e-001
 2.63893783e+000 6.86527631e+000 6.74374551e+000 1.21530800e-001
 2.67035376e+000 6.63867454e+000 6.55792832e+000 8.07462181e-002
 2.70176968e+000 6.37998920e+000 6.34670335e+000 3.32858478e-002
 2.73318561e+000 6.08921436e+000 6.10885319e+000 1.96388256e-002
 2.76460154e+000 5.76668543e+000 5.84313575e+000 7.64503107e-002
 2.79601746e+000 5.41308784e+000 5.54828513e+000 1.35197294e-001
 2.82743339e+000 5.02946013e+000 5.22301271e+000 1.93552575e-001
 2.85884931e+000 4.61719131e+000 4.86600825e+000 2.48816935e-001
 2.89026524e+000 4.17801220e+000 4.47594118e+000 2.97928985e-001
 2.92168117e+000 3.71398106e+000 4.05146201e+000 3.37480947e-001
 2.95309709e+000 3.22746362e+000 3.59120382e+000 3.63740197e-001
 2.98451302e+000 2.72110765e+000 3.09378392e+000 3.72676270e-001
 3.01592895e+000 2.19781271e+000 2.55780566e+000 3.59992949e-001
 3.04734487e+000 1.66069543e+000 1.98186037e+000 3.21164934e-001
 3.07876080e+000 1.11305091e+000 1.36452942e+000 2.51478504e-001
 3.11017673e+000 5.58310982e-001 7.04386497e-001 1.46075515e-001
 3.14159265e+000 2.57937700e-015 2.83382392e-015 2.54446922e-016
