 0.00000000e+000 0.00000000e+000 0.00000000e+000 0.00000000e+000
 3.14159265e-002 4.46039946e-002 3.24132214e-002 1.21907732e-002
 6.28318531e-002 8.07720419e-002 6.68623449e-002 1.39096970e-002
 9.42477796e-002 1.08960967e-001 1.03409224e-001 5.55174299e-003
 1.25663706e-001 1.39303975e-001 1.42115451e-001 2.81147584e-003
 1.57079633e-001 1.83281293e-001 1.83042214e-001 2.39079072e-004
 1.88495559e-001 2.43397619e-001 2.26250143e-001 1.71474756e-002
 2.19911486e-001 3.10089636e-001 2.71799158e-001 3.82904779e-002
 2.51327412e-001 3.69167749e-001 3.19748292e-001 4.94194564e-002
 2.82743339e-001 4.13999953e-001 3.70155520e-001 4.38444324e-002
 3.14159265e-001 4.52111929e-001 4.23077568e-001 2.90343604e-002
 3.45575192e-001 5.00034818e-001 4.78569719e-001 2.14650989e-002
 3.76991118e-001 5.69955119e-001 5.36685605e-001 3.32695143e-002
 4.08407045e-001 6.58995086e-001 5.97476992e-001 6.15180938e-002
 4.39822972e-001 7.50449013e-001 6.60993554e-001 8.94554583e-002
 4.71238898e-001 8.26796812e-001 7.27282634e-001 9.95141772e-002
 5.02654825e-001 8.84371105e-001 7.96388999e-001 8.79821064e-002
 5.34070751e-001 9.37498126e-001 8.68354578e-001 6.91435484e-002
 5.65486678e-001 1.00794050e+000 9.43218198e-001 6.47223010e-002
 5.96902604e-001 1.10744089e+000 1.02101530e+000 8.64255939e-002
 6.28318531e-001 1.22737775e+000 1.10177764e+000 1.25600104e-001
 6.59734457e-001 1.34452681e+000 1.18553302e+000 1.58993789e-001
 6.91150384e-001 1.43919029e+000 1.27230491e+000 1.66885378e-001
 7.22566310e-001 1.51156673e+000 1.36211218e+000 1.49454551e-001
 7.53982237e-001 1.58285028e+000 1.45496874e+000 1.27881535e-001
 7.85398163e-001 1.67925990e+000 1.55088320e+000 1.28376698e-001
 8.16814090e-001 1.81102781e+000 1.64985847e+000 1.61169346e-001
 8.48230016e-001 1.96315363e+000 1.75189144e+000 2.11262190e-001
 8.79645943e-001 2.10609317e+000 1.85697256e+000 2.49120607e-001
 9.11061870e-001 2.21882183e+000 1.96508546e+000 2.53736370e-001
 9.42477796e-001 2.30628422e+000 2.07620652e+000 2.30077696e-001
 9.73893723e-001 2.39682796e+000 2.19030447e+000 2.06523482e-001
 1.00530965e+000 2.52062515e+000 2.30733996e+000 2.13285195e-001
 1.03672558e+000 2.68546408e+000 2.42726507e+000 2.58199019e-001
 1.06814150e+000 2.86925047e+000 2.55002291e+000 3.19227555e-001
 1.09955743e+000 3.03610453e+000 2.67554714e+000 3.60557386e-001
 1.13097336e+000 3.16433995e+000 2.80376147e+000 3.60578472e-001
 1.16238928e+000 3.26449807e+000 2.93457919e+000 3.29918885e-001
 1.19380521e+000 3.37249918e+000 3.06790264e+000 3.04596541e-001
 1.22522113e+000 3.52215022e+000 3.20362276e+000 3.18527460e-001
 1.25663706e+000 3.71795422e+000 3.34161850e+000 3.76335719e-001
 1.28805299e+000 3.92993683e+000 3.48175637e+000 4.48180461e-001
 1.31946891e+000 4.11568555e+000 3.62388980e+000 4.91795746e-001
 1.35088484e+000 4.25336200e+000 3.76785871e+000 4.85503282e-001
 1.38230077e+000 4.35994312e+000 3.91348887e+000 4.46454250e-001
 1.41371669e+000 4.47948242e+000 4.06059136e+000 4.18891057e-001
 1.44513262e+000 4.64928981e+000 4.20896203e+000 4.40327778e-001
 1.47654855e+000 4.86982569e+000 4.35838090e+000 5.11444796e-001
 1.50796447e+000 5.10235574e+000 4.50861158e+000 5.93744163e-001
 1.53938040e+000 5.29752571e+000 4.65940072e+000 6.38124992e-001
 1.57079633e+000 5.43368052e+000 4.81047738e+000 6.23203141e-001
 1.60221225e+000 5.53507296e+000 4.96155248e+000 5.73520480e-001
 1.63362818e+000 5.65463862e+000 5.11231819e+000 5.42320433e-001
 1.66504411e+000 5.83329927e+000 5.26244735e+000 5.70851920e-001
 1.69646003e+000 6.06682071e+000 5.41159287e+000 6.55227839e-001
 1.72787596e+000 6.30669997e+000 5.55938719e+000 7.47312787e-001
 1.75929189e+000 6.49594443e+000 5.70544161e+000 7.90502811e-001
 1.79070781e+000 6.61317983e+000 5.84934583e+000 7.63833997e-001
 1.82212374e+000 6.69077863e+000 5.99066728e+000 7.00111346e-001
 1.85353967e+000 6.79157587e+000 6.12895062e+000 6.62625250e-001
 1.88495559e+000 6.96056560e+000 6.26371715e+000 6.96848452e-001
 1.91637152e+000 7.18833403e+000 6.39446431e+000 7.93869725e-001
 1.94778745e+000 7.41542877e+000 6.52066514e+000 8.94763631e-001
 1.97920337e+000 7.57610450e+000 6.64176775e+000 9.34336746e-001
 2.01061930e+000 7.64899984e+000 6.75719486e+000 8.91804984e-001
 2.04203522e+000 7.67543248e+000 6.86634331e+000 8.09089172e-001
 2.07345115e+000 7.72954445e+000 6.96858362e+000 7.60960824e-001
 2.10486708e+000 7.86141090e+000 7.06325955e+000 7.98151350e-001
 2.13628300e+000 8.05625275e+000 7.14968773e+000 9.06565014e-001
 2.16769893e+000 8.24227032e+000 7.22715726e+000 1.01511306e+000
 2.19911486e+000 8.34321799e+000 7.29492939e+000 1.04828860e+000
 2.23053078e+000 8.33687031e+000 7.35223721e+000 9.84633102e-001
 2.26194671e+000 8.27421698e+000 7.39828542e+000 8.75931555e-001
 2.29336264e+000 8.24268503e+000 7.43225005e+000 8.10434980e-001
 2.32477856e+000 8.29933961e+000 7.45327834e+000 8.46061275e-001
 2.35619449e+000 8.42443083e+000 7.46048854e+000 9.63942288e-001
 2.38761042e+000 8.53217367e+000 7.45296991e+000 1.07920377e+000
 2.41902634e+000 8.53307451e+000 7.42978262e+000 1.10329189e+000
 2.45044227e+000 8.40207267e+000 7.38995783e+000 1.01211484e+000
 2.48185820e+000 8.20022082e+000 7.33249776e+000 8.67723058e-001
 2.51327412e+000 8.03103980e+000 7.25637583e+000 7.74663962e-001
 2.54469005e+000 7.96205993e+000 7.16053693e+000 8.01523002e-001
 2.57610598e+000 7.97017288e+000 7.04389766e+000 9.26275216e-001
 2.60752190e+000 7.95382379e+000 6.90534676e+000 1.04847704e+000
 2.63893783e+000 7.80586816e+000 6.74374551e+000 1.06212265e+000
 2.67035376e+000 7.49428260e+000 6.55792832e+000 9.36354277e-001
 2.70176968e+000 7.08952553e+000 6.34670335e+000 7.42822187e-001
 2.73318561e+000 6.71516851e+000 6.10885319e+000 6.06315322e-001
 2.76460154e+000 6.45563959e+000 5.84313575e+000 6.12503846e-001
 2.79601746e+000 6.28896063e+000 5.54828513e+000 7.40675498e-001
 2.82743339e+000 6.09653965e+000 5.22301271e+000 8.73526940e-001
 2.85884931e+000 5.74633186e+000 4.86600825e+000 8.80323610e-001
 2.89026524e+000 5.19036623e+000 4.47594118e+000 7.14425052e-001
 2.92168117e+000 4.50425575e+000 4.05146201e+000 4.52793741e-001
 2.95309709e+000 3.83646145e+000 3.59120382e+000 2.45257629e-001
 2.98451302e+000 3.30082403e+000 3.09378392e+000 2.07040108e-001
 3.01592895e+000 2.88933294e+000 2.55780566e+000 3.31527282e-001
 3.04734487e+000 2.47041370e+000 1.98186037e+000 4.88553332e-001
 3.07876080e+000 1.87804705e+000 1.36452942e+000 5.13517630e-001
 3.11017673e+000 1.03129396e+000 7.04386497e-001 3.26907460e-001
 3.14159265e+000 4.60503210e-015 2.83382392e-015 1.77120818e-015
