 0.00000000e+000 0.00000000e+000 0.00000000e+000 0.00000000e+000
 3.14159265e-002 3.51471560e-002 3.24132214e-002 2.73393462e-003
 6.28318531e-002 7.02337132e-002 6.68623449e-002 3.37136830e-003
 9.42477796e-002 1.05694372e-001 1.03409224e-001 2.28514767e-003
 1.25663706e-001 1.42588344e-001 1.42115451e-001 4.72892265e-004
 1.57079633e-001 1.82238232e-001 1.83042214e-001 8.03981897e-004
 1.88495559e-001 2.25584364e-001 2.26250143e-001 6.65779259e-004
 2.19911486e-001 2.72667030e-001 2.71799158e-001 8.67871955e-004
 2.51327412e-001 3.22595518e-001 3.19748292e-001 2.84722561e-003
 2.82743339e-001 3.74074132e-001 3.70155520e-001 3.91861205e-003
 3.14159265e-001 4.26205991e-001 4.23077568e-001 3.12842239e-003
 3.45575192e-001 4.79103434e-001 4.78569719e-001 5.33715009e-004
 3.76991118e-001 5.33925977e-001 5.36685605e-001 2.75962785e-003
 4.08407045e-001 5.92296963e-001 5.97476992e-001 5.18002953e-003
 4.39822972e-001 6.55423712e-001 6.60993554e-001 5.56984232e-003
 4.71238898e-001 7.23435465e-001 7.27282634e-001 3.84716986e-003
 5.02654825e-001 7.95337407e-001 7.96388999e-001 1.05159188e-003
 5.34070751e-001 8.69619391e-001 8.68354578e-001 1.26481277e-003
 5.65486678e-001 9.45166324e-001 9.43218198e-001 1.94812601e-003
 5.96902604e-001 1.02192992e+000 1.02101530e+000 9.14625698e-004
 6.28318531e-001 1.10095626e+000 1.10177764e+000 8.21382656e-004
 6.59734457e-001 1.18374538e+000 1.18553302e+000 1.78763936e-003
 6.91150384e-001 1.27132233e+000 1.27230491e+000 9.82574027e-004
 7.22566310e-001 1.36357999e+000 1.36211218e+000 1.46780747e-003
 7.53982237e-001 1.45929929e+000 1.45496874e+000 4.33054862e-003
 7.85398163e-001 1.55685000e+000 1.55088320e+000 5.96680281e-003
 8.16814090e-001 1.65516264e+000 1.64985847e+000 5.30417268e-003
 8.48230016e-001 1.75439024e+000 1.75189144e+000 2.49880234e-003
 8.79645943e-001 1.85585414e+000 1.85697256e+000 1.11841970e-003
 9.11061870e-001 1.96129240e+000 1.96508546e+000 3.79306347e-003
 9.42477796e-001 2.07184976e+000 2.07620652e+000 4.35676169e-003
 9.73893723e-001 2.18741101e+000 2.19030447e+000 2.89346062e-003
 1.00530965e+000 2.30668148e+000 2.30733996e+000 6.58479774e-004
 1.03672558e+000 2.42797325e+000 2.42726507e+000 7.08181760e-004
 1.06814150e+000 2.55022806e+000 2.55002291e+000 2.05152254e-004
 1.09955743e+000 2.67365663e+000 2.67554714e+000 1.89051257e-003
 1.13097336e+000 2.79959659e+000 2.80376147e+000 4.16488872e-003
 1.16238928e+000 2.92965918e+000 2.93457919e+000 4.92000666e-003
 1.19380521e+000 3.06466961e+000 3.06790264e+000 3.23302549e-003
 1.22522113e+000 3.20404327e+000 3.20362276e+000 4.20515230e-004
 1.25663706e+000 3.34599049e+000 3.34161850e+000 4.37198568e-003
 1.28805299e+000 3.48844883e+000 3.48175637e+000 6.69246828e-003
 1.31946891e+000 3.63019814e+000 3.62388980e+000 6.30833095e-003
 1.35088484e+000 3.77148991e+000 3.76785871e+000 3.63119841e-003
 1.38230077e+000 3.91380153e+000 3.91348887e+000 3.12655732e-004
 1.41371669e+000 4.05884675e+000 4.06059136e+000 1.74460828e-003
 1.44513262e+000 4.20742808e+000 4.20896203e+000 1.53394790e-003
 1.47654855e+000 4.35882495e+000 4.35838090e+000 4.44049368e-004
 1.50796447e+000 4.51110195e+000 4.50861158e+000 2.49037028e-003
 1.53938040e+000 4.66216954e+000 4.65940072e+000 2.76881840e-003
 1.57079633e+000 4.81096533e+000 4.81047738e+000 4.87951208e-004
 1.60221225e+000 4.95803221e+000 4.96155248e+000 3.52027120e-003
 1.63362818e+000 5.10511531e+000 5.11231819e+000 7.20287500e-003
 1.66504411e+000 5.25398725e+000 5.26244735e+000 8.46009745e-003
 1.69646003e+000 5.40518865e+000 5.41159287e+000 6.40422067e-003
 1.72787596e+000 5.55744654e+000 5.55938719e+000 1.94064405e-003
 1.75929189e+000 5.70814665e+000 5.70544161e+000 2.70503414e-003
 1.79070781e+000 5.85460833e+000 5.84934583e+000 5.26249536e-003
 1.82212374e+000 5.99541483e+000 5.99066728e+000 4.74754806e-003
 1.85353967e+000 6.13099356e+000 6.12895062e+000 2.04294662e-003
 1.88495559e+000 6.26307066e+000 6.26371715e+000 6.46485827e-004
 1.91637152e+000 6.39329781e+000 6.39446431e+000 1.16649639e-003
 1.94778745e+000 6.52186596e+000 6.52066514e+000 1.20081820e-003
 1.97920337e+000 6.64696005e+000 6.64176775e+000 5.19229833e-003
 2.01061930e+000 6.76542905e+000 6.75719486e+000 8.23418867e-003
 2.04203522e+000 6.87431674e+000 6.86634331e+000 7.97342575e-003
 2.07345115e+000 6.97235512e+000 6.96858362e+000 3.77149353e-003
 2.10486708e+000 7.06050165e+000 7.06325955e+000 2.75790862e-003
 2.13628300e+000 7.14114010e+000 7.14968773e+000 8.54763579e-003
 2.16769893e+000 7.21636031e+000 7.22715726e+000 1.07969468e-002
 2.19911486e+000 7.28631367e+000 7.29492939e+000 8.61571425e-003
 2.23053078e+000 7.34864480e+000 7.35223721e+000 3.59240805e-003
 2.26194671e+000 7.39939592e+000 7.39828542e+000 1.11050149e-003
 2.29336264e+000 7.43490391e+000 7.43225005e+000 2.65385513e-003
 2.32477856e+000 7.45357963e+000 7.45327834e+000 3.01294619e-004
 2.35619449e+000 7.45646946e+000 7.46048854e+000 4.01908266e-003
 2.38761042e+000 7.44617966e+000 7.45296991e+000 6.79024272e-003
 2.41902634e+000 7.42472083e+000 7.42978262e+000 5.06178921e-003
 2.45044227e+000 7.39152750e+000 7.38995783e+000 1.56967137e-003
 2.48185820e+000 7.34288852e+000 7.33249776e+000 1.03907630e-002
 2.51327412e+000 7.27325189e+000 7.25637583e+000 1.68760534e-002
 2.54469005e+000 7.17776138e+000 7.16053693e+000 1.72244476e-002
 2.57610598e+000 7.05458466e+000 7.04389766e+000 1.06869989e-002
 2.60752190e+000 6.90560581e+000 6.90534676e+000 2.59051499e-004
 2.63893783e+000 6.73492942e+000 6.74374551e+000 8.81608916e-003
 2.67035376e+000 6.54591897e+000 6.55792832e+000 1.20093545e-002
 2.70176968e+000 6.33843682e+000 6.34670335e+000 8.26653079e-003
 2.73318561e+000 6.10797816e+000 6.10885319e+000 8.75028351e-004
 2.76460154e+000 5.84740605e+000 5.84313575e+000 4.27030931e-003
 2.79601746e+000 5.55049752e+000 5.54828513e+000 2.21239147e-003
 2.82743339e+000 5.21533992e+000 5.22301271e+000 7.67278391e-003
 2.85884931e+000 4.84548871e+000 4.86600825e+000 2.05195333e-002
 2.89026524e+000 4.44788512e+000 4.47594118e+000 2.80560638e-002
 2.92168117e+000 4.02832458e+000 4.05146201e+000 2.31374325e-002
 2.95309709e+000 3.58680923e+000 3.59120382e+000 4.39458981e-003
 2.98451302e+000 3.11551744e+000 3.09378392e+000 2.17335187e-002
 3.01592895e+000 2.60105081e+000 2.55780566e+000 4.32451527e-002
 3.04734487e+000 2.03052708e+000 1.98186037e+000 4.86667162e-002
 3.07876080e+000 1.39901333e+000 1.36452942e+000 3.44839160e-002
 3.11017673e+000 7.14832775e-001 7.04386497e-001 1.04462778e-002
 3.14159265e+000 1.58104739e-015 2.83382392e-015 1.25277653e-015
