 0.00000000e+000 0.00000000e+000 0.00000000e+000 0.00000000e+000
 3.14159265e-002 3.81691726e-002 3.24132214e-002 5.75595123e-003
 6.28318531e-002 7.45495114e-002 6.68623449e-002 7.68716647e-003
 9.42477796e-002 1.08745080e-001 1.03409224e-001 5.33585581e-003
 1.25663706e-001 1.42316282e-001 1.42115451e-001 2.00830379e-004
 1.57079633e-001 1.78167062e-001 1.83042214e-001 4.87515135e-003
 1.88495559e-001 2.19094749e-001 2.26250143e-001 7.15539449e-003
 2.19911486e-001 2.66332745e-001 2.71799158e-001 5.46641298e-003
 2.51327412e-001 3.18928598e-001 3.19748292e-001 8.19694139e-004
 2.82743339e-001 3.74325613e-001 3.70155520e-001 4.17009297e-003
 3.14159265e-001 4.29828733e-001 4.23077568e-001 6.75116480e-003
 3.45575192e-001 4.84130734e-001 4.78569719e-001 5.56101540e-003
 3.76991118e-001 5.38042291e-001 5.36685605e-001 1.35668563e-003
 4.08407045e-001 5.94025632e-001 5.97476992e-001 3.45136004e-003
 4.39822972e-001 6.54812071e-001 6.60993554e-001 6.18148307e-003
 4.71238898e-001 7.21897556e-001 7.27282634e-001 5.38507803e-003
 5.02654825e-001 7.94766036e-001 7.96388999e-001 1.62296302e-003
 5.34070751e-001 8.71262074e-001 8.68354578e-001 2.90749578e-003
 5.65486678e-001 9.48873951e-001 9.43218198e-001 5.65575291e-003
 5.96902604e-001 1.02617751e+000 1.02101530e+000 5.16221153e-003
 6.28318531e-001 1.10361852e+000 1.10177764e+000 1.84087690e-003
 6.59734457e-001 1.18320961e+000 1.18553302e+000 2.32340270e-003
 6.91150384e-001 1.26734826e+000 1.27230491e+000 4.95664362e-003
 7.22566310e-001 1.35745766e+000 1.36211218e+000 4.65452136e-003
 7.53982237e-001 1.45323155e+000 1.45496874e+000 1.73718926e-003
 7.85398163e-001 1.55289251e+000 1.55088320e+000 2.00931476e-003
 8.16814090e-001 1.65427712e+000 1.64985847e+000 4.41864969e-003
 8.48230016e-001 1.75609225e+000 1.75189144e+000 4.20081339e-003
 8.79645943e-001 1.85861148e+000 1.85697256e+000 1.63892365e-003
 9.11061870e-001 1.96343191e+000 1.96508546e+000 1.65355130e-003
 9.42477796e-001 2.07247176e+000 2.07620652e+000 3.73476198e-003
 9.73893723e-001 2.18682471e+000 2.19030447e+000 3.47976293e-003
 1.00530965e+000 2.30614668e+000 2.30733996e+000 1.19327958e-003
 1.03672558e+000 2.42891186e+000 2.42726507e+000 1.64679525e-003
 1.06814150e+000 2.55334900e+000 2.55002291e+000 3.32608899e-003
 1.09955743e+000 2.67847287e+000 2.67554714e+000 2.92573004e-003
 1.13097336e+000 2.80459152e+000 2.80376147e+000 8.30045434e-004
 1.16238928e+000 2.93300609e+000 2.93457919e+000 1.57309812e-003
 1.19380521e+000 3.06511603e+000 3.06790264e+000 2.78661327e-003
 1.22522113e+000 3.20149500e+000 3.20362276e+000 2.12775728e-003
 1.25663706e+000 3.34150325e+000 3.34161850e+000 1.15256666e-004
 1.28805299e+000 3.48365782e+000 3.48175637e+000 1.90145555e-003
 1.31946891e+000 3.62651017e+000 3.62388980e+000 2.62036171e-003
 1.35088484e+000 3.76947184e+000 3.76785871e+000 1.61312654e-003
 1.38230077e+000 3.91307099e+000 3.91348887e+000 4.17879972e-004
 1.41371669e+000 4.05848466e+000 4.06059136e+000 2.10669586e-003
 1.44513262e+000 4.20664830e+000 4.20896203e+000 2.31372927e-003
 1.47654855e+000 4.35750966e+000 4.35838090e+000 8.71236161e-004
 1.50796447e+000 4.50990475e+000 4.50861158e+000 1.29316825e-003
 1.53938040e+000 4.66214219e+000 4.65940072e+000 2.74147064e-003
 1.57079633e+000 4.81293293e+000 4.81047738e+000 2.45554995e-003
 1.60221225e+000 4.96207518e+000 4.96155248e+000 5.22696797e-004
 1.63362818e+000 5.11044633e+000 5.11231819e+000 1.87186383e-003
 1.66504411e+000 5.25928260e+000 5.26244735e+000 3.16474298e-003
 1.69646003e+000 5.40918030e+000 5.41159287e+000 2.41257409e-003
 1.72787596e+000 5.55944574e+000 5.55938719e+000 5.85510593e-005
 1.75929189e+000 5.70822527e+000 5.70544161e+000 2.78365156e-003
 1.79070781e+000 5.85337125e+000 5.84934583e+000 4.02542203e-003
 1.82212374e+000 5.99353301e+000 5.99066728e+000 2.86572878e-003
 1.85353967e+000 6.12879506e+000 6.12895062e+000 1.55559082e-004
 1.88495559e+000 6.26043523e+000 6.26371715e+000 3.28191509e-003
 1.91637152e+000 6.38990379e+000 6.39446431e+000 4.56052388e-003
 1.94778745e+000 6.51761577e+000 6.52066514e+000 3.04936530e-003
 1.97920337e+000 6.64229676e+000 6.64176775e+000 5.29007830e-004
 2.01061930e+000 6.76131909e+000 6.75719486e+000 4.12423141e-003
 2.04203522e+000 6.87187820e+000 6.86634331e+000 5.53488906e-003
 2.07345115e+000 6.97233336e+000 6.96858362e+000 3.74974041e-003
 2.10486708e+000 7.06290009e+000 7.06325955e+000 3.59462719e-004
 2.13628300e+000 7.14523416e+000 7.14968773e+000 4.45357342e-003
 2.16769893e+000 7.22109864e+000 7.22715726e+000 6.05862191e-003
 2.19911486e+000 7.29087336e+000 7.29492939e+000 4.05602706e-003
 2.23053078e+000 7.35280155e+000 7.35223721e+000 5.64338786e-004
 2.26194671e+000 7.40346855e+000 7.39828542e+000 5.18313022e-003
 2.29336264e+000 7.43928845e+000 7.43225005e+000 7.03839789e-003
 2.32477856e+000 7.45815515e+000 7.45327834e+000 4.87681698e-003
 2.35619449e+000 7.46027271e+000 7.46048854e+000 2.15832573e-004
 2.38761042e+000 7.44762413e+000 7.45296991e+000 5.34577289e-003
 2.41902634e+000 7.42232896e+000 7.42978262e+000 7.45366337e-003
 2.45044227e+000 7.38481933e+000 7.38995783e+000 5.13850565e-003
 2.48185820e+000 7.33291974e+000 7.33249776e+000 4.21980128e-004
 2.51327412e+000 7.26242762e+000 7.25637583e+000 6.05178778e-003
 2.54469005e+000 7.16892206e+000 7.16053693e+000 8.38513391e-003
 2.57610598e+000 7.04977737e+000 7.04389766e+000 5.87970831e-003
 2.60752190e+000 6.90518199e+000 6.90534676e+000 1.64764293e-004
 2.63893783e+000 6.73749692e+000 6.74374551e+000 6.24858576e-003
 2.67035376e+000 6.54924952e+000 6.55792832e+000 8.67880518e-003
 2.70176968e+000 6.34089753e+000 6.34670335e+000 5.80581390e-003
 2.73318561e+000 6.10970536e+000 6.10885319e+000 8.52169470e-004
 2.76460154e+000 5.85048816e+000 5.84313575e+000 7.35240978e-003
 2.79601746e+000 5.55789968e+000 5.54828513e+000 9.61455315e-003
 2.82743339e+000 5.22897755e+000 5.22301271e+000 5.96484267e-003
 2.85884931e+000 4.86439741e+000 4.86600825e+000 1.61083389e-003
 2.89026524e+000 4.46753521e+000 4.47594118e+000 8.40596998e-003
 2.92168117e+000 4.04168611e+000 4.05146201e+000 9.77589736e-003
 2.95309709e+000 3.58695984e+000 3.59120382e+000 4.24397731e-003
 2.98451302e+000 3.09877867e+000 3.09378392e+000 4.99475286e-003
 3.01592895e+000 2.56924542e+000 2.55780566e+000 1.14397613e-002
 3.04734487e+000 1.99120133e+000 1.98186037e+000 9.34096433e-003
 3.07876080e+000 1.36329250e+000 1.36452942e+000 1.23691851e-003
 3.11017673e+000 6.93618945e-001 7.04386497e-001 1.07675523e-002
 3.14159265e+000 1.59322576e-015 2.83382392e-015 1.24059816e-015
