 0.00000000e+000 0.00000000e+000 0.00000000e+000 0.00000000e+000
 3.14159265e-002 1.61582033e-001 3.24132214e-002 1.29168812e-001
 6.28318531e-002 3.03018401e-001 6.68623449e-002 2.36156056e-001
 9.42477796e-002 4.08494168e-001 1.03409224e-001 3.05084943e-001
 1.25663706e-001 4.69922513e-001 1.42115451e-001 3.27807062e-001
 1.57079633e-001 4.88677288e-001 1.83042214e-001 3.05635075e-001
 1.88495559e-001 4.75289190e-001 2.26250143e-001 2.49039047e-001
 2.19911486e-001 4.47173975e-001 2.71799158e-001 1.75374817e-001
 2.51327412e-001 4.24885770e-001 3.19748292e-001 1.05137477e-001
 2.82743339e-001 4.27705905e-001 3.70155520e-001 5.75503846e-002
 3.14159265e-001 4.69519272e-001 4.23077568e-001 4.64417039e-002
 3.45575192e-001 5.55865570e-001 4.78569719e-001 7.72958513e-002
 3.76991118e-001 6.82796490e-001 5.36685605e-001 1.46110885e-001
 4.08407045e-001 8.37777810e-001 5.97476992e-001 2.40300818e-001
 4.39822972e-001 1.00243290e+000 6.60993554e-001 3.41439342e-001
 4.71238898e-001 1.15652724e+000 7.27282634e-001 4.29244606e-001
 5.02654825e-001 1.28232833e+000 7.96388999e-001 4.85939334e-001
 5.34070751e-001 1.36839837e+000 8.68354578e-001 5.00043791e-001
 5.65486678e-001 1.41200510e+000 9.43218198e-001 4.68786900e-001
 5.96902604e-001 1.41963975e+000 1.02101530e+000 3.98624450e-001
 6.28318531e-001 1.40554405e+000 1.10177764e+000 3.03766403e-001
 6.59734457e-001 1.38858028e+000 1.18553302e+000 2.03047262e-001
 6.91150384e-001 1.38813550e+000 1.27230491e+000 1.15830595e-001
 7.22566310e-001 1.41995579e+000 1.36211218e+000 5.78436115e-002
 7.53982237e-001 1.49281517e+000 1.45496874e+000 3.78464311e-002
 7.85398163e-001 1.60673563e+000 1.55088320e+000 5.58524374e-002
 8.16814090e-001 1.75313142e+000 1.64985847e+000 1.03272955e-001
 8.48230016e-001 1.91682852e+000 1.75189144e+000 1.64937087e-001
 8.79645943e-001 2.07950115e+000 1.85697256e+000 2.22528585e-001
 9.11061870e-001 2.22376083e+000 1.96508546e+000 2.58675376e-001
 9.42477796e-001 2.33699682e+000 2.07620652e+000 2.60790300e-001
 9.73893723e-001 2.41412730e+000 2.19030447e+000 2.23822822e-001
 1.00530965e+000 2.45866648e+000 2.30733996e+000 1.51326521e-001
 1.03672558e+000 2.48188642e+000 2.42726507e+000 5.46213552e-002
 1.06814150e+000 2.50027316e+000 2.55002291e+000 4.97497511e-002
 1.09955743e+000 2.53185094e+000 2.67554714e+000 1.43696208e-001
 1.13097336e+000 2.59219419e+000 2.80376147e+000 2.11567289e-001
 1.16238928e+000 2.69101086e+000 2.93457919e+000 2.43568330e-001
 1.19380521e+000 2.83004925e+000 3.06790264e+000 2.37853385e-001
 1.22522113e+000 3.00278371e+000 3.20362276e+000 2.00839042e-001
 1.25663706e+000 3.19593817e+000 3.34161850e+000 1.45680334e-001
 1.28805299e+000 3.39249891e+000 3.48175637e+000 8.92574514e-002
 1.31946891e+000 3.57553882e+000 3.62388980e+000 4.83509863e-002
 1.35088484e+000 3.73199760e+000 3.76785871e+000 3.58611132e-002
 1.38230077e+000 3.85557539e+000 3.91348887e+000 5.79134782e-002
 1.41371669e+000 3.94809663e+000 4.06059136e+000 1.12494730e-001
 1.44513262e+000 4.01904378e+000 4.20896203e+000 1.89918249e-001
 1.47654855e+000 4.08336902e+000 4.35838090e+000 2.75011880e-001
 1.50796447e+000 4.15807640e+000 4.50861158e+000 3.50535184e-001
 1.53938040e+000 4.25834133e+000 4.65940072e+000 4.01059386e-001
 1.57079633e+000 4.39403760e+000 4.81047738e+000 4.16439783e-001
 1.60221225e+000 4.56745132e+000 4.96155248e+000 3.94101157e-001
 1.63362818e+000 4.77269656e+000 5.11231819e+000 3.39621627e-001
 1.66504411e+000 4.99696661e+000 5.26244735e+000 2.65480738e-001
 1.69646003e+000 5.22334404e+000 5.41159287e+000 1.88248830e-001
 1.72787596e+000 5.43454191e+000 5.55938719e+000 1.24845277e-001
 1.75929189e+000 5.61673709e+000 5.70544161e+000 8.87045228e-002
 1.79070781e+000 5.76263254e+000 5.84934583e+000 8.67132910e-002
 1.82212374e+000 5.87305368e+000 5.99066728e+000 1.17613604e-001
 1.85353967e+000 5.95670971e+000 6.12895062e+000 1.72240902e-001
 1.88495559e+000 6.02816063e+000 6.26371715e+000 2.35556520e-001
 1.91637152e+000 6.10443432e+000 6.39446431e+000 2.90029991e-001
 1.94778745e+000 6.20104564e+000 6.52066514e+000 3.19619501e-001
 1.97920337e+000 6.32831019e+000 6.64176775e+000 3.13457558e-001
 2.01061930e+000 6.48878824e+000 6.75719486e+000 2.68406621e-001
 2.04203522e+000 6.67644843e+000 6.86634331e+000 1.89894885e-001
 2.07345115e+000 6.87776105e+000 6.96858362e+000 9.08225699e-002
 2.10486708e+000 7.07449911e+000 7.06325955e+000 1.12395565e-002
 2.13628300e+000 7.24763860e+000 7.14968773e+000 9.79508690e-002
 2.16769893e+000 7.38149413e+000 7.22715726e+000 1.54336867e-001
 2.19911486e+000 7.46716050e+000 7.29492939e+000 1.72231113e-001
 2.23053078e+000 7.50447261e+000 7.35223721e+000 1.52235401e-001
 2.26194671e+000 7.50201568e+000 7.39828542e+000 1.03730259e-001
 2.29336264e+000 7.47514728e+000 7.43225005e+000 4.28972295e-002
 2.32477856e+000 7.44243762e+000 7.45327834e+000 1.08407182e-002
 2.35619449e+000 7.42129606e+000 7.46048854e+000 3.91924765e-002
 2.38761042e+000 7.42374932e+000 7.45296991e+000 2.92205903e-002
 2.41902634e+000 7.45332204e+000 7.42978262e+000 2.35394235e-002
 2.45044227e+000 7.50374513e+000 7.38995783e+000 1.13787294e-001
 2.48185820e+000 7.55982519e+000 7.33249776e+000 2.27327434e-001
 2.51327412e+000 7.60033574e+000 7.25637583e+000 3.43959904e-001
 2.54469005e+000 7.60233769e+000 7.16053693e+000 4.41800759e-001
 2.57610598e+000 7.54600582e+000 7.04389766e+000 5.02108159e-001
 2.60752190e+000 7.41890215e+000 6.90534676e+000 5.13555394e-001
 2.63893783e+000 7.21873224e+000 6.74374551e+000 4.74986728e-001
 2.67035376e+000 6.95392893e+000 6.55792832e+000 3.96000605e-001
 2.70176968e+000 6.64186791e+000 6.34670335e+000 2.95164559e-001
 2.73318561e+000 6.30503328e+000 6.10885319e+000 1.96180087e-001
 2.76460154e+000 5.96590930e+000 5.84313575e+000 1.22773555e-001
 2.79601746e+000 5.64167559e+000 5.54828513e+000 9.33904572e-002
 2.82743339e+000 5.33985962e+000 5.22301271e+000 1.16846907e-001
 2.85884931e+000 5.05593096e+000 4.86600825e+000 1.89922715e-001
 2.89026524e+000 4.77343734e+000 4.47594118e+000 2.97496160e-001
 2.92168117e+000 4.46676099e+000 4.05146201e+000 4.15298981e-001
 2.95309709e+000 4.10602326e+000 3.59120382e+000 5.14819439e-001
 2.98451302e+000 3.66320122e+000 3.09378392e+000 5.69417307e-001
 3.01592895e+000 3.11824225e+000 2.55780566e+000 5.60436592e-001
 3.04734487e+000 2.46393130e+000 1.98186037e+000 4.82070935e-001
 3.07876080e+000 1.70849236e+000 1.36452942e+000 3.43962941e-001
 3.11017673e+000 8.75344847e-001 7.04386497e-001 1.70958350e-001
 3.14159265e+000 2.75830727e-015 2.83382392e-015 7.55166547e-017
