 0.00000000e+000 0.00000000e+000 0.00000000e+000 0.00000000e+000
 3.14159265e-002 7.18956364e-002 3.24132214e-002 3.94824150e-002
 6.28318531e-002 1.23577595e-001 6.68623449e-002 5.67152498e-002
 9.42477796e-002 1.46654680e-001 1.03409224e-001 4.32454560e-002
 1.25663706e-001 1.49576370e-001 1.42115451e-001 7.46091840e-003
 1.57079633e-001 1.52963467e-001 1.83042214e-001 3.00787470e-002
 1.88495559e-001 1.77948986e-001 2.26250143e-001 4.83011569e-002
 2.19911486e-001 2.34249859e-001 2.71799158e-001 3.75492991e-002
 2.51327412e-001 3.14835693e-001 3.19748292e-001 4.91259881e-003
 2.82743339e-001 4.00246848e-001 3.70155520e-001 3.00913275e-002
 3.14159265e-001 4.70041893e-001 4.23077568e-001 4.69643248e-002
 3.45575192e-001 5.14740059e-001 4.78569719e-001 3.61703404e-002
 3.76991118e-001 5.41342634e-001 5.36685605e-001 4.65702844e-003
 4.08407045e-001 5.69233047e-001 5.97476992e-001 2.82439455e-002
 4.39822972e-001 6.18826250e-001 6.60993554e-001 4.21673047e-002
 4.71238898e-001 6.99548724e-001 7.27282634e-001 2.77339107e-002
 5.02654825e-001 8.04145857e-001 7.96388999e-001 7.75685787e-003
 5.34070751e-001 9.12682617e-001 8.68354578e-001 4.43280389e-002
 5.65486678e-001 1.00400810e+000 9.43218198e-001 6.07899007e-002
 5.96902604e-001 1.06811387e+000 1.02101530e+000 4.70985681e-002
 6.28318531e-001 1.11223727e+000 1.10177764e+000 1.04596287e-002
 6.59734457e-001 1.15709635e+000 1.18553302e+000 2.84366696e-002
 6.91150384e-001 1.22528333e+000 1.27230491e+000 4.70215732e-002
 7.22566310e-001 1.32836588e+000 1.36211218e+000 3.37462961e-002
 7.53982237e-001 1.46005426e+000 1.45496874e+000 5.08551241e-003
 7.85398163e-001 1.59940839e+000 1.55088320e+000 4.85251919e-002
 8.16814090e-001 1.72238954e+000 1.64985847e+000 7.25310769e-002
 8.48230016e-001 1.81531996e+000 1.75189144e+000 6.34285195e-002
 8.79645943e-001 1.88269036e+000 1.85697256e+000 2.57178035e-002
 9.11061870e-001 1.94489093e+000 1.96508546e+000 2.01945281e-002
 9.42477796e-001 2.02707078e+000 2.07620652e+000 4.91357388e-002
 9.73893723e-001 2.14528862e+000 2.19030447e+000 4.50158536e-002
 1.00530965e+000 2.29762570e+000 2.30733996e+000 9.71425958e-003
 1.03672558e+000 2.46516510e+000 2.42726507e+000 3.79000382e-002
 1.06814150e+000 2.62226789e+000 2.55002291e+000 7.22449800e-002
 1.09955743e+000 2.75046105e+000 2.67554714e+000 7.49139095e-002
 1.13097336e+000 2.84832497e+000 2.80376147e+000 4.45634958e-002
 1.16238928e+000 2.93204991e+000 2.93457919e+000 2.52927779e-003
 1.19380521e+000 3.02649778e+000 3.06790264e+000 4.14048568e-002
 1.22522113e+000 3.15176411e+000 3.20362276e+000 5.18586497e-002
 1.25663706e+000 3.31256066e+000 3.34161850e+000 2.90578466e-002
 1.28805299e+000 3.49603268e+000 3.48175637e+000 1.42763190e-002
 1.31946891e+000 3.67892981e+000 3.62388980e+000 5.50400095e-002
 1.35088484e+000 3.84001252e+000 3.76785871e+000 7.21538048e-002
 1.38230077e+000 3.97093689e+000 3.91348887e+000 5.74480203e-002
 1.41371669e+000 4.07994959e+000 4.06059136e+000 1.93582273e-002
 1.44513262e+000 4.18679165e+000 4.20896203e+000 2.21703786e-002
 1.47654855e+000 4.31192484e+000 4.35838090e+000 4.64560591e-002
 1.50796447e+000 4.46599694e+000 4.50861158e+000 4.26146419e-002
 1.53938040e+000 4.64496776e+000 4.65940072e+000 1.44329624e-002
 1.57079633e+000 4.83300116e+000 4.81047738e+000 2.25237826e-002
 1.60221225e+000 5.01105209e+000 4.96155248e+000 4.94996137e-002
 1.63362818e+000 5.16632031e+000 5.11231819e+000 5.40021159e-002
 1.66504411e+000 5.29774238e+000 5.26244735e+000 3.52950285e-002
 1.69646003e+000 5.41519408e+000 5.41159287e+000 3.60120309e-003
 1.72787596e+000 5.53350690e+000 5.55938719e+000 2.58802884e-002
 1.75929189e+000 5.66485990e+000 5.70544161e+000 4.05817117e-002
 1.79070781e+000 5.81342428e+000 5.84934583e+000 3.59215512e-002
 1.82212374e+000 5.97443996e+000 5.99066728e+000 1.62273225e-002
 1.85353967e+000 6.13738516e+000 6.12895062e+000 8.43454833e-003
 1.88495559e+000 6.29101797e+000 6.26371715e+000 2.73008238e-002
 1.91637152e+000 6.42769066e+000 6.39446431e+000 3.32263482e-002
 1.94778745e+000 6.54533894e+000 6.52066514e+000 2.46738054e-002
 1.97920337e+000 6.64705255e+000 6.64176775e+000 5.28479786e-003
 2.01061930e+000 6.73917121e+000 6.75719486e+000 1.80236502e-002
 2.04203522e+000 6.82897781e+000 6.86634331e+000 3.73655063e-002
 2.07345115e+000 6.92254991e+000 6.96858362e+000 4.60337100e-002
 2.10486708e+000 7.02284809e+000 7.06325955e+000 4.04114646e-002
 2.13628300e+000 7.12815251e+000 7.14968773e+000 2.15352197e-002
 2.16769893e+000 7.23142869e+000 7.22715726e+000 4.27143288e-003
 2.19911486e+000 7.32152414e+000 7.29492939e+000 2.65947514e-002
 2.23053078e+000 7.38666715e+000 7.35223721e+000 3.44299388e-002
 2.26194671e+000 7.41948623e+000 7.39828542e+000 2.12008118e-002
 2.29336264e+000 7.42135856e+000 7.43225005e+000 1.08914904e-002
 2.32477856e+000 7.40338303e+000 7.45327834e+000 4.98953102e-002
 2.35619449e+000 7.38238336e+000 7.46048854e+000 7.81051796e-002
 2.38761042e+000 7.37285357e+000 7.45296991e+000 8.01163321e-002
 2.41902634e+000 7.37840769e+000 7.42978262e+000 5.13749256e-002
 2.45044227e+000 7.38743203e+000 7.38995783e+000 2.52580353e-003
 2.48185820e+000 7.37620805e+000 7.33249776e+000 4.37102881e-002
 2.51327412e+000 7.31912345e+000 7.25637583e+000 6.27476192e-002
 2.54469005e+000 7.20149325e+000 7.16053693e+000 4.09563180e-002
 2.57610598e+000 7.02831625e+000 7.04389766e+000 1.55814122e-002
 2.60752190e+000 6.82357450e+000 6.90534676e+000 8.17722512e-002
 2.63893783e+000 6.61920396e+000 6.74374551e+000 1.24541545e-001
 2.67035376e+000 6.43846955e+000 6.55792832e+000 1.19458769e-001
 2.70176968e+000 6.28212093e+000 6.34670335e+000 6.45824201e-002
 2.73318561e+000 6.12511085e+000 6.10885319e+000 1.62576587e-002
 2.76460154e+000 5.92670691e+000 5.84313575e+000 8.35711633e-002
 2.79601746e+000 5.64983627e+000 5.54828513e+000 1.01551138e-001
 2.82743339e+000 5.28014308e+000 5.22301271e+000 5.71303677e-002
 2.85884931e+000 4.83459165e+000 4.86600825e+000 3.14165995e-002
 2.89026524e+000 4.35424672e+000 4.47594118e+000 1.21694460e-001
 2.92168117e+000 3.88390804e+000 4.05146201e+000 1.67553975e-001
 2.95309709e+000 3.44845275e+000 3.59120382e+000 1.42751071e-001
 2.98451302e+000 3.03813959e+000 3.09378392e+000 5.56443279e-002
 3.01592895e+000 2.61119291e+000 2.55780566e+000 5.33872473e-002
 3.04734487e+000 2.11346263e+000 1.98186037e+000 1.31602260e-001
 3.07876080e+000 1.50612070e+000 1.36452942e+000 1.41591278e-001
 3.11017673e+000 7.87818022e-001 7.04386497e-001 8.34315246e-002
 3.14159265e+000 4.07488491e-015 2.83382392e-015 1.24106099e-015
