 0.00000000e+000 0.00000000e+000 0.00000000e+000 0.00000000e+000
 3.14159265e-002 3.36601022e-002 3.24132214e-002 1.24688087e-003
 6.28318531e-002 6.79536462e-002 6.68623449e-002 1.09130131e-003
 9.42477796e-002 1.03576147e-001 1.03409224e-001 1.66923095e-004
 1.25663706e-001 1.41257028e-001 1.42115451e-001 8.58423672e-004
 1.57079633e-001 1.81619865e-001 1.83042214e-001 1.42234812e-003
 1.88495559e-001 2.25000879e-001 2.26250143e-001 1.24926406e-003
 2.19911486e-001 2.71345743e-001 2.71799158e-001 4.53415101e-004
 2.51327412e-001 3.20275864e-001 3.19748292e-001 5.27571345e-004
 2.82743339e-001 3.71319578e-001 3.70155520e-001 1.16405762e-003
 3.14159265e-001 4.24198842e-001 4.23077568e-001 1.12127385e-003
 3.45575192e-001 4.79015301e-001 4.78569719e-001 4.45581477e-004
 3.76991118e-001 5.36225622e-001 5.36685605e-001 4.59982785e-004
 4.08407045e-001 5.96412749e-001 5.97476992e-001 1.06424368e-003
 4.39822972e-001 6.59979670e-001 6.60993554e-001 1.01388402e-003
 4.71238898e-001 7.26942501e-001 7.27282634e-001 3.40133879e-004
 5.02654825e-001 7.96946263e-001 7.96388999e-001 5.57264406e-004
 5.34070751e-001 8.69498036e-001 8.68354578e-001 1.14345777e-003
 5.65486678e-001 9.44282833e-001 9.43218198e-001 1.06463514e-003
 5.96902604e-001 1.02137559e+000 1.02101530e+000 3.60291515e-004
 6.28318531e-001 1.10122115e+000 1.10177764e+000 5.56494117e-004
 6.59734457e-001 1.18439072e+000 1.18553302e+000 1.14230238e-003
 6.91150384e-001 1.27125737e+000 1.27230491e+000 1.04753963e-003
 7.22566310e-001 1.36178413e+000 1.36211218e+000 3.28049494e-004
 7.53982237e-001 1.45555337e+000 1.45496874e+000 5.84622868e-004
 7.85398163e-001 1.55202288e+000 1.55088320e+000 1.13968577e-003
 8.16814090e-001 1.65085710e+000 1.64985847e+000 9.98631455e-004
 8.48230016e-001 1.75213394e+000 1.75189144e+000 2.42500628e-004
 8.79645943e-001 1.85630017e+000 1.85697256e+000 6.72386201e-004
 9.11061870e-001 1.96389832e+000 1.96508546e+000 1.18713862e-003
 9.42477796e-001 2.07522711e+000 2.07620652e+000 9.79406506e-004
 9.73893723e-001 2.19014069e+000 2.19030447e+000 1.63785310e-004
 1.00530965e+000 2.30811080e+000 2.30733996e+000 7.70847758e-004
 1.03672558e+000 2.42851865e+000 2.42726507e+000 1.25358086e-003
 1.06814150e+000 2.55100223e+000 2.55002291e+000 9.79312899e-004
 1.09955743e+000 2.67564803e+000 2.67554714e+000 1.00886483e-004
 1.13097336e+000 2.80290637e+000 2.80376147e+000 8.55105068e-004
 1.16238928e+000 2.93327593e+000 2.93457919e+000 1.30326128e-003
 1.19380521e+000 3.06694518e+000 3.06790264e+000 9.57458759e-004
 1.22522113e+000 3.20360900e+000 3.20362276e+000 1.37601040e-005
 1.25663706e+000 3.34257671e+000 3.34161850e+000 9.58203054e-004
 1.28805299e+000 3.48311250e+000 3.48175637e+000 1.35613034e-003
 1.31946891e+000 3.62480499e+000 3.62388980e+000 9.15183330e-004
 1.35088484e+000 3.76773967e+000 3.76785871e+000 1.19041270e-004
 1.38230077e+000 3.91236240e+000 3.91348887e+000 1.12647369e-003
 1.41371669e+000 4.05910838e+000 4.06059136e+000 1.48298150e-003
 1.44513262e+000 4.20801731e+000 4.20896203e+000 9.44723466e-004
 1.47654855e+000 4.35857021e+000 4.35838090e+000 1.89317917e-004
 1.50796447e+000 4.50985520e+000 4.50861158e+000 1.24361793e-003
 1.53938040e+000 4.66097048e+000 4.65940072e+000 1.56975840e-003
 1.57079633e+000 4.81142455e+000 4.81047738e+000 9.47165525e-004
 1.60221225e+000 4.96128669e+000 4.96155248e+000 2.65787699e-004
 1.63362818e+000 5.11098586e+000 5.11231819e+000 1.33233371e-003
 1.66504411e+000 5.26086828e+000 5.26244735e+000 1.57906411e-003
 1.69646003e+000 5.41077693e+000 5.41159287e+000 8.15947859e-004
 1.72787596e+000 5.55991235e+000 5.55938719e+000 5.25163402e-004
 1.75929189e+000 5.70707216e+000 5.70544161e+000 1.63054315e-003
 1.79070781e+000 5.85113708e+000 5.84934583e+000 1.79124376e-003
 1.82212374e+000 5.99151447e+000 5.99066728e+000 8.47187502e-004
 1.85353967e+000 6.12826367e+000 6.12895062e+000 6.86945920e-004
 1.88495559e+000 6.26181088e+000 6.26371715e+000 1.90626770e-003
 1.91637152e+000 6.39240966e+000 6.39446431e+000 2.05465124e-003
 1.94778745e+000 6.51966688e+000 6.52066514e+000 9.98257093e-004
 1.97920337e+000 6.64242920e+000 6.64176775e+000 6.61445690e-004
 2.01061930e+000 6.75911790e+000 6.75719486e+000 1.92304038e-003
 2.04203522e+000 6.86832864e+000 6.86634331e+000 1.98533026e-003
 2.07345115e+000 6.96933972e+000 6.96858362e+000 7.56098661e-004
 2.10486708e+000 7.06220978e+000 7.06325955e+000 1.04977225e-003
 2.13628300e+000 7.14738067e+000 7.14968773e+000 2.30706079e-003
 2.16769893e+000 7.22500104e+000 7.22715726e+000 2.15622227e-003
 2.19911486e+000 7.29437113e+000 7.29492939e+000 5.58255143e-004
 2.23053078e+000 7.35385924e+000 7.35223721e+000 1.62202819e-003
 2.26194671e+000 7.40137219e+000 7.39828542e+000 3.08676452e-003
 2.29336264e+000 7.43512690e+000 7.43225005e+000 2.87684636e-003
 2.32477856e+000 7.45426804e+000 7.45327834e+000 9.89704084e-004
 2.35619449e+000 7.45893982e+000 7.46048854e+000 1.54872231e-003
 2.38761042e+000 7.44972789e+000 7.45296991e+000 3.24201601e-003
 2.41902634e+000 7.42676804e+000 7.42978262e+000 3.01458390e-003
 2.45044227e+000 7.38904555e+000 7.38995783e+000 9.12282464e-004
 2.48185820e+000 7.33433324e+000 7.33249776e+000 1.83547923e-003
 2.51327412e+000 7.25986000e+000 7.25637583e+000 3.48416452e-003
 2.54469005e+000 7.16336106e+000 7.16053693e+000 2.82412706e-003
 2.57610598e+000 7.04389587e+000 7.04389766e+000 1.79381720e-006
 2.60752190e+000 6.90190582e+000 6.90534676e+000 3.44093455e-003
 2.63893783e+000 6.73839950e+000 6.74374551e+000 5.34600334e-003
 2.67035376e+000 6.55367649e+000 6.55792832e+000 4.25183260e-003
 2.70176968e+000 6.34632605e+000 6.34670335e+000 3.77297732e-004
 2.73318561e+000 6.11314990e+000 6.10885319e+000 4.29670643e-003
 2.76460154e+000 5.85016893e+000 5.84313575e+000 7.03318794e-003
 2.79601746e+000 5.55423303e+000 5.54828513e+000 5.94789733e-003
 2.82743339e+000 5.22432462e+000 5.22301271e+000 1.31191344e-003
 2.85884931e+000 4.86170910e+000 4.86600825e+000 4.29914920e-003
 2.89026524e+000 4.46865923e+000 4.47594118e+000 7.28195451e-003
 2.92168117e+000 4.04629833e+000 4.05146201e+000 5.16368387e-003
 2.95309709e+000 3.59273059e+000 3.59120382e+000 1.52676930e-003
 2.98451302e+000 3.10268363e+000 3.09378392e+000 8.89971752e-003
 3.01592895e+000 2.56927797e+000 2.55780566e+000 1.14723053e-002
 3.04734487e+000 1.98751185e+000 1.98186037e+000 5.65148451e-003
 3.07876080e+000 1.35810420e+000 1.36452942e+000 6.42522284e-003
 3.11017673e+000 6.89965173e-001 7.04386497e-001 1.44213236e-002
 3.14159265e+000 3.31176067e-015 2.83382392e-015 4.77936751e-016
