 0.00000000e+000 0.00000000e+000 0.00000000e+000 0.00000000e+000
 3.14159265e-002 3.09989144e-002 3.24132214e-002 1.41430698e-003
 6.28318531e-002 6.44643851e-002 6.68623449e-002 2.39795985e-003
 9.42477796e-002 1.01592474e-001 1.03409224e-001 1.81675072e-003
 1.25663706e-001 1.41957470e-001 1.42115451e-001 1.57981616e-004
 1.57079633e-001 1.84281865e-001 1.83042214e-001 1.23965188e-003
 1.88495559e-001 2.27672485e-001 2.26250143e-001 1.42234215e-003
 2.19911486e-001 2.72353274e-001 2.71799158e-001 5.54116367e-004
 2.51327412e-001 3.19386943e-001 3.19748292e-001 3.61349708e-004
 2.82743339e-001 3.69717646e-001 3.70155520e-001 4.37873876e-004
 3.14159265e-001 4.23392584e-001 4.23077568e-001 3.15015598e-004
 3.45575192e-001 4.79616770e-001 4.78569719e-001 1.04705109e-003
 3.76991118e-001 5.37558394e-001 5.36685605e-001 8.72789359e-004
 4.08407045e-001 5.97182732e-001 5.97476992e-001 2.94260747e-004
 4.39822972e-001 6.59383121e-001 6.60993554e-001 1.61043383e-003
 4.71238898e-001 7.25291175e-001 7.27282634e-001 1.99145922e-003
 5.02654825e-001 7.95354873e-001 7.96388999e-001 1.03412591e-003
 5.34070751e-001 8.68972263e-001 8.68354578e-001 6.17684980e-004
 5.65486678e-001 9.44996219e-001 9.43218198e-001 1.77802140e-003
 5.96902604e-001 1.02268744e+000 1.02101530e+000 1.67214083e-003
 6.28318531e-001 1.10231623e+000 1.10177764e+000 5.38581013e-004
 6.59734457e-001 1.18491557e+000 1.18553302e+000 6.17446485e-004
 6.91150384e-001 1.27140901e+000 1.27230491e+000 8.95894716e-004
 7.22566310e-001 1.36186263e+000 1.36211218e+000 2.49552814e-004
 7.53982237e-001 1.45549555e+000 1.45496874e+000 5.26801615e-004
 7.85398163e-001 1.55142752e+000 1.55088320e+000 5.44324808e-004
 8.16814090e-001 1.64950648e+000 1.64985847e+000 3.51988155e-004
 8.48230016e-001 1.75048776e+000 1.75189144e+000 1.40368005e-003
 8.79645943e-001 1.85539370e+000 1.85697256e+000 1.57885697e-003
 9.11061870e-001 1.96459355e+000 1.96508546e+000 4.91905432e-004
 9.42477796e-001 2.07739950e+000 2.07620652e+000 1.19298322e-003
 9.73893723e-001 2.19254931e+000 2.19030447e+000 2.24484075e-003
 1.00530965e+000 2.30919350e+000 2.30733996e+000 1.85354681e-003
 1.03672558e+000 2.42756492e+000 2.42726507e+000 2.99855080e-004
 1.06814150e+000 2.54876139e+000 2.55002291e+000 1.26152043e-003
 1.09955743e+000 2.67381281e+000 2.67554714e+000 1.73433657e-003
 1.13097336e+000 2.80280886e+000 2.80376147e+000 9.52614758e-004
 1.16238928e+000 2.93481606e+000 2.93457919e+000 2.36868302e-004
 1.19380521e+000 3.06864602e+000 3.06790264e+000 7.43383248e-004
 1.22522113e+000 3.20381266e+000 3.20362276e+000 1.89904905e-004
 1.25663706e+000 3.34085156e+000 3.34161850e+000 7.66940434e-004
 1.28805299e+000 3.48071903e+000 3.48175637e+000 1.03733506e-003
 1.31946891e+000 3.62378356e+000 3.62388980e+000 1.06244841e-004
 1.35088484e+000 3.76929001e+000 3.76785871e+000 1.43129288e-003
 1.38230077e+000 3.91579017e+000 3.91348887e+000 2.30130163e-003
 1.41371669e+000 4.06220831e+000 4.06059136e+000 1.61695051e-003
 1.44513262e+000 4.20864561e+000 4.20896203e+000 3.16416503e-004
 1.47654855e+000 4.35621685e+000 4.35838090e+000 2.16404849e-003
 1.50796447e+000 4.50601496e+000 4.50861158e+000 2.59661958e-003
 1.53938040e+000 4.65804524e+000 4.65940072e+000 1.35548377e-003
 1.57079633e+000 4.81102067e+000 4.81047738e+000 5.43293773e-004
 1.60221225e+000 4.96320298e+000 4.96155248e+000 1.65049955e-003
 1.63362818e+000 5.11359295e+000 5.11231819e+000 1.27476193e-003
 1.66504411e+000 5.26246743e+000 5.26244735e+000 2.00861732e-005
 1.69646003e+000 5.41080282e+000 5.41159287e+000 7.90056863e-004
 1.72787596e+000 5.55907360e+000 5.55938719e+000 3.13583343e-004
 1.75929189e+000 5.70646505e+000 5.70544161e+000 1.02343679e-003
 1.79070781e+000 5.85120655e+000 5.84934583e+000 1.86072260e-003
 1.82212374e+000 5.99177624e+000 5.99066728e+000 1.10895417e-003
 1.85353967e+000 6.12795213e+000 6.12895062e+000 9.98485973e-004
 1.88495559e+000 6.26076831e+000 6.26371715e+000 2.94883398e-003
 1.91637152e+000 6.39133903e+000 6.39446431e+000 3.12528011e-003
 1.94778745e+000 6.51949453e+000 6.52066514e+000 1.17060400e-003
 1.97920337e+000 6.64338711e+000 6.64176775e+000 1.61936306e-003
 2.01061930e+000 6.76045532e+000 6.75719486e+000 3.26045766e-003
 2.04203522e+000 6.86899566e+000 6.86634331e+000 2.65234969e-003
 2.07345115e+000 6.96904332e+000 6.96858362e+000 4.59698034e-004
 2.10486708e+000 7.06180104e+000 7.06325955e+000 1.45851552e-003
 2.13628300e+000 7.14806450e+000 7.14968773e+000 1.62322996e-003
 2.16769893e+000 7.22696553e+000 7.22715726e+000 1.91725626e-004
 2.19911486e+000 7.29612773e+000 7.29492939e+000 1.19834859e-003
 2.23053078e+000 7.35314766e+000 7.35223721e+000 9.10450380e-004
 2.26194671e+000 7.39715191e+000 7.39828542e+000 1.13350925e-003
 2.29336264e+000 7.42904313e+000 7.43225005e+000 3.20692485e-003
 2.32477856e+000 7.45011278e+000 7.45327834e+000 3.16555970e-003
 2.35619449e+000 7.46011485e+000 7.46048854e+000 3.73691691e-004
 2.38761042e+000 7.45645742e+000 7.45296991e+000 3.48751046e-003
 2.41902634e+000 7.43533197e+000 7.42978262e+000 5.54934631e-003
 2.45044227e+000 7.39398784e+000 7.38995783e+000 4.03000696e-003
 2.48185820e+000 7.33230449e+000 7.33249776e+000 1.93272141e-004
 2.51327412e+000 7.25226581e+000 7.25637583e+000 4.11002009e-003
 2.54469005e+000 7.15562413e+000 7.16053693e+000 4.91279971e-003
 2.57610598e+000 7.04160709e+000 7.04389766e+000 2.29057446e-003
 2.60752190e+000 6.90662022e+000 6.90534676e+000 1.27346047e-003
 2.63893783e+000 6.74633081e+000 6.74374551e+000 2.58530502e-003
 2.67035376e+000 6.55849344e+000 6.55792832e+000 5.65116977e-004
 2.70176968e+000 6.34409194e+000 6.34670335e+000 2.61140675e-003
 2.73318561e+000 6.10561387e+000 6.10885319e+000 3.23932128e-003
 2.76460154e+000 5.84366944e+000 5.84313575e+000 5.33698753e-004
 2.79601746e+000 5.55477902e+000 5.54828513e+000 6.49389035e-003
 2.82743339e+000 5.23251073e+000 5.22301271e+000 9.49802486e-003
 2.85884931e+000 4.87153553e+000 4.86600825e+000 5.52728229e-003
 2.89026524e+000 4.47155506e+000 4.47594118e+000 4.38612529e-003
 2.92168117e+000 4.03765268e+000 4.05146201e+000 1.38093293e-002
 2.95309709e+000 3.57606002e+000 3.59120382e+000 1.51438011e-002
 2.98451302e+000 3.08801018e+000 3.09378392e+000 5.77374146e-003
 3.01592895e+000 2.56646269e+000 2.55780566e+000 8.65702501e-003
 3.04734487e+000 1.99914512e+000 1.98186037e+000 1.72847502e-002
 3.07876080e+000 1.37715593e+000 1.36452942e+000 1.26265155e-002
 3.11017673e+000 7.04150513e-001 7.04386497e-001 2.35983775e-004
 3.14159265e+000 3.38363496e-015 2.83382392e-015 5.49811035e-016
