 0.00000000e+000 0.00000000e+000 0.00000000e+000 0.00000000e+000
 3.14159265e-002 3.11629579e-002 3.24132214e-002 1.25026347e-003
 6.28318531e-002 6.32476597e-002 6.68623449e-002 3.61468516e-003
 9.42477796e-002 9.71127423e-002 1.03409224e-001 6.29648200e-003
 1.25663706e-001 1.33496718e-001 1.42115451e-001 8.61873303e-003
 1.57079633e-001 1.72972524e-001 1.83042214e-001 1.00696891e-002
 1.88495559e-001 2.15917939e-001 2.26250143e-001 1.03322044e-002
 2.19911486e-001 2.62504571e-001 2.71799158e-001 9.29458719e-003
 2.51327412e-001 3.12706253e-001 3.19748292e-001 7.04203972e-003
 2.82743339e-001 3.66325711e-001 3.70155520e-001 3.82980888e-003
 3.14159265e-001 4.23036570e-001 4.23077568e-001 4.09984872e-005
 3.45575192e-001 4.82436201e-001 4.78569719e-001 3.86648231e-003
 3.76991118e-001 5.44103906e-001 5.36685605e-001 7.41830080e-003
 4.08407045e-001 6.07658382e-001 5.97476992e-001 1.01813897e-002
 4.39822972e-001 6.72808606e-001 6.60993554e-001 1.18150512e-002
 4.71238898e-001 7.39392953e-001 7.27282634e-001 1.21103184e-002
 5.02654825e-001 8.07402682e-001 7.96388999e-001 1.10136834e-002
 5.34070751e-001 8.76987535e-001 8.68354578e-001 8.63295672e-003
 5.65486678e-001 9.48443113e-001 9.43218198e-001 5.22491463e-003
 5.96902604e-001 1.02218160e+000 1.02101530e+000 1.16629963e-003
 6.28318531e-001 1.09868913e+000 1.10177764e+000 3.08851261e-003
 6.59734457e-001 1.17847454e+000 1.18553302e+000 7.05847441e-003
 6.91150384e-001 1.26201505e+000 1.27230491e+000 1.02898532e-002
 7.22566310e-001 1.34970484e+000 1.36211218e+000 1.24073360e-002
 7.53982237e-001 1.44181208e+000 1.45496874e+000 1.31566602e-002
 7.85398163e-001 1.53844911e+000 1.55088320e+000 1.24340896e-002
 8.16814090e-001 1.63955901e+000 1.64985847e+000 1.02994605e-002
 8.48230016e-001 1.74492015e+000 1.75189144e+000 6.97128298e-003
 8.79645943e-001 1.85416825e+000 1.85697256e+000 2.80430956e-003
 9.11061870e-001 1.96683358e+000 1.96508546e+000 1.74812266e-003
 9.42477796e-001 2.08238953e+000 2.07620652e+000 6.18301162e-003
 9.73893723e-001 2.20030713e+000 2.19030447e+000 1.00026570e-002
 1.00530965e+000 2.32010971e+000 2.30733996e+000 1.27697567e-002
 1.03672558e+000 2.44142171e+000 2.42726507e+000 1.41566400e-002
 1.06814150e+000 2.56400611e+000 2.55002291e+000 1.39832023e-002
 1.09955743e+000 2.68778641e+000 2.67554714e+000 1.22392614e-002
 1.13097336e+000 2.81285014e+000 2.80376147e+000 9.08866885e-003
 1.16238928e+000 2.93943363e+000 2.93457919e+000 4.85444278e-003
 1.19380521e+000 3.06788886e+000 3.06790264e+000 1.37822358e-005
 1.22522113e+000 3.19863599e+000 3.20362276e+000 4.98676533e-003
 1.25663706e+000 3.33210621e+000 3.34161850e+000 9.51229542e-003
 1.28805299e+000 3.46868087e+000 3.48175637e+000 1.30754951e-002
 1.31946891e+000 3.60863348e+000 3.62388980e+000 1.52563262e-002
 1.35088484e+000 3.75208071e+000 3.76785871e+000 1.57780046e-002
 1.38230077e+000 3.89894799e+000 3.91348887e+000 1.45408769e-002
 1.41371669e+000 4.04895360e+000 4.06059136e+000 1.16377566e-002
 1.44513262e+000 4.20161341e+000 4.20896203e+000 7.34862174e-003
 1.47654855e+000 4.35626616e+000 4.35838090e+000 2.11473813e-003
 1.50796447e+000 4.51211709e+000 4.50861158e+000 3.50551228e-003
 1.53938040e+000 4.66829552e+000 4.65940072e+000 8.89480136e-003
 1.57079633e+000 4.82392049e+000 4.81047738e+000 1.34431109e-002
 1.60221225e+000 4.97816762e+000 4.96155248e+000 1.66151364e-002
 1.63362818e+000 5.13032977e+000 5.11231819e+000 1.80115818e-002
 1.66504411e+000 5.27986488e+000 5.26244735e+000 1.74175318e-002
 1.69646003e+000 5.42642514e+000 5.41159287e+000 1.48322681e-002
 1.72787596e+000 5.56986389e+000 5.55938719e+000 1.04767027e-002
 1.75929189e+000 5.71021849e+000 5.70544161e+000 4.77687611e-003
 1.79070781e+000 5.84767030e+000 5.84934583e+000 1.67553066e-003
 1.82212374e+000 5.98248505e+000 5.99066728e+000 8.18223151e-003
 1.85353967e+000 6.11493934e+000 6.12895062e+000 1.40112724e-002
 1.88495559e+000 6.24524061e+000 6.26371715e+000 1.84765360e-002
 1.91637152e+000 6.37344881e+000 6.39446431e+000 2.10155012e-002
 1.94778745e+000 6.49940833e+000 6.52066514e+000 2.12568054e-002
 1.97920337e+000 6.62269785e+000 6.64176775e+000 1.90698981e-002
 2.01061930e+000 6.74260421e+000 6.75719486e+000 1.45906543e-002
 2.04203522e+000 6.85812421e+000 6.86634331e+000 8.21909773e-003
 2.07345115e+000 6.96799545e+000 6.96858362e+000 5.88167800e-004
 2.10486708e+000 7.07075408e+000 7.06325955e+000 7.49452680e-003
 2.13628300e+000 7.16481481e+000 7.14968773e+000 1.51270788e-002
 2.16769893e+000 7.24856558e+000 7.22715726e+000 2.14083171e-002
 2.19911486e+000 7.32046751e+000 7.29492939e+000 2.55381205e-002
 2.23053078e+000 7.37914979e+000 7.35223721e+000 2.69125767e-002
 2.26194671e+000 7.42348894e+000 7.39828542e+000 2.52035164e-002
 2.29336264e+000 7.45266304e+000 7.43225005e+000 2.04129907e-002
 2.32477856e+000 7.46617364e+000 7.45327834e+000 1.28953059e-002
 2.35619449e+000 7.46383068e+000 7.46048854e+000 3.34214282e-003
 2.38761042e+000 7.44569971e+000 7.45296991e+000 7.27019181e-003
 2.41902634e+000 7.41201411e+000 7.42978262e+000 1.77685081e-002
 2.45044227e+000 7.36305900e+000 7.38995783e+000 2.68988296e-002
 2.48185820e+000 7.29903690e+000 7.33249776e+000 3.34608601e-002
 2.51327412e+000 7.21992758e+000 7.25637583e+000 3.64482543e-002
 2.54469005e+000 7.12535634e+000 7.16053693e+000 3.51805906e-002
 2.57610598e+000 7.01448501e+000 7.04389766e+000 2.94126512e-002
 2.60752190e+000 6.88593911e+000 6.90534676e+000 1.94076429e-002
 2.63893783e+000 6.73778218e+000 6.74374551e+000 5.96332443e-003
 2.67035376e+000 6.56754485e+000 6.55792832e+000 9.61652451e-003
 2.70176968e+000 6.37231186e+000 6.34670335e+000 2.56085084e-002
 2.73318561e+000 6.14886542e+000 6.10885319e+000 4.00122279e-002
 2.76460154e+000 5.89387819e+000 5.84313575e+000 5.07424400e-002
 2.79601746e+000 5.60414456e+000 5.54828513e+000 5.58594272e-002
 2.82743339e+000 5.27683501e+000 5.22301271e+000 5.38223029e-002
 2.85884931e+000 4.90975540e+000 4.86600825e+000 4.37471511e-002
 2.89026524e+000 4.50159164e+000 4.47594118e+000 2.56504592e-002
 2.92168117e+000 4.05212044e+000 4.05146201e+000 6.58425657e-004
 2.95309709e+000 3.56236825e+000 3.59120382e+000 2.88355653e-002
 2.98451302e+000 3.03470412e+000 3.09378392e+000 5.90797956e-002
 3.01592895e+000 2.47285625e+000 2.55780566e+000 8.49494153e-002
 3.04734487e+000 1.88184775e+000 1.98186037e+000 1.00012619e-001
 3.07876080e+000 1.26785289e+000 1.36452942e+000 9.66765317e-002
 3.11017673e+000 6.37980878e-001 7.04386497e-001 6.64056188e-002
 3.14159265e+000 3.00039456e-015 2.83382392e-015 1.66570637e-016
