 0.00000000e+000 0.00000000e+000 0.00000000e+000 0.00000000e+000
 3.14159265e-002 3.59769574e-002 3.24132214e-002 3.56373600e-003
 6.28318531e-002 7.21782917e-002 6.68623449e-002 5.31594679e-003
 9.42477796e-002 1.08883977e-001 1.03409224e-001 5.47475317e-003
 1.25663706e-001 1.46467998e-001 1.42115451e-001 4.35254618e-003
 1.57079633e-001 1.85406761e-001 1.83042214e-001 2.36454716e-003
 1.88495559e-001 2.26252421e-001 2.26250143e-001 2.27776001e-006
 2.19911486e-001 2.69575150e-001 2.71799158e-001 2.22400824e-003
 2.51327412e-001 3.15886789e-001 3.19748292e-001 3.86150285e-003
 2.82743339e-001 3.65563842e-001 3.70155520e-001 4.59167824e-003
 3.14159265e-001 4.18789002e-001 4.23077568e-001 4.28856621e-003
 3.45575192e-001 4.75527025e-001 4.78569719e-001 3.04269418e-003
 3.76991118e-001 5.35543313e-001 5.36685605e-001 1.14229186e-003
 4.08407045e-001 5.98463890e-001 5.97476992e-001 9.86897859e-004
 4.39822972e-001 6.63865640e-001 6.60993554e-001 2.87208569e-003
 4.71238898e-001 7.31378164e-001 7.27282634e-001 4.09552975e-003
 5.02654825e-001 8.00775166e-001 7.96388999e-001 4.38616708e-003
 5.34070751e-001 8.72034848e-001 8.68354578e-001 3.68027042e-003
 5.65486678e-001 9.45355182e-001 9.43218198e-001 2.13698445e-003
 5.96902604e-001 1.02111970e+000 1.02101530e+000 1.04400923e-004
 6.28318531e-001 1.09982054e+000 1.10177764e+000 1.95710072e-003
 6.59734457e-001 1.18195530e+000 1.18553302e+000 3.57771329e-003
 6.91150384e-001 1.26792044e+000 1.27230491e+000 4.38446506e-003
 7.22566310e-001 1.35792529e+000 1.36211218e+000 4.18688738e-003
 7.53982237e-001 1.45194641e+000 1.45496874e+000 3.02233283e-003
 7.85398163e-001 1.54973317e+000 1.55088320e+000 1.15002333e-003
 8.16814090e-001 1.65086407e+000 1.64985847e+000 1.00559972e-003
 8.48230016e-001 1.75484151e+000 1.75189144e+000 2.95007630e-003
 8.79645943e-001 1.86120408e+000 1.85697256e+000 4.23152103e-003
 9.11061870e-001 1.96963057e+000 1.96508546e+000 4.54511261e-003
 9.42477796e-001 2.08001192e+000 2.07620652e+000 3.80540014e-003
 9.73893723e-001 2.19247378e+000 2.19030447e+000 2.16930169e-003
 1.00530965e+000 2.30734363e+000 2.30733996e+000 3.67609854e-006
 1.03672558e+000 2.42506903e+000 2.42726507e+000 2.19603945e-003
 1.06814150e+000 2.54610464e+000 2.55002291e+000 3.91827331e-003
 1.09955743e+000 2.67079363e+000 2.67554714e+000 4.75351191e-003
 1.13097336e+000 2.79927038e+000 2.80376147e+000 4.49109895e-003
 1.16238928e+000 2.93140730e+000 2.93457919e+000 3.17188905e-003
 1.19380521e+000 3.06681893e+000 3.06790264e+000 1.08371283e-003
 1.22522113e+000 3.20492324e+000 3.20362276e+000 1.30047986e-003
 1.25663706e+000 3.34504722e+000 3.34161850e+000 3.42871573e-003
 1.28805299e+000 3.48655312e+000 3.48175637e+000 4.79675601e-003
 1.31946891e+000 3.62895644e+000 3.62388980e+000 5.06663859e-003
 1.35088484e+000 3.77200807e+000 3.76785871e+000 4.14935448e-003
 1.38230077e+000 3.91572051e+000 3.91348887e+000 2.23163565e-003
 1.41371669e+000 4.06033062e+000 4.06059136e+000 2.60740792e-004
 1.44513262e+000 4.20620579e+000 4.20896203e+000 2.75623891e-003
 1.47654855e+000 4.35371362e+000 4.35838090e+000 4.66727629e-003
 1.50796447e+000 4.50308435e+000 4.50861158e+000 5.52722804e-003
 1.53938040e+000 4.65429762e+000 4.65940072e+000 5.10309593e-003
 1.57079633e+000 4.80702043e+000 4.81047738e+000 3.45695305e-003
 1.60221225e+000 4.96061213e+000 4.96155248e+000 9.40353390e-004
 1.63362818e+000 5.11419724e+000 5.11231819e+000 1.87904760e-003
 1.66504411e+000 5.26679107e+000 5.26244735e+000 4.34372640e-003
 1.69646003e+000 5.41745059e+000 5.41159287e+000 5.85771188e-003
 1.72787596e+000 5.56541596e+000 5.55938719e+000 6.02877225e-003
 1.75929189e+000 5.71020953e+000 5.70544161e+000 4.76791911e-003
 1.79070781e+000 5.85166734e+000 5.84934583e+000 2.32150909e-003
 1.82212374e+000 5.98989325e+000 5.99066728e+000 7.74030216e-004
 1.85353967e+000 6.12514338e+000 6.12895062e+000 3.80723819e-003
 1.88495559e+000 6.25766482e+000 6.26371715e+000 6.05232574e-003
 1.91637152e+000 6.38752442e+000 6.39446431e+000 6.93989270e-003
 1.94778745e+000 6.51446692e+000 6.52066514e+000 6.19821983e-003
 1.97920337e+000 6.63783689e+000 6.64176775e+000 3.93086158e-003
 2.01061930e+000 6.75658530e+000 6.75719486e+000 6.09558381e-004
 2.04203522e+000 6.86936311e+000 6.86634331e+000 3.01979905e-003
 2.07345115e+000 6.97468396e+000 6.96858362e+000 6.10034167e-003
 2.10486708e+000 7.07112137e+000 7.06325955e+000 7.86181129e-003
 2.13628300e+000 7.15749586e+000 7.14968773e+000 7.80812969e-003
 2.16769893e+000 7.23300780e+000 7.22715726e+000 5.85054259e-003
 2.19911486e+000 7.29728157e+000 7.29492939e+000 2.35218760e-003
 2.23053078e+000 7.35030580e+000 7.35223721e+000 1.93141374e-003
 2.26194671e+000 7.39227722e+000 7.39828542e+000 6.00820356e-003
 2.29336264e+000 7.42337880e+000 7.43225005e+000 8.87125794e-003
 2.32477856e+000 7.44353970e+000 7.45327834e+000 9.73863690e-003
 2.35619449e+000 7.45223203e+000 7.46048854e+000 8.25650689e-003
 2.38761042e+000 7.44835445e+000 7.45296991e+000 4.61545202e-003
 2.41902634e+000 7.43023617e+000 7.42978262e+000 4.53545875e-004
 2.45044227e+000 7.39576949e+000 7.38995783e+000 5.81165983e-003
 2.48185820e+000 7.34265030e+000 7.33249776e+000 1.01525349e-002
 2.51327412e+000 7.26867904e+000 7.25637583e+000 1.23032061e-002
 2.54469005e+000 7.17205761e+000 7.16053693e+000 1.15206767e-002
 2.57610598e+000 7.05161227e+000 7.04389766e+000 7.71461220e-003
 2.60752190e+000 6.90688391e+000 6.90534676e+000 1.53715531e-003
 2.63893783e+000 6.73805093e+000 6.74374551e+000 5.69458046e-003
 2.67035376e+000 6.54568488e+000 6.55792832e+000 1.22434425e-002
 2.70176968e+000 6.33037618e+000 6.34670335e+000 1.63271636e-002
 2.73318561e+000 6.09230040e+000 6.10885319e+000 1.65527916e-002
 2.76460154e+000 5.83081693e+000 5.84313575e+000 1.23188203e-002
 2.79601746e+000 5.54419617e+000 5.54828513e+000 4.08895825e-003
 2.82743339e+000 5.22955629e+000 5.22301271e+000 6.54358633e-003
 2.85884931e+000 4.88305808e+000 4.86600825e+000 1.70498327e-002
 2.89026524e+000 4.50036146e+000 4.47594118e+000 2.44202736e-002
 2.92168117e+000 4.07729762e+000 4.05146201e+000 2.58356127e-002
 2.95309709e+000 3.61066600e+000 3.59120382e+000 1.94621827e-002
 2.98451302e+000 3.09903389e+000 3.09378392e+000 5.24997532e-003
 3.01592895e+000 2.54340575e+000 2.55780566e+000 1.43999098e-002
 3.04734487e+000 1.94764085e+000 1.98186037e+000 3.42195207e-002
 3.07876080e+000 1.31853236e+000 1.36452942e+000 4.59970586e-002
 3.11017673e+000 6.65511596e-001 7.04386497e-001 3.88749009e-002
 3.14159265e+000 3.16996115e-015 2.83382392e-015 3.36137229e-016
