 0.00000000e+000 0.00000000e+000 0.00000000e+000 0.00000000e+000
 3.14159265e-002 3.98160571e-002 3.24132214e-002 7.40283570e-003
 6.28318531e-002 7.72830188e-002 6.68623449e-002 1.04206739e-002
 9.42477796e-002 1.11681930e-001 1.03409224e-001 8.27270593e-003
 1.25663706e-001 1.44600121e-001 1.42115451e-001 2.48466989e-003
 1.57079633e-001 1.79256403e-001 1.83042214e-001 3.78581009e-003
 1.88495559e-001 2.18866075e-001 2.26250143e-001 7.38406799e-003
 2.19911486e-001 2.64993790e-001 2.71799158e-001 6.80536759e-003
 2.51327412e-001 3.16844145e-001 3.19748292e-001 2.90414732e-003
 2.82743339e-001 3.71887463e-001 3.70155520e-001 1.73194299e-003
 3.14159265e-001 4.27437882e-001 4.23077568e-001 4.36031358e-003
 3.45575192e-001 4.82251000e-001 4.78569719e-001 3.68128048e-003
 3.76991118e-001 5.37210193e-001 5.36685605e-001 5.24587487e-004
 4.08407045e-001 5.94719555e-001 5.97476992e-001 2.75743742e-003
 4.39822972e-001 6.57190694e-001 6.60993554e-001 3.80286046e-003
 4.71238898e-001 7.25545110e-001 7.27282634e-001 1.73752402e-003
 5.02654825e-001 7.98638551e-001 7.96388999e-001 2.24955187e-003
 5.34070751e-001 8.73959134e-001 8.68354578e-001 5.60455587e-003
 5.65486678e-001 9.49186763e-001 9.43218198e-001 5.96856545e-003
 5.96902604e-001 1.02368075e+000 1.02101530e+000 2.66545211e-003
 6.28318531e-001 1.09899521e+000 1.10177764e+000 2.78243516e-003
 6.59734457e-001 1.17809022e+000 1.18553302e+000 7.44279377e-003
 6.91150384e-001 1.26367698e+000 1.27230491e+000 8.62792762e-003
 7.22566310e-001 1.35665282e+000 1.36211218e+000 5.45935825e-003
 7.53982237e-001 1.45554139e+000 1.45496874e+000 5.72642950e-004
 7.85398163e-001 1.55727533e+000 1.55088320e+000 6.39213009e-003
 8.16814090e-001 1.65888216e+000 1.64985847e+000 9.02368918e-003
 8.48230016e-001 1.75911164e+000 1.75189144e+000 7.22019961e-003
 8.79645943e-001 1.85908024e+000 1.85697256e+000 2.10767853e-003
 9.11061870e-001 1.96158058e+000 1.96508546e+000 3.50487759e-003
 9.42477796e-001 2.06947455e+000 2.07620652e+000 6.73196919e-003
 9.73893723e-001 2.18410721e+000 2.19030447e+000 6.19726717e-003
 1.00530965e+000 2.30464532e+000 2.30733996e+000 2.69463080e-003
 1.03672558e+000 2.42868620e+000 2.42726507e+000 1.42113426e-003
 1.06814150e+000 2.55373359e+000 2.55002291e+000 3.71067556e-003
 1.09955743e+000 2.67864125e+000 2.67554714e+000 3.09410638e-003
 1.13097336e+000 2.80416915e+000 2.80376147e+000 4.07675719e-004
 1.16238928e+000 2.93234837e+000 2.93457919e+000 2.23081695e-003
 1.19380521e+000 3.06507362e+000 3.06790264e+000 2.82901794e-003
 1.22522113e+000 3.20280290e+000 3.20362276e+000 8.19858725e-004
 1.25663706e+000 3.34416871e+000 3.34161850e+000 2.55020844e-003
 1.28805299e+000 3.48674314e+000 3.48175637e+000 4.98676938e-003
 1.31946891e+000 3.62849030e+000 3.62388980e+000 4.60049426e-003
 1.35088484e+000 3.76901360e+000 3.76785871e+000 1.15488621e-003
 1.38230077e+000 3.90981908e+000 3.91348887e+000 3.66978994e-003
 1.41371669e+000 4.05340512e+000 4.06059136e+000 7.18623603e-003
 1.44513262e+000 4.20169943e+000 4.20896203e+000 7.26260196e-003
 1.47654855e+000 4.35476904e+000 4.35838090e+000 3.61185855e-003
 1.50796447e+000 4.51058183e+000 4.50861158e+000 1.97025094e-003
 1.53938040e+000 4.66598118e+000 4.65940072e+000 6.58046145e-003
 1.57079633e+000 4.81831572e+000 4.81047738e+000 7.83833892e-003
 1.60221225e+000 4.96677307e+000 4.96155248e+000 5.22059115e-003
 1.63362818e+000 5.11263737e+000 5.11231819e+000 3.19180537e-004
 1.66504411e+000 5.25832624e+000 5.26244735e+000 4.12110476e-003
 1.69646003e+000 5.40578537e+000 5.41159287e+000 5.80750254e-003
 1.72787596e+000 5.55519591e+000 5.55938719e+000 4.19127382e-003
 1.75929189e+000 5.70475518e+000 5.70544161e+000 6.86432389e-004
 1.79070781e+000 5.85164022e+000 5.84934583e+000 2.29438677e-003
 1.82212374e+000 5.99354830e+000 5.99066728e+000 2.88101492e-003
 1.85353967e+000 6.12986091e+000 6.12895062e+000 9.10297859e-004
 1.88495559e+000 6.26171099e+000 6.26371715e+000 2.00616078e-003
 1.91637152e+000 6.39090921e+000 6.39446431e+000 3.55509788e-003
 1.94778745e+000 6.51839579e+000 6.52066514e+000 2.26934593e-003
 1.97920337e+000 6.64319257e+000 6.64176775e+000 1.42481672e-003
 2.01061930e+000 6.76254102e+000 6.75719486e+000 5.34616080e-003
 2.04203522e+000 6.87318891e+000 6.86634331e+000 6.84559944e-003
 2.07345115e+000 6.97306694e+000 6.96858362e+000 4.48331964e-003
 2.10486708e+000 7.06232143e+000 7.06325955e+000 9.38129446e-004
 2.13628300e+000 7.14302258e+000 7.14968773e+000 6.66514790e-003
 2.16769893e+000 7.21765475e+000 7.22715726e+000 9.50250638e-003
 2.19911486e+000 7.28724726e+000 7.29492939e+000 7.68212879e-003
 2.23053078e+000 7.35026166e+000 7.35223721e+000 1.97555391e-003
 2.26194671e+000 7.40293786e+000 7.39828542e+000 4.65244228e-003
 2.29336264e+000 7.44094591e+000 7.43225005e+000 8.69585144e-003
 2.32477856e+000 7.46139648e+000 7.45327834e+000 8.11814707e-003
 2.35619449e+000 7.46401620e+000 7.46048854e+000 3.52765815e-003
 2.38761042e+000 7.45076252e+000 7.45296991e+000 2.20738174e-003
 2.41902634e+000 7.42407924e+000 7.42978262e+000 5.70337799e-003
 2.45044227e+000 7.38482837e+000 7.38995783e+000 5.12946546e-003
 2.48185820e+000 7.33116616e+000 7.33249776e+000 1.33160099e-003
 2.51327412e+000 7.25909194e+000 7.25637583e+000 2.71610343e-003
 2.54469005e+000 7.16438591e+000 7.16053693e+000 3.84897799e-003
 2.57610598e+000 7.04476580e+000 7.04389766e+000 8.68142800e-004
 2.60752190e+000 6.90088531e+000 6.90534676e+000 4.46144532e-003
 2.63893783e+000 6.73543742e+000 6.74374551e+000 8.30809172e-003
 2.67035376e+000 6.55077220e+000 6.55792832e+000 7.15612228e-003
 2.70176968e+000 6.34641889e+000 6.34670335e+000 2.84457015e-004
 2.73318561e+000 6.11809985e+000 6.10885319e+000 9.24665679e-003
 2.76460154e+000 5.85905428e+000 5.84313575e+000 1.59185350e-002
 2.79601746e+000 5.56313886e+000 5.54828513e+000 1.48537318e-002
 2.82743339e+000 5.22800876e+000 5.22301271e+000 4.99605017e-003
 2.85884931e+000 4.85642553e+000 4.86600825e+000 9.58271883e-003
 2.89026524e+000 4.45463002e+000 4.47594118e+000 2.13111595e-002
 2.92168117e+000 4.02834692e+000 4.05146201e+000 2.31150923e-002
 2.95309709e+000 3.57847624e+000 3.59120382e+000 1.27275806e-002
 2.98451302e+000 3.09900583e+000 3.09378392e+000 5.22190939e-003
 3.01592895e+000 2.57877865e+000 2.55780566e+000 2.09729843e-002
 3.04734487e+000 2.00684391e+000 1.98186037e+000 2.49835378e-002
 3.07876080e+000 1.37916809e+000 1.36452942e+000 1.46386750e-002
 3.11017673e+000 7.03525588e-001 7.04386497e-001 8.60909048e-004
 3.14159265e+000 3.36844135e-015 2.83382392e-015 5.34617427e-016
