 0.00000000e+000 0.00000000e+000 0.00000000e+000 0.00000000e+000
 3.14159265e-002 -1.07151404e-001 3.24132214e-002 1.39564626e-001
 6.28318531e-002 -7.69633555e-001 6.68623449e-002 8.36495900e-001
 9.42477796e-002 -2.16717285e+000 1.03409224e-001 2.27058207e+000
 1.25663706e-001 -3.97673904e+000 1.42115451e-001 4.11885449e+000
 1.57079633e-001 -5.58009355e+000 1.83042214e-001 5.76313577e+000
 1.88495559e-001 -6.47207584e+000 2.26250143e-001 6.69832598e+000
 2.19911486e-001 -6.59992282e+000 2.71799158e-001 6.87172198e+000
 2.51327412e-001 -6.40272307e+000 3.19748292e-001 6.72247136e+000
 2.82743339e-001 -6.51260603e+000 3.70155520e-001 6.88276155e+000
 3.14159265e-001 -7.30460240e+000 4.23077568e-001 7.72767997e+000
 3.45575192e-001 -8.59419486e+000 4.78569719e-001 9.07276458e+000
 3.76991118e-001 -9.70190263e+000 5.36685605e-001 1.02385882e+001
 4.08407045e-001 -9.87468291e+000 5.97476992e-001 1.04721599e+001
 4.39822972e-001 -8.81504143e+000 6.60993554e-001 9.47603498e+000
 4.71238898e-001 -6.97471639e+000 7.27282634e-001 7.70199902e+000
 5.02654825e-001 -5.39114898e+000 7.96388999e-001 6.18753798e+000
 5.34070751e-001 -5.11941503e+000 8.68354578e-001 5.98776961e+000
 5.65486678e-001 -6.57664924e+000 9.43218198e-001 7.51986744e+000
 5.96902604e-001 -9.20261144e+000 1.02101530e+000 1.02236267e+001
 6.28318531e-001 -1.16812057e+001 1.10177764e+000 1.27829833e+001
 6.59734457e-001 -1.26436826e+001 1.18553302e+000 1.38292156e+001
 6.91150384e-001 -1.14724944e+001 1.27230491e+000 1.27447993e+001
 7.22566310e-001 -8.73160073e+000 1.36211218e+000 1.00937129e+001
 7.53982237e-001 -5.93568948e+000 1.45496874e+000 7.39065822e+000
 7.85398163e-001 -4.74358983e+000 1.55088320e+000 6.29447302e+000
 8.16814090e-001 -6.00861956e+000 1.64985847e+000 7.65847802e+000
 8.48230016e-001 -9.23195739e+000 1.75189144e+000 1.09838488e+001
 8.79645943e-001 -1.27632041e+001 1.85697256e+000 1.46201767e+001
 9.11061870e-001 -1.46764610e+001 1.96508546e+000 1.66415464e+001
 9.42477796e-001 -1.38534134e+001 2.07620652e+000 1.59296200e+001
 9.73893723e-001 -1.06603425e+001 2.19030447e+000 1.28506470e+001
 1.00530965e+000 -6.81021528e+000 2.30733996e+000 9.11755523e+000
 1.03672558e+000 -4.45126599e+000 2.42726507e+000 6.87853106e+000
 1.06814150e+000 -4.96946609e+000 2.55002291e+000 7.51948900e+000
 1.09955743e+000 -8.17607432e+000 2.67554714e+000 1.08516215e+001
 1.13097336e+000 -1.23570327e+001 2.80376147e+000 1.51607942e+001
 1.16238928e+000 -1.51864459e+001 2.93457919e+000 1.81210251e+001
 1.19380521e+000 -1.50145246e+001 3.06790264e+000 1.80824273e+001
 1.22522113e+000 -1.18123084e+001 3.20362276e+000 1.50159312e+001
 1.25663706e+000 -7.22946186e+000 3.34161850e+000 1.05710804e+001
 1.28805299e+000 -3.70938904e+000 3.48175637e+000 7.19114541e+000
 1.31946891e+000 -3.13798635e+000 3.62388980e+000 6.76187615e+000
 1.35088484e+000 -5.77688423e+000 3.76785871e+000 9.54474294e+000
 1.38230077e+000 -1.00872566e+001 3.91348887e+000 1.40007454e+001
 1.41371669e+000 -1.35596716e+001 4.06059136e+000 1.76202630e+001
 1.44513262e+000 -1.41005443e+001 4.20896203e+000 1.83095064e+001
 1.47654855e+000 -1.12051397e+001 4.35838090e+000 1.55635206e+001
 1.50796447e+000 -6.25606593e+000 4.50861158e+000 1.07646775e+001
 1.53938040e+000 -1.76940437e+000 4.65940072e+000 6.42880508e+000
 1.57079633e+000 -2.22044605e-012 4.81047738e+000 4.81047738e+000
 1.60221225e+000 -1.68156860e+000 4.96155248e+000 6.64312108e+000
 1.63362818e+000 -5.60840780e+000 5.11231819e+000 1.07207260e+001
 1.66504411e+000 -9.29849611e+000 5.26244735e+000 1.45609435e+001
 1.69646003e+000 -1.03725733e+001 5.41159287e+000 1.57841661e+001
 1.72787596e+000 -7.88028861e+000 5.55938719e+000 1.34396758e+001
 1.75929189e+000 -2.83096321e+000 5.70544161e+000 8.53640483e+000
 1.79070781e+000 2.36993839e+000 5.84934583e+000 3.47940745e+000
 1.82212374e+000 5.26481572e+000 5.99066728e+000 7.25851563e-001
 1.85353967e+000 4.71673371e+000 6.12895062e+000 1.41221690e+000
 1.88495559e+000 1.54271391e+000 6.26371715e+000 4.72100323e+000
 1.91637152e+000 -1.94638186e+000 6.39446431e+000 8.34084617e+000
 1.94778745e+000 -3.24045957e+000 6.52066514e+000 9.76112471e+000
 1.97920337e+000 -1.03327006e+000 6.64176775e+000 7.67503781e+000
 2.01061930e+000 4.05152630e+000 6.75719486e+000 2.70566856e+000
 2.04203522e+000 9.81598758e+000 6.86634331e+000 2.94964426e+000
 2.07345115e+000 1.37233647e+001 6.96858362e+000 6.75478109e+000
 2.10486708e+000 1.43198124e+001 7.06325955e+000 7.25655282e+000
 2.13628300e+000 1.20466623e+001 7.14968773e+000 4.89697461e+000
 2.16769893e+000 8.99077398e+000 7.22715726e+000 1.76361672e+000
 2.19911486e+000 7.71511580e+000 7.29492939e+000 4.20186415e-001
 2.23053078e+000 9.82457067e+000 7.35223721e+000 2.47233346e+000
 2.26194671e+000 1.50674424e+001 7.39828542e+000 7.66915702e+000
 2.29336264e+000 2.14723915e+001 7.43225005e+000 1.40401414e+001
 2.32477856e+000 2.64435321e+001 7.45327834e+000 1.89902538e+001
 2.35619449e+000 2.82051802e+001 7.46048854e+000 2.07446917e+001
 2.38761042e+000 2.67959510e+001 7.45296991e+000 1.93429811e+001
 2.41902634e+000 2.40627012e+001 7.42978262e+000 1.66329186e+001
 2.45044227e+000 2.26562308e+001 7.38995783e+000 1.52662730e+001
 2.48185820e+000 2.45773986e+001 7.33249776e+000 1.72449009e+001
 2.51327412e+000 3.00658856e+001 7.25637583e+000 2.28095098e+001
 2.54469005e+000 3.74357095e+001 7.16053693e+000 3.02751726e+001
 2.57610598e+000 4.39496094e+001 7.04389766e+000 3.69057118e+001
 2.60752190e+000 4.72688358e+001 6.90534676e+000 4.03634890e+001
 2.63893783e+000 4.67126579e+001 6.74374551e+000 3.99689124e+001
 2.67035376e+000 4.36669447e+001 6.55792832e+000 3.71090164e+001
 2.70176968e+000 4.09273720e+001 6.34670335e+000 3.45806687e+001
 2.73318561e+000 4.13078717e+001 6.10885319e+000 3.51990186e+001
 2.76460154e+000 4.62059315e+001 5.84313575e+000 4.03627957e+001
 2.79601746e+000 5.48193887e+001 5.54828513e+000 4.92711036e+001
 2.82743339e+000 6.43728971e+001 5.22301271e+000 5.91498843e+001
 2.85884931e+000 7.12239168e+001 4.86600825e+000 6.63579086e+001
 2.89026524e+000 7.23255372e+001 4.47594118e+000 6.78495960e+001
 2.92168117e+000 6.64038117e+001 4.05146201e+000 6.23523497e+001
 2.95309709e+000 5.43863361e+001 3.59120382e+000 5.07951323e+001
 2.98451302e+000 3.89769176e+001 3.09378392e+000 3.58831336e+001
 3.01592895e+000 2.36228883e+001 2.55780566e+000 2.10650827e+001
 3.04734487e+000 1.13167617e+001 1.98186037e+000 9.33490133e+000
 3.07876080e+000 3.66355465e+000 1.36452942e+000 2.29902523e+000
 3.11017673e+000 4.82487221e-001 7.04386497e-001 2.21899276e-001
 3.14159265e+000 2.14849501e-014 2.83382392e-015 1.86511262e-014
