 0.00000000e+000 0.00000000e+000 0.00000000e+000 0.00000000e+000
 3.14159265e-002 3.12008266e-002 3.24132214e-002 1.21239473e-003
 6.28318531e-002 6.33197110e-002 6.68623449e-002 3.54263386e-003
 9.42477796e-002 9.72119772e-002 1.03409224e-001 6.19724714e-003
 1.25663706e-001 1.33613533e-001 1.42115451e-001 8.50191790e-003
 1.57079633e-001 1.73095684e-001 1.83042214e-001 9.94652998e-003
 1.88495559e-001 2.16035707e-001 2.26250143e-001 1.02144357e-002
 2.19911486e-001 2.62605899e-001 2.71799158e-001 9.19325901e-003
 2.51327412e-001 3.12781883e-001 3.19748292e-001 6.96640884e-003
 2.82743339e-001 3.66369104e-001 3.70155520e-001 3.78641605e-003
 3.14159265e-001 4.23044542e-001 4.23077568e-001 3.30264737e-005
 3.45575192e-001 4.82409224e-001 4.78569719e-001 3.83950460e-003
 3.76991118e-001 5.44046024e-001 5.36685605e-001 7.36041841e-003
 4.08407045e-001 6.07576767e-001 5.97476992e-001 1.00997746e-002
 4.39822972e-001 6.72712789e-001 6.60993554e-001 1.17192347e-002
 4.71238898e-001 7.39293817e-001 7.27282634e-001 1.20111826e-002
 5.02654825e-001 8.07311315e-001 7.96388999e-001 1.09223159e-002
 5.34070751e-001 8.76914066e-001 8.68354578e-001 8.55948772e-003
 5.65486678e-001 9.48395654e-001 9.43218198e-001 5.17745643e-003
 5.96902604e-001 1.02216540e+000 1.02101530e+000 1.15009914e-003
 6.28318531e-001 1.09870602e+000 1.10177764e+000 3.07162005e-003
 6.59734457e-001 1.17852276e+000 1.18553302e+000 7.01025268e-003
 6.91150384e-001 1.26208943e+000 1.27230491e+000 1.02154741e-002
 7.22566310e-001 1.34979735e+000 1.36211218e+000 1.23148280e-002
 7.53982237e-001 1.44191269e+000 1.45496874e+000 1.30560544e-002
 7.85398163e-001 1.53854685e+000 1.55088320e+000 1.23363499e-002
 8.16814090e-001 1.63964316e+000 1.64985847e+000 1.02153112e-002
 8.48230016e-001 1.74498138e+000 1.75189144e+000 6.91005477e-003
 8.79645943e-001 1.85419963e+000 1.85697256e+000 2.77292680e-003
 9.11061870e-001 1.96683137e+000 1.96508546e+000 1.74590665e-003
 9.42477796e-001 2.08235357e+000 2.07620652e+000 6.14704810e-003
 9.73893723e-001 2.20024093e+000 2.19030447e+000 9.93645563e-003
 1.00530965e+000 2.32002011e+000 2.30733996e+000 1.26801506e-002
 1.03672558e+000 2.44131816e+000 2.42726507e+000 1.40530926e-002
 1.06814150e+000 2.56389974e+000 2.55002291e+000 1.38768260e-002
 1.09955743e+000 2.68768879e+000 2.67554714e+000 1.21416476e-002
 1.13097336e+000 2.81277213e+000 2.80376147e+000 9.01065031e-003
 1.16238928e+000 2.93938411e+000 2.93457919e+000 4.80491849e-003
 1.19380521e+000 3.06787380e+000 3.06790264e+000 2.88348234e-005
 1.22522113e+000 3.19865777e+000 3.20362276e+000 4.96498367e-003
 1.25663706e+000 3.33216325e+000 3.34161850e+000 9.45525271e-003
 1.28805299e+000 3.46876776e+000 3.48175637e+000 1.29886084e-002
 1.31946891e+000 3.60874145e+000 3.62388980e+000 1.51483542e-002
 1.35088484e+000 3.75219853e+000 3.76785871e+000 1.56601802e-002
 1.38230077e+000 3.89906311e+000 3.91348887e+000 1.44257587e-002
 1.41371669e+000 4.04905345e+000 4.06059136e+000 1.15379150e-002
 1.44513262e+000 4.20168674e+000 4.20896203e+000 7.27529417e-003
 1.47654855e+000 4.35630430e+000 4.35838090e+000 2.07659376e-003
 1.50796447e+000 4.51211495e+000 4.50861158e+000 3.50336524e-003
 1.53938040e+000 4.66825218e+000 4.65940072e+000 8.85145635e-003
 1.57079633e+000 4.82383946e+000 4.81047738e+000 1.33620757e-002
 1.60221225e+000 4.97805657e+000 4.96155248e+000 1.65040847e-002
 1.63362818e+000 5.13019985e+000 5.11231819e+000 1.78816576e-002
 1.66504411e+000 5.27972961e+000 5.26244735e+000 1.72822673e-002
 1.69646003e+000 5.42629909e+000 5.41159287e+000 1.47062176e-002
 1.72787596e+000 5.56976111e+000 5.55938719e+000 1.03739267e-002
 1.75929189e+000 5.71015104e+000 5.70544161e+000 4.70942900e-003
 1.79070781e+000 5.84764688e+000 5.84934583e+000 1.69895122e-003
 1.82212374e+000 5.98250995e+000 5.99066728e+000 8.15732866e-003
 1.85353967e+000 6.11501185e+000 6.12895062e+000 1.39387691e-002
 1.88495559e+000 6.24535486e+000 6.26371715e+000 1.83622909e-002
 1.91637152e+000 6.37359422e+000 6.39446431e+000 2.08700918e-002
 1.94778745e+000 6.49957053e+000 6.52066514e+000 2.10946032e-002
 1.97920337e+000 6.62286004e+000 6.64176775e+000 1.89077120e-002
 2.01061930e+000 6.74274879e+000 6.75719486e+000 1.44460658e-002
 2.04203522e+000 6.85823467e+000 6.86634331e+000 8.10864661e-003
 2.07345115e+000 6.96805805e+000 6.96858362e+000 5.25567337e-004
 2.10486708e+000 7.07075952e+000 7.06325955e+000 7.49996227e-003
 2.13628300e+000 7.16475936e+000 7.14968773e+000 1.50716257e-002
 2.16769893e+000 7.24845178e+000 7.22715726e+000 2.12945174e-002
 2.19911486e+000 7.32030423e+000 7.29492939e+000 2.53748496e-002
 2.23053078e+000 7.37895168e+000 7.35223721e+000 2.67144706e-002
 2.26194671e+000 7.42327521e+000 7.39828542e+000 2.49897866e-002
 2.29336264e+000 7.45245577e+000 7.43225005e+000 2.02057163e-002
 2.32477856e+000 7.46599568e+000 7.45327834e+000 1.27173465e-002
 2.35619449e+000 7.46370340e+000 7.46048854e+000 3.21485878e-003
 2.38761042e+000 7.44564071e+000 7.45296991e+000 7.32920018e-003
 2.41902634e+000 7.41203520e+000 7.42978262e+000 1.77474232e-002
 2.45044227e+000 7.36316464e+000 7.38995783e+000 2.67931972e-002
 2.48185820e+000 7.29922320e+000 7.33249776e+000 3.32745571e-002
 2.51327412e+000 7.22018211e+000 7.25637583e+000 3.61937247e-002
 2.54469005e+000 7.12565864e+000 7.16053693e+000 3.48782937e-002
 2.57610598e+000 7.01480792e+000 7.04389766e+000 2.90897376e-002
 2.60752190e+000 6.88625081e+000 6.90534676e+000 1.90959461e-002
 2.63893783e+000 6.73804869e+000 6.74374551e+000 5.69682029e-003
 2.67035376e+000 6.56773291e+000 6.55792832e+000 9.80458387e-003
 2.70176968e+000 6.37239189e+000 6.34670335e+000 2.56885429e-002
 2.73318561e+000 6.14881429e+000 6.10885319e+000 3.99611029e-002
 2.76460154e+000 5.89368156e+000 5.84313575e+000 5.05458142e-002
 2.79601746e+000 5.60379859e+000 5.54828513e+000 5.55134561e-002
 2.82743339e+000 5.27634724e+000 5.22301271e+000 5.33345291e-002
 2.85884931e+000 4.90914473e+000 4.86600825e+000 4.31364793e-002
 2.89026524e+000 4.50088737e+000 4.47594118e+000 2.49461926e-002
 2.92168117e+000 4.05136043e+000 4.05146201e+000 1.01580858e-004
 2.95309709e+000 3.56159632e+000 3.59120382e+000 2.96075002e-002
 2.98451302e+000 3.03396688e+000 3.09378392e+000 5.98170340e-002
 3.01592895e+000 2.47219970e+000 2.55780566e+000 8.56059600e-002
 3.04734487e+000 1.88131381e+000 1.98186037e+000 1.00546559e-001
 3.07876080e+000 1.26747618e+000 1.36452942e+000 9.70532348e-002
 3.11017673e+000 6.37786105e-001 7.04386497e-001 6.66003924e-002
 3.14159265e+000 1.69234626e-015 2.83382392e-015 1.14147767e-015
