 0.00000000e+000 0.00000000e+000 0.00000000e+000 0.00000000e+000
 3.14159265e-002 3.24503196e-002 3.24132214e-002 3.70981937e-005
 6.28318531e-002 6.61684243e-002 6.68623449e-002 6.93920569e-004
 9.42477796e-002 1.02149654e-001 1.03409224e-001 1.25957015e-003
 1.25663706e-001 1.40936623e-001 1.42115451e-001 1.17882881e-003
 1.57079633e-001 1.82589340e-001 1.83042214e-001 4.52874015e-004
 1.88495559e-001 2.26809004e-001 2.26250143e-001 5.58860459e-004
 2.19911486e-001 2.73163506e-001 2.71799158e-001 1.36434820e-003
 2.51327412e-001 3.21327944e-001 3.19748292e-001 1.57965162e-003
 2.82743339e-001 3.71251893e-001 3.70155520e-001 1.09637239e-003
 3.14159265e-001 4.23196756e-001 4.23077568e-001 1.19187474e-004
 3.45575192e-001 4.77638447e-001 4.78569719e-001 9.31272301e-004
 3.76991118e-001 5.35082636e-001 5.36685605e-001 1.60296919e-003
 4.08407045e-001 5.95871802e-001 5.97476992e-001 1.60519004e-003
 4.39822972e-001 6.60063452e-001 6.60993554e-001 9.30102741e-004
 4.71238898e-001 7.27427766e-001 7.27282634e-001 1.45131705e-004
 5.02654825e-001 7.97563519e-001 7.96388999e-001 1.17451996e-003
 5.34070751e-001 8.70083147e-001 8.68354578e-001 1.72856918e-003
 5.65486678e-001 9.44790458e-001 9.43218198e-001 1.57225986e-003
 5.96902604e-001 1.02177814e+000 1.02101530e+000 7.62841905e-004
 6.28318531e-001 1.10140532e+000 1.10177764e+000 3.72324333e-004
 6.59734457e-001 1.18416424e+000 1.18553302e+000 1.36877621e-003
 6.91150384e-001 1.27049022e+000 1.27230491e+000 1.81468410e-003
 7.22566310e-001 1.36059206e+000 1.36211218e+000 1.52012388e-003
 7.53982237e-001 1.45437192e+000 1.45496874e+000 5.96826185e-004
 7.85398163e-001 1.55146779e+000 1.55088320e+000 5.84592388e-004
 8.16814090e-001 1.65140185e+000 1.64985847e+000 1.54337796e-003
 8.48230016e-001 1.75377518e+000 1.75189144e+000 1.88373892e-003
 8.79645943e-001 1.85842998e+000 1.85697256e+000 1.45741486e-003
 9.11061870e-001 1.96551278e+000 1.96508546e+000 4.27325815e-004
 9.42477796e-001 2.07541187e+000 2.07620652e+000 7.94651274e-004
 9.73893723e-001 2.18859245e+000 2.19030447e+000 1.71202199e-003
 1.00530965e+000 2.30539523e+000 2.30733996e+000 1.94472523e-003
 1.03672558e+000 2.42587927e+000 2.42726507e+000 1.38579233e-003
 1.06814150e+000 2.54977352e+000 2.55002291e+000 2.49391617e-004
 1.09955743e+000 2.67655805e+000 2.67554714e+000 1.01090421e-003
 1.13097336e+000 2.80564404e+000 2.80376147e+000 1.88256138e-003
 1.16238928e+000 2.93658089e+000 2.93457919e+000 2.00170256e-003
 1.19380521e+000 3.06920679e+000 3.06790264e+000 1.30414854e-003
 1.22522113e+000 3.20368031e+000 3.20362276e+000 5.75565131e-005
 1.25663706e+000 3.34037782e+000 3.34161850e+000 1.24068464e-003
 1.28805299e+000 3.47969529e+000 3.48175637e+000 2.06108019e-003
 1.31946891e+000 3.62183281e+000 3.62388980e+000 2.05699181e-003
 1.35088484e+000 3.76664863e+000 3.76785871e+000 1.21008459e-003
 1.38230077e+000 3.91364321e+000 3.91348887e+000 1.54339974e-004
 1.41371669e+000 4.06208276e+000 4.06059136e+000 1.49140198e-003
 1.44513262e+000 4.21121515e+000 4.20896203e+000 2.25312381e-003
 1.47654855e+000 4.36049267e+000 4.35838090e+000 2.11177337e-003
 1.50796447e+000 4.50971114e+000 4.50861158e+000 1.09955784e-003
 1.53938040e+000 4.65900639e+000 4.65940072e+000 3.94326074e-004
 1.57079633e+000 4.80870531e+000 4.81047738e+000 1.77207401e-003
 1.60221225e+000 4.95908748e+000 4.96155248e+000 2.46500421e-003
 1.63362818e+000 5.11015149e+000 5.11231819e+000 2.16669525e-003
 1.66504411e+000 5.26148073e+000 5.26244735e+000 9.66621298e-004
 1.69646003e+000 5.41226610e+000 5.41159287e+000 6.73228880e-004
 1.72787596e+000 5.56148161e+000 5.55938719e+000 2.09442460e-003
 1.75929189e+000 5.70814605e+000 5.70544161e+000 2.70443961e-003
 1.79070781e+000 5.85156739e+000 5.84934583e+000 2.22155790e-003
 1.82212374e+000 5.99146929e+000 5.99066728e+000 8.02012418e-004
 1.85353967e+000 6.12794377e+000 6.12895062e+000 1.00684988e-003
 1.88495559e+000 6.26124207e+000 6.26371715e+000 2.47507691e-003
 1.91637152e+000 6.39148246e+000 6.39446431e+000 2.98184631e-003
 1.94778745e+000 6.51839016e+000 6.52066514e+000 2.27497928e-003
 1.97920337e+000 6.64117672e+000 6.64176775e+000 5.91025799e-004
 2.01061930e+000 6.75861414e+000 6.75719486e+000 1.41927954e-003
 2.04203522e+000 6.86928206e+000 6.86634331e+000 2.93875214e-003
 2.07345115e+000 6.97189544e+000 6.96858362e+000 3.31182037e-003
 2.10486708e+000 7.06558246e+000 7.06325955e+000 2.32290448e-003
 2.13628300e+000 7.14999655e+000 7.14968773e+000 3.08815997e-004
 2.16769893e+000 7.22520766e+000 7.22715726e+000 1.94959992e-003
 2.19911486e+000 7.29140494e+000 7.29492939e+000 3.52444851e-003
 2.23053078e+000 7.34852152e+000 7.35223721e+000 3.71568752e-003
 2.26194671e+000 7.39593031e+000 7.39828542e+000 2.35511018e-003
 2.29336264e+000 7.43233954e+000 7.43225005e+000 8.94905695e-005
 2.32477856e+000 7.45594388e+000 7.45327834e+000 2.66554202e-003
 2.35619449e+000 7.46478598e+000 7.46048854e+000 4.29744256e-003
 2.38761042e+000 7.45719509e+000 7.45296991e+000 4.22518451e-003
 2.41902634e+000 7.43212806e+000 7.42978262e+000 2.34543518e-003
 2.45044227e+000 7.38926538e+000 7.38995783e+000 6.92454130e-004
 2.48185820e+000 7.32880319e+000 7.33249776e+000 3.69457450e-003
 2.51327412e+000 7.25100115e+000 7.25637583e+000 5.37468074e-003
 2.54469005e+000 7.15565091e+000 7.16053693e+000 4.88601788e-003
 2.57610598e+000 7.04167637e+000 7.04389766e+000 2.22128790e-003
 2.60752190e+000 6.90704355e+000 6.90534676e+000 1.69679508e-003
 2.63893783e+000 6.74904915e+000 6.74374551e+000 5.30364040e-003
 2.67035376e+000 6.56491074e+000 6.55792832e+000 6.98241557e-003
 2.70176968e+000 6.35245076e+000 6.34670335e+000 5.74741020e-003
 2.73318561e+000 6.11060452e+000 6.10885319e+000 1.75133199e-003
 2.76460154e+000 5.83952006e+000 5.84313575e+000 3.61568941e-003
 2.79601746e+000 5.54015067e+000 5.54828513e+000 8.13446126e-003
 2.82743339e+000 5.21342953e+000 5.22301271e+000 9.58317737e-003
 2.85884931e+000 4.85929442e+000 4.86600825e+000 6.71382393e-003
 2.89026524e+000 4.47593305e+000 4.47594118e+000 8.13645623e-006
 2.92168117e+000 4.05959962e+000 4.05146201e+000 8.13760893e-003
 2.95309709e+000 3.60520614e+000 3.59120382e+000 1.40023189e-002
 2.98451302e+000 3.10765531e+000 3.09378392e+000 1.38713924e-002
 3.01592895e+000 2.56362981e+000 2.55780566e+000 5.82414967e-003
 3.04734487e+000 1.97336696e+000 1.98186037e+000 8.49341162e-003
 3.07876080e+000 1.34189632e+000 1.36452942e+000 2.26330999e-002
 3.11017673e+000 6.79325329e-001 7.04386497e-001 2.50611680e-002
 3.14159265e+000 3.24818507e-015 2.83382392e-015 4.14361147e-016
