 0.00000000e+000 0.00000000e+000 0.00000000e+000 0.00000000e+000
 3.14159265e-002 3.26097233e-002 3.24132214e-002 1.96501961e-004
 6.28318531e-002 6.50315304e-002 6.68623449e-002 1.83081448e-003
 9.42477796e-002 9.70905704e-002 1.03409224e-001 6.31865390e-003
 1.25663706e-001 1.28637757e-001 1.42115451e-001 1.34776943e-002
 1.57079633e-001 1.59561746e-001 1.83042214e-001 2.34804676e-002
 1.88495559e-001 1.89799850e-001 2.26250143e-001 3.64502932e-002
 2.19911486e-001 2.19347584e-001 2.71799158e-001 5.24515742e-002
 2.51327412e-001 2.48266558e-001 3.19748292e-001 7.14817342e-002
 2.82743339e-001 2.76690493e-001 3.70155520e-001 9.34650274e-002
 3.14159265e-001 3.04829159e-001 4.23077568e-001 1.18248409e-001
 3.45575192e-001 3.32970118e-001 4.78569719e-001 1.45599601e-001
 3.76991118e-001 3.61478180e-001 5.36685605e-001 1.75207425e-001
 4.08407045e-001 3.90792560e-001 5.97476992e-001 2.06684432e-001
 4.39822972e-001 4.21421778e-001 6.60993554e-001 2.39571776e-001
 4.71238898e-001 4.53936392e-001 7.27282634e-001 2.73346243e-001
 5.02654825e-001 4.88959723e-001 7.96388999e-001 3.07429276e-001
 5.34070751e-001 5.27156776e-001 8.68354578e-001 3.41197802e-001
 5.65486678e-001 5.69221614e-001 9.43218198e-001 3.73996584e-001
 5.96902604e-001 6.15863465e-001 1.02101530e+000 4.05151834e-001
 6.28318531e-001 6.67791907e-001 1.10177764e+000 4.33985737e-001
 6.59734457e-001 7.25701468e-001 1.18553302e+000 4.59831549e-001
 6.91150384e-001 7.90256020e-001 1.27230491e+000 4.82048887e-001
 7.22566310e-001 8.62073335e-001 1.36211218e+000 5.00038844e-001
 7.53982237e-001 9.41710188e-001 1.45496874e+000 5.13258555e-001
 7.85398163e-001 1.02964836e+000 1.55088320e+000 5.21234838e-001
 8.16814090e-001 1.12628189e+000 1.64985847e+000 5.23576582e-001
 8.48230016e-001 1.23190587e+000 1.75189144e+000 5.19985564e-001
 8.79645943e-001 1.34670716e+000 1.85697256e+000 5.10265402e-001
 9.11061870e-001 1.47075702e+000 1.96508546e+000 4.94328438e-001
 9.42477796e-001 1.60400618e+000 2.07620652e+000 4.72200342e-001
 9.73893723e-001 1.74628215e+000 2.19030447e+000 4.44022322e-001
 1.00530965e+000 1.89728910e+000 2.30733996e+000 4.10050857e-001
 1.03672558e+000 2.05661011e+000 2.42726507e+000 3.70654952e-001
 1.06814150e+000 2.22371196e+000 2.55002291e+000 3.26310956e-001
 1.09955743e+000 2.39795210e+000 2.67554714e+000 2.77595045e-001
 1.13097336e+000 2.57858794e+000 2.80376147e+000 2.25173540e-001
 1.16238928e+000 2.76478791e+000 2.93457919e+000 1.69791273e-001
 1.19380521e+000 2.95564438e+000 3.06790264e+000 1.12258261e-001
 1.22522113e+000 3.15018777e+000 3.20362276e+000 5.34349896e-002
 1.25663706e+000 3.34740186e+000 3.34161850e+000 5.78335197e-003
 1.28805299e+000 3.54623970e+000 3.48175637e+000 6.44833324e-002
 1.31946891e+000 3.74563986e+000 3.62388980e+000 1.21750052e-001
 1.35088484e+000 3.94454256e+000 3.76785871e+000 1.76683849e-001
 1.38230077e+000 4.14190543e+000 3.91348887e+000 2.28416559e-001
 1.41371669e+000 4.33671832e+000 4.06059136e+000 2.76126958e-001
 1.44513262e+000 4.52801707e+000 4.20896203e+000 3.19055040e-001
 1.47654855e+000 4.71489572e+000 4.35838090e+000 3.56514823e-001
 1.50796447e+000 4.89651697e+000 4.50861158e+000 3.87905393e-001
 1.53938040e+000 5.07212068e+000 4.65940072e+000 4.12719964e-001
 1.57079633e+000 5.24103014e+000 4.81047738e+000 4.30552761e-001
 1.60221225e+000 5.40265609e+000 4.96155248e+000 4.41103614e-001
 1.63362818e+000 5.55649838e+000 5.11231819e+000 4.44180186e-001
 1.66504411e+000 5.70214518e+000 5.26244735e+000 4.39697830e-001
 1.69646003e+000 5.83927000e+000 5.41159287e+000 4.27677128e-001
 1.72787596e+000 5.96762642e+000 5.55938719e+000 4.08239233e-001
 1.75929189e+000 6.08704079e+000 5.70544161e+000 3.81599176e-001
 1.79070781e+000 6.19740320e+000 5.84934583e+000 3.48057364e-001
 1.82212374e+000 6.29865682e+000 5.99066728e+000 3.07989541e-001
 1.85353967e+000 6.39078613e+000 6.12895062e+000 2.61835517e-001
 1.88495559e+000 6.47380417e+000 6.26371715e+000 2.10087021e-001
 1.91637152e+000 6.54773933e+000 6.39446431e+000 1.53275021e-001
 1.94778745e+000 6.61262205e+000 6.52066514e+000 9.19569165e-002
 1.97920337e+000 6.66847173e+000 6.64176775e+000 2.67039804e-002
 2.01061930e+000 6.71528428e+000 6.75719486e+000 4.19105768e-002
 2.04203522e+000 6.75302077e+000 6.86634331e+000 1.13322538e-001
 2.07345115e+000 6.78159735e+000 6.96858362e+000 1.86986276e-001
 2.10486708e+000 6.80087686e+000 7.06325955e+000 2.62382694e-001
 2.13628300e+000 6.81066248e+000 7.14968773e+000 3.39025254e-001
 2.16769893e+000 6.81069340e+000 7.22715726e+000 4.16463861e-001
 2.19911486e+000 6.80064294e+000 7.29492939e+000 4.94286443e-001
 2.23053078e+000 6.78011909e+000 7.35223721e+000 5.72118118e-001
 2.26194671e+000 6.74866752e+000 7.39828542e+000 6.49617896e-001
 2.29336264e+000 6.70577710e+000 7.43225005e+000 7.26472950e-001
 2.32477856e+000 6.65088782e+000 7.45327834e+000 8.02390514e-001
 2.35619449e+000 6.58340096e+000 7.46048854e+000 8.77087582e-001
 2.38761042e+000 6.50269132e+000 7.45296991e+000 9.50278583e-001
 2.41902634e+000 6.40812130e+000 7.42978262e+000 1.02166132e+000
 2.45044227e+000 6.29905640e+000 7.38995783e+000 1.09090144e+000
 2.48185820e+000 6.17488189e+000 7.33249776e+000 1.15761587e+000
 2.51327412e+000 6.03502034e+000 7.25637583e+000 1.22135549e+000
 2.54469005e+000 5.87894937e+000 7.16053693e+000 1.28158756e+000
 2.57610598e+000 5.70621942e+000 7.04389766e+000 1.33767824e+000
 2.60752190e+000 5.51647103e+000 6.90534676e+000 1.38887573e+000
 2.63893783e+000 5.30945115e+000 6.74374551e+000 1.43429436e+000
 2.67035376e+000 5.08502819e+000 6.55792832e+000 1.47290014e+000
 2.70176968e+000 4.84320528e+000 6.34670335e+000 1.50349807e+000
 2.73318561e+000 4.58413156e+000 6.10885319e+000 1.52472163e+000
 2.76460154e+000 4.30811104e+000 5.84313575e+000 1.53502471e+000
 2.79601746e+000 4.01560883e+000 5.54828513e+000 1.53267630e+000
 2.82743339e+000 3.70725459e+000 5.22301271e+000 1.51575812e+000
 2.85884931e+000 3.38384297e+000 4.86600825e+000 1.48216528e+000
 2.89026524e+000 3.04633103e+000 4.47594118e+000 1.42961015e+000
 2.92168117e+000 2.69583264e+000 4.05146201e+000 1.35562937e+000
 2.95309709e+000 2.33360987e+000 3.59120382e+000 1.25759395e+000
 2.98451302e+000 1.96106152e+000 3.09378392e+000 1.13272240e+000
 3.01592895e+000 1.57970904e+000 2.55780566e+000 9.78096622e-001
 3.04734487e+000 1.19118004e+000 1.98186037e+000 7.90680330e-001
 3.07876080e+000 7.97189672e-001 1.36452942e+000 5.67339747e-001
 3.11017673e+000 3.99520334e-001 7.04386497e-001 3.04866163e-001
 3.14159265e+000 1.25711778e-015 2.83382392e-015 1.57670614e-015
