 0.00000000e+000 0.00000000e+000 0.00000000e+000 0.00000000e+000
 3.14159265e-002 3.40950967e-002 3.24132214e-002 1.68187529e-003
 6.28318531e-002 6.92894362e-002 6.68623449e-002 2.42709133e-003
 9.42477796e-002 1.06140507e-001 1.03409224e-001 2.73128235e-003
 1.25663706e-001 1.44455682e-001 1.42115451e-001 2.34023024e-003
 1.57079633e-001 1.83573173e-001 1.83042214e-001 5.30959568e-004
 1.88495559e-001 2.23019147e-001 2.26250143e-001 3.23099573e-003
 2.19911486e-001 2.63199878e-001 2.71799158e-001 8.59927971e-003
 2.51327412e-001 3.05719238e-001 3.19748292e-001 1.40290539e-002
 2.82743339e-001 3.53050420e-001 3.70155520e-001 1.71050999e-002
 3.14159265e-001 4.07587685e-001 4.23077568e-001 1.54898828e-002
 3.45575192e-001 4.70430581e-001 4.78569719e-001 8.13913762e-003
 3.76991118e-001 5.40454986e-001 5.36685605e-001 3.76938063e-003
 4.08407045e-001 6.14191153e-001 5.97476992e-001 1.67141600e-002
 4.39822972e-001 6.86744531e-001 6.60993554e-001 2.57509766e-002
 4.71238898e-001 7.53558542e-001 7.27282634e-001 2.62759076e-002
 5.02654825e-001 8.12406574e-001 7.96388999e-001 1.60175751e-002
 5.34070751e-001 8.64798453e-001 8.68354578e-001 3.55612531e-003
 5.65486678e-001 9.16108609e-001 9.43218198e-001 2.71095891e-002
 5.96902604e-001 9.74166324e-001 1.02101530e+000 4.68489752e-002
 6.28318531e-001 1.04664683e+000 1.10177764e+000 5.51308193e-002
 6.59734457e-001 1.13813544e+000 1.18553302e+000 4.73975730e-002
 6.91150384e-001 1.24797925e+000 1.27230491e+000 2.43256610e-002
 7.22566310e-001 1.36986237e+000 1.36211218e+000 7.75019002e-003
 7.53982237e-001 1.49347190e+000 1.45496874e+000 3.85031569e-002
 7.85398163e-001 1.60784897e+000 1.55088320e+000 5.69657768e-002
 8.16814090e-001 1.70533065e+000 1.64985847e+000 5.54721787e-002
 8.48230016e-001 1.78465831e+000 1.75189144e+000 3.27668688e-002
 8.79645943e-001 1.85201598e+000 1.85697256e+000 4.95658125e-003
 9.11061870e-001 1.91943564e+000 1.96508546e+000 4.56498187e-002
 9.42477796e-001 2.00094569e+000 2.07620652e+000 7.52608338e-002
 9.73893723e-001 2.10770511e+000 2.19030447e+000 8.25993679e-002
 1.00530965e+000 2.24382758e+000 2.30733996e+000 6.35123734e-002
 1.03672558e+000 2.40445760e+000 2.42726507e+000 2.28074652e-002
 1.06814150e+000 2.57693173e+000 2.55002291e+000 2.69088177e-002
 1.09955743e+000 2.74478117e+000 2.67554714e+000 6.92340223e-002
 1.13097336e+000 2.89328728e+000 2.80376147e+000 8.95258028e-002
 1.16238928e+000 3.01467745e+000 2.93457919e+000 8.00982606e-002
 1.19380521e+000 3.11109270e+000 3.06790264e+000 4.31900575e-002
 1.22522113e+000 3.19418297e+000 3.20362276e+000 9.43978964e-003
 1.25663706e+000 3.28135199e+000 3.34161850e+000 6.02665114e-002
 1.28805299e+000 3.38987168e+000 3.48175637e+000 9.18846899e-002
 1.31946891e+000 3.53088118e+000 3.62388980e+000 9.30086222e-002
 1.35088484e+000 3.70537878e+000 3.76785871e+000 6.24799343e-002
 1.38230077e+000 3.90365344e+000 3.91348887e+000 9.83543206e-003
 1.41371669e+000 4.10841090e+000 4.06059136e+000 4.78195413e-002
 1.44513262e+000 4.30054589e+000 4.20896203e+000 9.15838613e-002
 1.47654855e+000 4.46556610e+000 4.35838090e+000 1.07185198e-001
 1.50796447e+000 4.59843000e+000 4.50861158e+000 8.98184207e-002
 1.53938040e+000 4.70511305e+000 4.65940072e+000 4.57123286e-002
 1.57079633e+000 4.80037111e+000 4.81047738e+000 1.01062742e-002
 1.60221225e+000 4.90251295e+000 4.96155248e+000 5.90395263e-002
 1.63362818e+000 5.02704071e+000 5.11231819e+000 8.52774812e-002
 1.66504411e+000 5.18139298e+000 5.26244735e+000 8.10543629e-002
 1.69646003e+000 5.36259857e+000 5.41159287e+000 4.89943069e-002
 1.72787596e+000 5.55858073e+000 5.55938719e+000 8.06452144e-004
 1.75929189e+000 5.75253868e+000 5.70544161e+000 4.70970628e-002
 1.79070781e+000 5.92875365e+000 5.84934583e+000 7.94078150e-002
 1.82212374e+000 6.07771244e+000 5.99066728e+000 8.70451595e-002
 1.85353967e+000 6.19876356e+000 6.12895062e+000 6.98129474e-002
 1.88495559e+000 6.29948552e+000 6.26371715e+000 3.57683774e-002
 1.91637152e+000 6.39218028e+000 6.39446431e+000 2.28402733e-003
 1.94778745e+000 6.48894174e+000 6.52066514e+000 3.17234019e-002
 1.97920337e+000 6.59720631e+000 6.64176775e+000 4.45614386e-002
 2.01061930e+000 6.71741343e+000 6.75719486e+000 3.97814320e-002
 2.04203522e+000 6.84351463e+000 6.86634331e+000 2.28286782e-002
 2.07345115e+000 6.96592966e+000 6.96858362e+000 2.65396257e-003
 2.10486708e+000 7.07560493e+000 7.06325955e+000 1.23453724e-002
 2.13628300e+000 7.16745062e+000 7.14968773e+000 1.77628904e-002
 2.16769893e+000 7.24175642e+000 7.22715726e+000 1.45991666e-002
 2.19911486e+000 7.30307381e+000 7.29492939e+000 8.14442918e-003
 2.23053078e+000 7.35714041e+000 7.35223721e+000 4.90319640e-003
 2.26194671e+000 7.40726435e+000 7.39828542e+000 8.97893409e-003
 2.29336264e+000 7.45183543e+000 7.43225005e+000 1.95853752e-002
 2.32477856e+000 7.48417189e+000 7.45327834e+000 3.08935517e-002
 2.35619449e+000 7.49492191e+000 7.46048854e+000 3.44333755e-002
 2.38761042e+000 7.47611169e+000 7.45296991e+000 2.31417873e-002
 2.41902634e+000 7.42513380e+000 7.42978262e+000 4.64881803e-003
 2.45044227e+000 7.34684901e+000 7.38995783e+000 4.31088203e-002
 2.48185820e+000 7.25262016e+000 7.33249776e+000 7.98775980e-002
 2.51327412e+000 7.15629021e+000 7.25637583e+000 1.00085628e-001
 2.54469005e+000 7.06840610e+000 7.16053693e+000 9.21308262e-002
 2.57610598e+000 6.99085892e+000 7.04389766e+000 5.30387374e-002
 2.60752190e+000 6.91417808e+000 6.90534676e+000 8.83132033e-003
 2.63893783e+000 6.81889636e+000 6.74374551e+000 7.51508528e-002
 2.67035376e+000 6.68094858e+000 6.55792832e+000 1.23020257e-001
 2.70176968e+000 6.47949831e+000 6.34670335e+000 1.32794966e-001
 2.73318561e+000 6.20450136e+000 6.10885319e+000 9.56481729e-002
 2.76460154e+000 5.86116022e+000 5.84313575e+000 1.80244788e-002
 2.79601746e+000 5.46932648e+000 5.54828513e+000 7.89586538e-002
 2.82743339e+000 5.05760286e+000 5.22301271e+000 1.65409846e-001
 2.85884931e+000 4.65380902e+000 4.86600825e+000 2.12199231e-001
 2.89026524e+000 4.27491668e+000 4.47594118e+000 2.01024502e-001
 2.92168117e+000 3.91997995e+000 4.05146201e+000 1.31482058e-001
 2.95309709e+000 3.56877515e+000 3.59120382e+000 2.24286699e-002
 2.98451302e+000 3.18704848e+000 3.09378392e+000 9.32645621e-002
 3.01592895e+000 2.73704282e+000 2.55780566e+000 1.79237156e-001
 3.04734487e+000 2.19010085e+000 1.98186037e+000 2.08240487e-001
 3.07876080e+000 1.53728762e+000 1.36452942e+000 1.72758202e-001
 3.11017673e+000 7.94469671e-001 7.04386497e-001 9.00831740e-002
 3.14159265e+000 4.10340055e-015 2.83382392e-015 1.26957663e-015
