 0.00000000e+000 0.00000000e+000 0.00000000e+000 0.00000000e+000
 3.14159265e-002 6.31717616e-002 3.24132214e-002 3.07585403e-002
 6.28318531e-002 1.21674261e-001 6.68623449e-002 5.48119163e-002
 9.42477796e-002 1.72040156e-001 1.03409224e-001 6.86309318e-002
 1.25663706e-001 2.12923428e-001 1.42115451e-001 7.08079771e-002
 1.57079633e-001 2.45518898e-001 1.83042214e-001 6.24766840e-002
 1.88495559e-001 2.73379865e-001 2.26250143e-001 4.71297216e-002
 2.19911486e-001 3.01671214e-001 2.71799158e-001 2.98720565e-002
 2.51327412e-001 3.36026609e-001 3.19748292e-001 1.62783169e-002
 2.82743339e-001 3.81271592e-001 3.70155520e-001 1.11160722e-002
 3.14159265e-001 4.40307895e-001 4.23077568e-001 1.72303270e-002
 3.45575192e-001 5.13420017e-001 4.78569719e-001 3.48502980e-002
 3.76991118e-001 5.98170609e-001 5.36685605e-001 6.14850041e-002
 4.08407045e-001 6.89917543e-001 5.97476992e-001 9.24405501e-002
 4.39822972e-001 7.82843050e-001 6.60993554e-001 1.21849496e-001
 4.71238898e-001 8.71266502e-001 7.27282634e-001 1.43983867e-001
 5.02654825e-001 9.50944533e-001 7.96388999e-001 1.54555534e-001
 5.34070751e-001 1.02006142e+000 8.68354578e-001 1.51706842e-001
 5.65486678e-001 1.07967953e+000 9.43218198e-001 1.36461330e-001
 5.96902604e-001 1.13353995e+000 1.02101530e+000 1.12524651e-001
 6.28318531e-001 1.18725011e+000 1.10177764e+000 8.54724694e-002
 6.59734457e-001 1.24703522e+000 1.18553302e+000 6.15021998e-002
 6.91150384e-001 1.31833191e+000 1.27230491e+000 4.60269993e-002
 7.22566310e-001 1.40454206e+000 1.36211218e+000 4.24298771e-002
 7.53982237e-001 1.50623231e+000 1.45496874e+000 5.12635625e-002
 7.85398163e-001 1.62096744e+000 1.55088320e+000 7.00842404e-002
 8.16814090e-001 1.74382426e+000 1.64985847e+000 9.39657925e-002
 8.48230016e-001 1.86847873e+000 1.75189144e+000 1.16587288e-001
 8.79645943e-001 1.98862741e+000 1.85697256e+000 1.31654851e-001
 9.11061870e-001 2.09942525e+000 1.96508546e+000 1.34339788e-001
 9.42477796e-001 2.19861315e+000 2.07620652e+000 1.22406631e-001
 9.73893723e-001 2.28707479e+000 2.19030447e+000 9.67703187e-002
 1.00530965e+000 2.36868725e+000 2.30733996e+000 6.13472993e-002
 1.03672558e+000 2.44948842e+000 2.42726507e+000 2.22233497e-002
 1.06814150e+000 2.53633898e+000 2.55002291e+000 1.36839355e-002
 1.09955743e+000 2.63537437e+000 2.67554714e+000 4.01727728e-002
 1.13097336e+000 2.75059403e+000 2.80376147e+000 5.31674468e-002
 1.16238928e+000 2.88291001e+000 2.93457919e+000 5.16691747e-002
 1.19380521e+000 3.02987841e+000 3.06790264e+000 3.80242272e-002
 1.22522113e+000 3.18618605e+000 3.20362276e+000 1.74367023e-002
 1.25663706e+000 3.34479550e+000 3.34161850e+000 3.17699906e-003
 1.28805299e+000 3.49850069e+000 3.48175637e+000 1.67443286e-002
 1.31946891e+000 3.64154821e+000 3.62388980e+000 1.76584092e-002
 1.35088484e+000 3.77095809e+000 3.76785871e+000 3.09937724e-003
 1.38230077e+000 3.88723904e+000 3.91348887e+000 2.62498308e-002
 1.41371669e+000 3.99432402e+000 4.06059136e+000 6.62673391e-002
 1.44513262e+000 4.09872479e+000 4.20896203e+000 1.10237235e-001
 1.47654855e+000 4.20808031e+000 4.35838090e+000 1.50300591e-001
 1.50796447e+000 4.32941426e+000 4.50861158e+000 1.79197321e-001
 1.53938040e+000 4.46748928e+000 4.65940072e+000 1.91911437e-001
 1.57079633e+000 4.62363154e+000 4.81047738e+000 1.86845839e-001
 1.60221225e+000 4.79530172e+000 4.96155248e+000 1.66250761e-001
 1.63362818e+000 4.97652610e+000 5.11231819e+000 1.35792090e-001
 1.66504411e+000 5.15911041e+000 5.26244735e+000 1.03336937e-001
 1.69646003e+000 5.33438101e+000 5.41159287e+000 7.72118644e-002
 1.72787596e+000 5.49507337e+000 5.55938719e+000 6.43138155e-002
 1.75929189e+000 5.63694557e+000 5.70544161e+000 6.84960491e-002
 1.79070781e+000 5.75974593e+000 5.84934583e+000 8.95999030e-002
 1.82212374e+000 5.86729988e+000 5.99066728e+000 1.23367397e-001
 1.85353967e+000 5.96667267e+000 6.12895062e+000 1.62277946e-001
 1.88495559e+000 6.06657089e+000 6.26371715e+000 1.97146256e-001
 1.91637152e+000 6.17532078e+000 6.39446431e+000 2.19143527e-001
 1.94778745e+000 6.29886505e+000 6.52066514e+000 2.21800089e-001
 1.97920337e+000 6.43922820e+000 6.64176775e+000 2.02539548e-001
 2.01061930e+000 6.59380827e+000 6.75719486e+000 1.63386595e-001
 2.04203522e+000 6.75567836e+000 6.86634331e+000 1.10664953e-001
 2.07345115e+000 6.91486167e+000 6.96858362e+000 5.37219560e-002
 2.10486708e+000 7.06032516e+000 7.06325955e+000 2.93439427e-003
 2.13628300e+000 7.18226966e+000 7.14968773e+000 3.25819249e-002
 2.16769893e+000 7.27421463e+000 7.22715726e+000 4.70573725e-002
 2.19911486e+000 7.33440605e+000 7.29492939e+000 3.94766631e-002
 2.23053078e+000 7.36621041e+000 7.35223721e+000 1.39731986e-002
 2.26194671e+000 7.37737180e+000 7.39828542e+000 2.09136194e-002
 2.29336264e+000 7.37825620e+000 7.43225005e+000 5.39938542e-002
 2.32477856e+000 7.37943530e+000 7.45327834e+000 7.38430355e-002
 2.35619449e+000 7.38912001e+000 7.46048854e+000 7.13685263e-002
 2.38761042e+000 7.41100499e+000 7.45296991e+000 4.19649115e-002
 2.41902634e+000 7.44301548e+000 7.42978262e+000 1.32328636e-002
 2.45044227e+000 7.47726789e+000 7.38995783e+000 8.73100577e-002
 2.48185820e+000 7.50130168e+000 7.33249776e+000 1.68803918e-001
 2.51327412e+000 7.50036473e+000 7.25637583e+000 2.43988899e-001
 2.54469005e+000 7.46029669e+000 7.16053693e+000 2.99759757e-001
 2.57610598e+000 7.37040694e+000 7.04389766e+000 3.26509274e-001
 2.60752190e+000 7.22572129e+000 6.90534676e+000 3.20374537e-001
 2.63893783e+000 7.02808221e+000 6.74374551e+000 2.84336702e-001
 2.67035376e+000 6.78581315e+000 6.55792832e+000 2.27884824e-001
 2.70176968e+000 6.51195358e+000 6.34670335e+000 1.65250235e-001
 2.73318561e+000 6.22137701e+000 6.10885319e+000 1.12523821e-001
 2.76460154e+000 5.92735565e+000 5.84313575e+000 8.42199003e-002
 2.79601746e+000 5.63827795e+000 5.54828513e+000 8.99928245e-002
 2.82743339e+000 5.35522510e+000 5.22301271e+000 1.32212394e-001
 2.85884931e+000 5.07096566e+000 4.86600825e+000 2.04957418e-001
 2.89026524e+000 4.77066029e+000 4.47594118e+000 2.94719105e-001
 2.92168117e+000 4.43423113e+000 4.05146201e+000 3.82769118e-001
 2.95309709e+000 4.04001192e+000 3.59120382e+000 4.48808107e-001
 2.98451302e+000 3.56902237e+000 3.09378392e+000 4.75238455e-001
 3.01592895e+000 3.00906222e+000 2.55780566e+000 4.51256560e-001
 3.04734487e+000 2.35782824e+000 1.98186037e+000 3.75967867e-001
 3.07876080e+000 1.62442312e+000 1.36452942e+000 2.59893702e-001
 3.11017673e+000 8.28918690e-001 7.04386497e-001 1.24532193e-001
 3.14159265e+000 4.24125872e-015 2.83382392e-015 1.40743480e-015
