 0.00000000e+000 0.00000000e+000 0.00000000e+000 0.00000000e+000
 3.14159265e-002 3.96064270e-002 3.24132214e-002 7.19320567e-003
 6.28318531e-002 7.30035577e-002 6.68623449e-002 6.14121284e-003
 9.42477796e-002 9.89222772e-002 1.03409224e-001 4.48694713e-003
 1.25663706e-001 1.22682443e-001 1.42115451e-001 1.94330081e-002
 1.57079633e-001 1.53348455e-001 1.83042214e-001 2.96937581e-002
 1.88495559e-001 1.98077313e-001 2.26250143e-001 2.81728300e-002
 2.19911486e-001 2.57231660e-001 2.71799158e-001 1.45674974e-002
 2.51327412e-001 3.23508755e-001 3.19748292e-001 3.76046243e-003
 2.82743339e-001 3.85941029e-001 3.70155520e-001 1.57855085e-002
 3.14159265e-001 4.36577196e-001 4.23077568e-001 1.34996273e-002
 3.45575192e-001 4.75825080e-001 4.78569719e-001 2.74463946e-003
 3.76991118e-001 5.13015488e-001 5.36685605e-001 2.36701170e-002
 4.08407045e-001 5.61487146e-001 5.97476992e-001 3.59898465e-002
 4.39822972e-001 6.30820259e-001 6.60993554e-001 3.01732958e-002
 4.71238898e-001 7.20758755e-001 7.27282634e-001 6.52387937e-003
 5.02654825e-001 8.20624449e-001 7.96388999e-001 2.42354505e-002
 5.34070751e-001 9.14948521e-001 8.68354578e-001 4.65939425e-002
 5.65486678e-001 9.92356718e-001 9.43218198e-001 4.91385206e-002
 5.96902604e-001 1.05262154e+000 1.02101530e+000 3.16062450e-002
 6.28318531e-001 1.10758317e+000 1.10177764e+000 5.80552607e-003
 6.59734457e-001 1.17502087e+000 1.18553302e+000 1.05121499e-002
 6.91150384e-001 1.26865983e+000 1.27230491e+000 3.64507510e-003
 7.22566310e-001 1.38994367e+000 1.36211218e+000 2.78314856e-002
 7.53982237e-001 1.52647440e+000 1.45496874e+000 7.15056530e-002
 7.85398163e-001 1.65839393e+000 1.55088320e+000 1.07510733e-001
 8.16814090e-001 1.76943181e+000 1.64985847e+000 1.19573348e-001
 8.48230016e-001 1.85647560e+000 1.75189144e+000 1.04584163e-001
 8.79645943e-001 1.93207031e+000 1.85697256e+000 7.50977483e-002
 9.11061870e-001 2.01805690e+000 1.96508546e+000 5.29714439e-002
 9.42477796e-001 2.13356610e+000 2.07620652e+000 5.73595816e-002
 9.73893723e-001 2.28396721e+000 2.19030447e+000 9.36627318e-002
 1.00530965e+000 2.45712378e+000 2.30733996e+000 1.49783821e-001
 1.03672558e+000 2.62942141e+000 2.42726507e+000 2.02156344e-001
 1.06814150e+000 2.77857857e+000 2.55002291e+000 2.28555655e-001
 1.09955743e+000 2.89627308e+000 2.67554714e+000 2.20725936e-001
 1.13097336e+000 2.99343171e+000 2.80376147e+000 1.89670239e-001
 1.16238928e+000 3.09488739e+000 2.93457919e+000 1.60308207e-001
 1.19380521e+000 3.22597680e+000 3.06790264e+000 1.58074165e-001
 1.22522113e+000 3.39829083e+000 3.20362276e+000 1.94668073e-001
 1.25663706e+000 3.60254369e+000 3.34161850e+000 2.60925191e-001
 1.28805299e+000 3.81283347e+000 3.48175637e+000 3.31077108e-001
 1.31946891e+000 4.00034627e+000 3.62388980e+000 3.76456462e-001
 1.35088484e+000 4.14920755e+000 3.76785871e+000 3.81348837e-001
 1.38230077e+000 4.26572581e+000 3.91348887e+000 3.52236941e-001
 1.41371669e+000 4.37564596e+000 4.06059136e+000 3.15054597e-001
 1.44513262e+000 4.51050906e+000 4.20896203e+000 3.01547029e-001
 1.47654855e+000 4.69029605e+000 4.35838090e+000 3.31915154e-001
 1.50796447e+000 4.91183032e+000 4.50861158e+000 4.03218737e-001
 1.53938040e+000 5.14954088e+000 4.65940072e+000 4.90140160e-001
 1.57079633e+000 5.36857996e+000 4.81047738e+000 5.58102579e-001
 1.60221225e+000 5.54348342e+000 4.96155248e+000 5.81930935e-001
 1.63362818e+000 5.67230205e+000 5.11231819e+000 5.59983864e-001
 1.66504411e+000 5.77830760e+000 5.26244735e+000 5.15860255e-001
 1.69646003e+000 5.89794443e+000 5.41159287e+000 4.86351560e-001
 1.72787596e+000 6.06117930e+000 5.55938719e+000 5.01792116e-001
 1.75929189e+000 6.27473161e+000 5.70544161e+000 5.69289992e-001
 1.79070781e+000 6.51740223e+000 5.84934583e+000 6.68056398e-001
 1.82212374e+000 6.75040511e+000 5.99066728e+000 7.59737827e-001
 1.85353967e+000 6.93754651e+000 6.12895062e+000 8.08595894e-001
 1.88495559e+000 7.06461924e+000 6.26371715e+000 8.00902091e-001
 1.91637152e+000 7.14750964e+000 6.39446431e+000 7.53045325e-001
 1.94778745e+000 7.22431716e+000 6.52066514e+000 7.03652026e-001
 1.97920337e+000 7.33526592e+000 6.64176775e+000 6.93498173e-001
 2.01061930e+000 7.50084675e+000 6.75719486e+000 7.43651894e-001
 2.04203522e+000 7.70985329e+000 6.86634331e+000 8.43509973e-001
 2.07345115e+000 7.92398879e+000 6.96858362e+000 9.55405169e-001
 2.10486708e+000 8.09705033e+000 7.06325955e+000 1.03379078e+000
 2.13628300e+000 8.19888313e+000 7.14968773e+000 1.04919540e+000
 2.16769893e+000 8.23151346e+000 7.22715726e+000 1.00435621e+000
 2.19911486e+000 8.22869437e+000 7.29492939e+000 9.33764989e-001
 2.23053078e+000 8.23864675e+000 7.35223721e+000 8.86409540e-001
 2.26194671e+000 8.29863417e+000 7.39828542e+000 9.00348747e-001
 2.29336264e+000 8.41451903e+000 7.43225005e+000 9.82268977e-001
 2.32477856e+000 8.55615903e+000 7.45327834e+000 1.10288069e+000
 2.35619449e+000 8.67148388e+000 7.46048854e+000 1.21099534e+000
 2.38761042e+000 8.71242006e+000 7.45296991e+000 1.25945015e+000
 2.41902634e+000 8.65950688e+000 7.42978262e+000 1.22972426e+000
 2.45044227e+000 8.53241127e+000 7.38995783e+000 1.14245343e+000
 2.48185820e+000 8.38052968e+000 7.33249776e+000 1.04803192e+000
 2.51327412e+000 8.25797859e+000 7.25637583e+000 1.00160276e+000
 2.54469005e+000 8.19537865e+000 7.16053693e+000 1.03484172e+000
 2.57610598e+000 8.18275419e+000 7.04389766e+000 1.13885653e+000
 2.60752190e+000 8.17253020e+000 6.90534676e+000 1.26718345e+000
 2.63893783e+000 8.10162339e+000 6.74374551e+000 1.35787789e+000
 2.67035376e+000 7.92198283e+000 6.55792832e+000 1.36405451e+000
 2.70176968e+000 7.62449869e+000 6.34670335e+000 1.27779535e+000
 2.73318561e+000 7.24424187e+000 6.10885319e+000 1.13538868e+000
 2.76460154e+000 6.84406274e+000 5.84313575e+000 1.00092699e+000
 2.79601746e+000 6.48419152e+000 5.54828513e+000 9.35906387e-001
 2.82743339e+000 6.19239241e+000 5.22301271e+000 9.69379702e-001
 2.85884931e+000 5.94901614e+000 4.86600825e+000 1.08300790e+000
 2.89026524e+000 5.69408951e+000 4.47594118e+000 1.21814833e+000
 2.92168117e+000 5.35295185e+000 4.05146201e+000 1.30148983e+000
 2.95309709e+000 4.86813731e+000 3.59120382e+000 1.27693349e+000
 2.98451302e+000 4.22250353e+000 3.09378392e+000 1.12871961e+000
 3.01592895e+000 3.44325286e+000 2.55780566e+000 8.85447202e-001
 3.04734487e+000 2.58607074e+000 1.98186037e+000 6.04210372e-001
 3.07876080e+000 1.70829549e+000 1.36452942e+000 3.43766072e-001
 3.11017673e+000 8.45029266e-001 7.04386497e-001 1.40642769e-001
 3.14159265e+000 2.12804070e-015 2.83382392e-015 7.05783226e-016
