 0.00000000e+000 0.00000000e+000 0.00000000e+000 0.00000000e+000
 3.14159265e-002 -6.28747691e-001 3.24132214e-002 6.61160913e-001
 6.28318531e-002 -4.94595217e+000 6.68623449e-002 5.01281451e+000
 9.42477796e-002 -1.30961331e+001 1.03409224e-001 1.31995424e+001
 1.25663706e-001 -2.14551662e+001 1.42115451e-001 2.15972816e+001
 1.57079633e-001 -2.60118533e+001 1.83042214e-001 2.61948955e+001
 1.88495559e-001 -2.62959777e+001 2.26250143e-001 2.65222278e+001
 2.19911486e-001 -2.61619472e+001 2.71799158e-001 2.64337463e+001
 2.51327412e-001 -3.04653235e+001 3.19748292e-001 3.07850718e+001
 2.82743339e-001 -4.03986074e+001 3.70155520e-001 4.07687629e+001
 3.14159265e-001 -5.16590599e+001 4.23077568e-001 5.20821374e+001
 3.45575192e-001 -5.73478787e+001 4.78569719e-001 5.78264484e+001
 3.76991118e-001 -5.34139712e+001 5.36685605e-001 5.39506568e+001
 4.08407045e-001 -4.20932218e+001 5.97476992e-001 4.26906988e+001
 4.39822972e-001 -3.02986632e+001 6.60993554e-001 3.09596568e+001
 4.71238898e-001 -2.41197614e+001 7.27282634e-001 2.48470440e+001
 5.02654825e-001 -2.39380346e+001 7.96388999e-001 2.47344236e+001
 5.34070751e-001 -2.42532665e+001 8.68354578e-001 2.51216211e+001
 5.65486678e-001 -1.84105568e+001 9.43218198e-001 1.93537750e+001
 5.96902604e-001 -4.30307728e+000 1.02101530e+000 5.32409258e+000
 6.28318531e-001 1.36922116e+001 1.10177764e+000 1.25904340e+001
 6.59734457e-001 2.80933970e+001 1.18553302e+000 2.69078640e+001
 6.91150384e-001 3.40743772e+001 1.27230491e+000 3.28020723e+001
 7.22566310e-001 3.27545594e+001 1.36211218e+000 3.13924472e+001
 7.53982237e-001 2.94403180e+001 1.45496874e+000 2.79853492e+001
 7.85398163e-001 2.86985881e+001 1.55088320e+000 2.71477049e+001
 8.16814090e-001 3.08480770e+001 1.64985847e+000 2.91982186e+001
 8.48230016e-001 3.29979580e+001 1.75189144e+000 3.12460666e+001
 8.79645943e-001 3.34300559e+001 1.85697256e+000 3.15730833e+001
 9.11061870e-001 3.48225353e+001 1.96508546e+000 3.28574499e+001
 9.42477796e-001 4.26580067e+001 2.07620652e+000 4.05818002e+001
 9.73893723e-001 5.96029825e+001 2.19030447e+000 5.74126781e+001
 1.00530965e+000 8.08009421e+001 2.30733996e+000 7.84936021e+001
 1.03672558e+000 9.49816427e+001 2.42726507e+000 9.25543776e+001
 1.06814150e+000 9.16621054e+001 2.55002291e+000 8.91120825e+001
 1.09955743e+000 6.92292384e+001 2.67554714e+000 6.65536913e+001
 1.13097336e+000 3.71792723e+001 2.80376147e+000 3.43755108e+001
 1.16238928e+000 9.97540102e+000 2.93457919e+000 7.04082184e+000
 1.19380521e+000 -3.24808686e+000 3.06790264e+000 6.31598950e+000
 1.22522113e+000 -5.15586942e+000 3.20362276e+000 8.35949218e+000
 1.25663706e+000 -7.53845785e+000 3.34161850e+000 1.08800764e+001
 1.28805299e+000 -2.13972726e+001 3.48175637e+000 2.48790290e+001
 1.31946891e+000 -4.76478840e+001 3.62388980e+000 5.12717738e+001
 1.35088484e+000 -7.59717007e+001 3.76785871e+000 7.97395594e+001
 1.38230077e+000 -9.27906849e+001 3.91348887e+000 9.67041738e+001
 1.41371669e+000 -9.18606122e+001 4.06059136e+000 9.59212035e+001
 1.44513262e+000 -7.88133787e+001 4.20896203e+000 8.30223408e+001
 1.47654855e+000 -6.60388279e+001 4.35838090e+000 7.03972088e+001
 1.50796447e+000 -6.24116686e+001 4.50861158e+000 6.69202802e+001
 1.53938040e+000 -6.66741930e+001 4.65940072e+000 7.13335937e+001
 1.57079633e+000 -7.00300786e+001 4.81047738e+000 7.48405560e+001
 1.60221225e+000 -6.53790213e+001 4.96155248e+000 7.03405737e+001
 1.63362818e+000 -5.46354708e+001 5.11231819e+000 5.97477889e+001
 1.66504411e+000 -4.71011805e+001 5.26244735e+000 5.23636279e+001
 1.69646003e+000 -4.98576639e+001 5.41159287e+000 5.52692568e+001
 1.72787596e+000 -5.87609494e+001 5.55938719e+000 6.43203366e+001
 1.75929189e+000 -5.89397525e+001 5.70544161e+000 6.46451942e+001
 1.79070781e+000 -3.58618012e+001 5.84934583e+000 4.17111471e+001
 1.82212374e+000 1.15852283e+001 5.99066728e+000 5.59456100e+000
 1.85353967e+000 6.74699663e+001 6.12895062e+000 6.13410157e+001
 1.88495559e+000 1.09093641e+002 6.26371715e+000 1.02829924e+002
 1.91637152e+000 1.23910375e+002 6.39446431e+000 1.17515911e+002
 1.94778745e+000 1.19333604e+002 6.52066514e+000 1.12812939e+002
 1.97920337e+000 1.16555684e+002 6.64176775e+000 1.09913916e+002
 2.01061930e+000 1.32560842e+002 6.75719486e+000 1.25803648e+002
 2.04203522e+000 1.65091975e+002 6.86634331e+000 1.58225631e+002
 2.07345115e+000 1.93979858e+002 6.96858362e+000 1.87011274e+002
 2.10486708e+000 1.99002172e+002 7.06325955e+000 1.91938912e+002
 2.13628300e+000 1.79691435e+002 7.14968773e+000 1.72541747e+002
 2.16769893e+000 1.58977274e+002 7.22715726e+000 1.51750117e+002
 2.19911486e+000 1.64558560e+002 7.29492939e+000 1.57263630e+002
 2.23053078e+000 2.00860168e+002 7.35223721e+000 1.93507931e+002
 2.26194671e+000 2.34876163e+002 7.39828542e+000 2.27477877e+002
 2.29336264e+000 2.11231369e+002 7.43225005e+000 2.03799119e+002
 2.32477856e+000 8.99176173e+001 7.45327834e+000 8.24643390e+001
 2.35619449e+000 -1.19120152e+002 7.46048854e+000 1.26580641e+002
 2.38761042e+000 -3.51158399e+002 7.45296991e+000 3.58611369e+002
 2.41902634e+000 -5.18312983e+002 7.42978262e+000 5.25742766e+002
 2.45044227e+000 -5.57909697e+002 7.38995783e+000 5.65299655e+002
 2.48185820e+000 -4.65354179e+002 7.33249776e+000 4.72686677e+002
 2.51327412e+000 -2.90715873e+002 7.25637583e+000 2.97972248e+002
 2.54469005e+000 -1.05170839e+002 7.16053693e+000 1.12331376e+002
 2.57610598e+000 3.53628299e+001 7.04389766e+000 2.83189322e+001
 2.60752190e+000 1.03613789e+002 6.90534676e+000 9.67084421e+001
 2.63893783e+000 8.84348882e+001 6.74374551e+000 8.16911427e+001
 2.67035376e+000 -2.19629470e+001 6.55792832e+000 2.85208754e+001
 2.70176968e+000 -2.35058735e+002 6.34670335e+000 2.41405438e+002
 2.73318561e+000 -5.23153191e+002 6.10885319e+000 5.29262045e+002
 2.76460154e+000 -7.93111873e+002 5.84313575e+000 7.98955008e+002
 2.79601746e+000 -8.95346754e+002 5.54828513e+000 9.00895039e+002
 2.82743339e+000 -6.88696774e+002 5.22301271e+000 6.93919787e+002
 2.85884931e+000 -1.33590886e+002 4.86600825e+000 1.38456894e+002
 2.89026524e+000 6.47619937e+002 4.47594118e+000 6.43143996e+002
 2.92168117e+000 1.39681664e+003 4.05146201e+000 1.39276517e+003
 2.95309709e+000 1.83569877e+003 3.59120382e+000 1.83210756e+003
 2.98451302e+000 1.81112822e+003 3.09378392e+000 1.80803443e+003
 3.01592895e+000 1.38096969e+003 2.55780566e+000 1.37841188e+003
 3.04734487e+000 7.80511685e+002 1.98186037e+000 7.78529825e+002
 3.07876080e+000 2.83288818e+002 1.36452942e+000 2.81924288e+002
 3.11017673e+000 4.03754397e+001 7.04386497e-001 3.96710532e+001
 3.14159265e+000 3.72177206e-012 2.83382392e-015 3.71893824e-012
