 0.00000000e+000 0.00000000e+000 0.00000000e+000 0.00000000e+000
 3.14159265e-002 3.01951979e-002 3.24132214e-002 2.21802343e-003
 6.28318531e-002 6.24818014e-002 6.68623449e-002 4.38054347e-003
 9.42477796e-002 9.83762178e-002 1.03409224e-001 5.03300649e-003
 1.25663706e-001 1.38448863e-001 1.42115451e-001 3.66658858e-003
 1.57079633e-001 1.82285700e-001 1.83042214e-001 7.56513315e-004
 1.88495559e-001 2.28788268e-001 2.26250143e-001 2.53812518e-003
 2.19911486e-001 2.76694469e-001 2.71799158e-001 4.89531137e-003
 2.51327412e-001 3.25123822e-001 3.19748292e-001 5.37552932e-003
 2.82743339e-001 3.73946346e-001 3.70155520e-001 3.79082606e-003
 3.14159265e-001 4.23844639e-001 4.23077568e-001 7.67070956e-004
 3.45575192e-001 4.76056607e-001 4.78569719e-001 2.51311225e-003
 3.76991118e-001 5.31906772e-001 5.36685605e-001 4.77883262e-003
 4.08407045e-001 5.92311515e-001 5.97476992e-001 5.16547760e-003
 4.39822972e-001 6.57449392e-001 6.60993554e-001 3.54416229e-003
 4.71238898e-001 7.26720706e-001 7.27282634e-001 5.61928828e-004
 5.02654825e-001 7.99007228e-001 7.96388999e-001 2.61822935e-003
 5.34070751e-001 8.73127431e-001 8.68354578e-001 4.77285302e-003
 5.65486678e-001 9.48308834e-001 9.43218198e-001 5.09063637e-003
 5.96902604e-001 1.02449497e+000 1.02101530e+000 3.47966774e-003
 6.28318531e-001 1.10237057e+000 1.10177764e+000 5.92928591e-004
 6.59734457e-001 1.18309886e+000 1.18553302e+000 2.43416126e-003
 6.91150384e-001 1.26787578e+000 1.27230491e+000 4.42913006e-003
 7.22566310e-001 1.35747585e+000 1.36211218e+000 4.63632839e-003
 7.53982237e-001 1.45196515e+000 1.45496874e+000 3.00359094e-003
 7.85398163e-001 1.55069051e+000 1.55088320e+000 1.92688480e-004
 8.16814090e-001 1.65254569e+000 1.64985847e+000 2.68722408e-003
 8.48230016e-001 1.75640797e+000 1.75189144e+000 4.51653472e-003
 8.79645943e-001 1.86157339e+000 1.85697256e+000 4.60082615e-003
 9.11061870e-001 1.96802130e+000 1.96508546e+000 2.93583820e-003
 9.42477796e-001 2.07640691e+000 2.07620652e+000 2.00390088e-004
 9.73893723e-001 2.18778730e+000 2.19030447e+000 2.51717811e-003
 1.00530965e+000 2.30319033e+000 2.30733996e+000 4.14962666e-003
 1.03672558e+000 2.42319636e+000 2.42726507e+000 4.06870953e-003
 1.06814150e+000 2.54769600e+000 2.55002291e+000 2.32691413e-003
 1.09955743e+000 2.67591733e+000 2.67554714e+000 3.70181670e-004
 1.13097336e+000 2.80670942e+000 2.80376147e+000 2.94794043e-003
 1.16238928e+000 2.93896878e+000 2.93457919e+000 4.38958992e-003
 1.19380521e+000 3.07203975e+000 3.06790264e+000 4.13710784e-003
 1.22522113e+000 3.20593106e+000 3.20362276e+000 2.30829982e-003
 1.25663706e+000 3.34126395e+000 3.34161850e+000 3.54549233e-004
 1.28805299e+000 3.47897349e+000 3.48175637e+000 2.78287853e-003
 1.31946891e+000 3.61988185e+000 3.62388980e+000 4.00795683e-003
 1.35088484e+000 3.76431301e+000 3.76785871e+000 3.54570613e-003
 1.38230077e+000 3.91190114e+000 3.91348887e+000 1.58773309e-003
 1.41371669e+000 4.06166833e+000 4.06059136e+000 1.07696771e-003
 1.44513262e+000 4.21234032e+000 4.20896203e+000 3.37828807e-003
 1.47654855e+000 4.36277425e+000 4.35838090e+000 4.39335444e-003
 1.50796447e+000 4.51232788e+000 4.50861158e+000 3.71629457e-003
 1.53938040e+000 4.66102242e+000 4.65940072e+000 1.62169938e-003
 1.57079633e+000 4.80943321e+000 4.81047738e+000 1.04417162e-003
 1.60221225e+000 4.95835049e+000 4.96155248e+000 3.20199249e-003
 1.63362818e+000 5.10834493e+000 5.11231819e+000 3.97325863e-003
 1.66504411e+000 5.25941139e+000 5.26244735e+000 3.03595348e-003
 1.69646003e+000 5.41083435e+000 5.41159287e+000 7.58528073e-004
 1.72787596e+000 5.56133078e+000 5.55938719e+000 1.94359011e-003
 1.75929189e+000 5.70941548e+000 5.70544161e+000 3.97386594e-003
 1.79070781e+000 5.85384363e+000 5.84934583e+000 4.49779942e-003
 1.82212374e+000 5.99395263e+000 5.99066728e+000 3.28535328e-003
 1.85353967e+000 6.12976346e+000 6.12895062e+000 8.12840570e-004
 1.88495559e+000 6.26179654e+000 6.26371715e+000 1.92060387e-003
 1.91637152e+000 6.39067201e+000 6.39446431e+000 3.79230280e-003
 1.94778745e+000 6.51665222e+000 6.52066514e+000 4.01292048e-003
 1.97920337e+000 6.63931133e+000 6.64176775e+000 2.45642306e-003
 2.01061930e+000 6.75746870e+000 6.75719486e+000 2.73842647e-004
 2.04203522e+000 6.86941926e+000 6.86634331e+000 3.07594683e-003
 2.07345115e+000 6.97337389e+000 6.96858362e+000 4.79026867e-003
 2.10486708e+000 7.06793556e+000 7.06325955e+000 4.67600597e-003
 2.13628300e+000 7.15241717e+000 7.14968773e+000 2.72943915e-003
 2.16769893e+000 7.22686602e+000 7.22715726e+000 2.91241838e-004
 2.19911486e+000 7.29177502e+000 7.29492939e+000 3.15436791e-003
 2.23053078e+000 7.34758816e+000 7.35223721e+000 4.64905064e-003
 2.26194671e+000 7.39419564e+000 7.39828542e+000 4.08977724e-003
 2.29336264e+000 7.43062605e+000 7.43225005e+000 1.62400881e-003
 2.32477856e+000 7.45507078e+000 7.45327834e+000 1.79244768e-003
 2.35619449e+000 7.46524580e+000 7.46048854e+000 4.75726426e-003
 2.38761042e+000 7.45895732e+000 7.45296991e+000 5.98741647e-003
 2.41902634e+000 7.43464795e+000 7.42978262e+000 4.86533363e-003
 2.45044227e+000 7.39169570e+000 7.38995783e+000 1.73786709e-003
 2.48185820e+000 7.33032713e+000 7.33249776e+000 2.17062860e-003
 2.51327412e+000 7.25115655e+000 7.25637583e+000 5.21928218e-003
 2.54469005e+000 7.15451790e+000 7.16053693e+000 6.01902898e-003
 2.57610598e+000 7.03985309e+000 7.04389766e+000 4.04457601e-003
 2.60752190e+000 6.90541659e+000 6.90534676e+000 6.98370691e-005
 2.63893783e+000 6.74844624e+000 6.74374551e+000 4.70073450e-003
 2.67035376e+000 6.56577034e+000 6.55792832e+000 7.84201674e-003
 2.70176968e+000 6.35463894e+000 6.34670335e+000 7.93559478e-003
 2.73318561e+000 6.11345405e+000 6.10885319e+000 4.60086563e-003
 2.76460154e+000 5.84208114e+000 5.84313575e+000 1.05460567e-003
 2.79601746e+000 5.54156012e+000 5.54828513e+000 6.72501446e-003
 2.82743339e+000 5.21325710e+000 5.22301271e+000 9.75561119e-003
 2.85884931e+000 4.85773077e+000 4.86600825e+000 8.27747876e-003
 2.89026524e+000 4.47374192e+000 4.47594118e+000 2.19926529e-003
 2.92168117e+000 4.05784581e+000 4.05146201e+000 6.38380222e-003
 2.95309709e+000 3.60485696e+000 3.59120382e+000 1.36531446e-002
 2.98451302e+000 3.10920371e+000 3.09378392e+000 1.54197967e-002
 3.01592895e+000 2.56688229e+000 2.55780566e+000 9.07662587e-003
 3.04734487e+000 1.97748009e+000 1.98186037e+000 4.38027366e-003
 3.07876080e+000 1.34565409e+000 1.36452942e+000 1.88753328e-002
 3.11017673e+000 6.81559231e-001 7.04386497e-001 2.28272659e-002
 3.14159265e+000 1.72445914e-015 2.83382392e-015 1.10936478e-015
