 0.00000000e+000 0.00000000e+000 0.00000000e+000 0.00000000e+000
 3.14159265e-002 1.82568775e-001 3.24132214e-002 1.50155553e-001
 6.28318531e-002 1.22716640e+000 6.68623449e-002 1.16030406e+000
 9.42477796e-002 3.00837792e+000 1.03409224e-001 2.90496869e+000
 1.25663706e-001 4.24583376e+000 1.42115451e-001 4.10371830e+000
 1.57079633e-001 3.37548803e+000 1.83042214e-001 3.19244581e+000
 1.88495559e-001 -1.11122338e-001 2.26250143e-001 3.37372481e-001
 2.19911486e-001 -4.85554131e+000 2.71799158e-001 5.12734046e+000
 2.51327412e-001 -8.08090807e+000 3.19748292e-001 8.40065636e+000
 2.82743339e-001 -7.21118646e+000 3.70155520e-001 7.58134198e+000
 3.14159265e-001 -1.71630784e+000 4.23077568e-001 2.13938540e+000
 3.45575192e-001 6.06567693e+000 4.78569719e-001 5.58710721e+000
 3.76991118e-001 1.18668586e+001 5.36685605e-001 1.13301729e+001
 4.08407045e-001 1.18542225e+001 5.97476992e-001 1.12567455e+001
 4.39822972e-001 5.10338817e+000 6.60993554e-001 4.44239461e+000
 4.71238898e-001 -5.38186292e+000 7.27282634e-001 6.10914555e+000
 5.02654825e-001 -1.39404306e+001 7.96388999e-001 1.47368196e+001
 5.34070751e-001 -1.53149807e+001 8.68354578e-001 1.61833352e+001
 5.65486678e-001 -7.83767644e+000 9.43218198e-001 8.78089463e+000
 5.96902604e-001 5.17859785e+000 1.02101530e+000 4.15758255e+000
 6.28318531e-001 1.68655524e+001 1.10177764e+000 1.57637747e+001
 6.59734457e-001 2.04640499e+001 1.18553302e+000 1.92785169e+001
 6.91150384e-001 1.32606635e+001 1.27230491e+000 1.19883586e+001
 7.22566310e-001 -1.49827319e+000 1.36211218e+000 2.86038537e+000
 7.53982237e-001 -1.59985605e+001 1.45496874e+000 1.74535293e+001
 7.85398163e-001 -2.19954377e+001 1.55088320e+000 2.35463209e+001
 8.16814090e-001 -1.54927678e+001 1.64985847e+000 1.71426263e+001
 8.48230016e-001 7.01641820e-001 1.75189144e+000 1.05024962e+000
 8.79645943e-001 1.81486257e+001 1.85697256e+000 1.62916532e+001
 9.11061870e-001 2.72273031e+001 1.96508546e+000 2.52622177e+001
 9.42477796e-001 2.25021540e+001 2.07620652e+000 2.04259474e+001
 9.73893723e-001 5.99791937e+000 2.19030447e+000 3.80761490e+000
 1.00530965e+000 -1.35814566e+001 2.30733996e+000 1.58887965e+001
 1.03672558e+000 -2.54347713e+001 2.42726507e+000 2.78620364e+001
 1.06814150e+000 -2.26206836e+001 2.55002291e+000 2.51707065e+001
 1.09955743e+000 -6.08546124e+000 2.67554714e+000 8.76100839e+000
 1.13097336e+000 1.55787887e+001 2.80376147e+000 1.27750272e+001
 1.16238928e+000 3.06599751e+001 2.93457919e+000 2.77253959e+001
 1.19380521e+000 3.07383470e+001 3.06790264e+000 2.76704444e+001
 1.22522113e+000 1.54532188e+001 3.20362276e+000 1.22495960e+001
 1.25663706e+000 -7.08547127e+000 3.34161850e+000 1.04270898e+001
 1.28805299e+000 -2.45819831e+001 3.48175637e+000 2.80637395e+001
 1.31946891e+000 -2.72589196e+001 3.62388980e+000 3.08828094e+001
 1.35088484e+000 -1.33027945e+001 3.76785871e+000 1.70706532e+001
 1.38230077e+000 9.99789167e+000 3.91348887e+000 6.08440280e+000
 1.41371669e+000 3.01265101e+001 4.06059136e+000 2.60659187e+001
 1.44513262e+000 3.61525529e+001 4.20896203e+000 3.19435909e+001
 1.47654855e+000 2.47533983e+001 4.35838090e+000 2.03950174e+001
 1.50796447e+000 2.10665697e+000 4.50861158e+000 2.40195461e+000
 1.53938040e+000 -1.94284392e+001 4.65940072e+000 2.40878400e+001
 1.57079633e+000 -2.80467120e+001 4.81047738e+000 3.28571894e+001
 1.60221225e+000 -1.89562667e+001 4.96155248e+000 2.39178192e+001
 1.63362818e+000 2.99429822e+000 5.11231819e+000 2.11801997e+000
 1.66504411e+000 2.59696222e+001 5.26244735e+000 2.07071749e+001
 1.69646003e+000 3.76208169e+001 5.41159287e+000 3.22092240e+001
 1.72787596e+000 3.18159979e+001 5.55938719e+000 2.62566108e+001
 1.75929189e+000 1.19369909e+001 5.70544161e+000 6.23154924e+000
 1.79070781e+000 -1.10413889e+001 5.84934583e+000 1.68907347e+001
 1.82212374e+000 -2.45945585e+001 5.99066728e+000 3.05852258e+001
 1.85353967e+000 -2.14667813e+001 6.12895062e+000 2.75957319e+001
 1.88495559e+000 -3.53012965e+000 6.26371715e+000 9.79384680e+000
 1.91637152e+000 1.93808336e+001 6.39446431e+000 1.29863693e+001
 1.94778745e+000 3.49414245e+001 6.52066514e+000 2.84207594e+001
 1.97920337e+000 3.50546587e+001 6.64176775e+000 2.84128909e+001
 2.01061930e+000 2.01300269e+001 6.75719486e+000 1.33728320e+001
 2.04203522e+000 -1.35118175e+000 6.86634331e+000 8.21752506e+000
 2.07345115e+000 -1.76320585e+001 6.96858362e+000 2.46006421e+001
 2.10486708e+000 -2.01143337e+001 7.06325955e+000 2.71775933e+001
 2.13628300e+000 -7.88817355e+000 7.14968773e+000 1.50378613e+001
 2.16769893e+000 1.20422228e+001 7.22715726e+000 4.81506556e+000
 2.19911486e+000 2.88153211e+001 7.29492939e+000 2.15203917e+001
 2.23053078e+000 3.36976225e+001 7.35223721e+000 2.63453853e+001
 2.26194671e+000 2.46798009e+001 7.39828542e+000 1.72815155e+001
 2.29336264e+000 7.25093812e+000 7.43225005e+000 1.81311939e-001
 2.32477856e+000 -8.90139635e+000 7.45327834e+000 1.63546747e+001
 2.35619449e+000 -1.52899964e+001 7.46048854e+000 2.27504850e+001
 2.38761042e+000 -9.10135451e+000 7.45296991e+000 1.65543244e+001
 2.41902634e+000 5.62748520e+000 7.42978262e+000 1.80229742e+000
 2.45044227e+000 2.05818543e+001 7.38995783e+000 1.31918964e+001
 2.48185820e+000 2.78803649e+001 7.33249776e+000 2.05478672e+001
 2.51327412e+000 2.42434888e+001 7.25637583e+000 1.69871130e+001
 2.54469005e+000 1.24015835e+001 7.16053693e+000 5.24104661e+000
 2.57610598e+000 -8.26130636e-001 7.04389766e+000 7.87002830e+000
 2.60752190e+000 -8.49557762e+000 6.90534676e+000 1.54009244e+001
 2.63893783e+000 -7.23805106e+000 6.74374551e+000 1.39817966e+001
 2.67035376e+000 1.28699812e+000 6.55792832e+000 5.27093021e+000
 2.70176968e+000 1.17769585e+001 6.34670335e+000 5.43025519e+000
 2.73318561e+000 1.84903644e+001 6.10885319e+000 1.23815112e+001
 2.76460154e+000 1.83435177e+001 5.84313575e+000 1.25003819e+001
 2.79601746e+000 1.22179247e+001 5.54828513e+000 6.66963961e+000
 2.82743339e+000 3.96154795e+000 5.22301271e+000 1.26146476e+000
 2.85884931e+000 -2.09007278e+000 4.86600825e+000 6.95608103e+000
 2.89026524e+000 -3.50815720e+000 4.47594118e+000 7.98409838e+000
 2.92168117e+000 -7.50277032e-001 4.05146201e+000 4.80173904e+000
 2.95309709e+000 3.62716878e+000 3.59120382e+000 3.59649593e-002
 2.98451302e+000 6.80217339e+000 3.09378392e+000 3.70838948e+000
 3.01592895e+000 7.32339995e+000 2.55780566e+000 4.76559429e+000
 3.04734487e+000 5.59820059e+000 1.98186037e+000 3.61634022e+000
 3.07876080e+000 3.12655830e+000 1.36452942e+000 1.76202888e+000
 3.11017673e+000 1.19322918e+000 7.04386497e-001 4.88842686e-001
 3.14159265e+000 9.80558480e-014 2.83382392e-015 9.52220240e-014
