 0.00000000e+000 0.00000000e+000 0.00000000e+000 0.00000000e+000
 3.14159265e-002 -4.33312558e-001 3.24132214e-002 4.65725779e-001
 6.28318531e-002 -6.34173251e-001 6.68623449e-002 7.01035596e-001
 9.42477796e-002 -5.15937608e-001 1.03409224e-001 6.19346833e-001
 1.25663706e-001 -1.81173092e-001 1.42115451e-001 3.23288544e-001
 1.57079633e-001 1.63783877e-001 1.83042214e-001 1.92583369e-002
 1.88495559e-001 3.55647482e-001 2.26250143e-001 1.29397339e-001
 2.19911486e-001 3.74049975e-001 2.71799158e-001 1.02250817e-001
 2.51327412e-001 3.27561324e-001 3.19748292e-001 7.81303217e-003
 2.82743339e-001 3.48268854e-001 3.70155520e-001 2.18866659e-002
 3.14159265e-001 4.84273556e-001 4.23077568e-001 6.11959882e-002
 3.45575192e-001 6.73366758e-001 4.78569719e-001 1.94797039e-001
 3.76991118e-001 8.10073937e-001 5.36685605e-001 2.73388332e-001
 4.08407045e-001 8.41406788e-001 5.97476992e-001 2.43929795e-001
 4.39822972e-001 8.06428373e-001 6.60993554e-001 1.45434818e-001
 4.71238898e-001 7.86545101e-001 7.27282634e-001 5.92624670e-002
 5.02654825e-001 8.13474576e-001 7.96388999e-001 1.70855768e-002
 5.34070751e-001 8.22450627e-001 8.68354578e-001 4.59039507e-002
 5.65486678e-001 7.03090231e-001 9.43218198e-001 2.40127967e-001
 5.96902604e-001 4.15321167e-001 1.02101530e+000 6.05694132e-001
 6.28318531e-001 7.21552708e-002 1.10177764e+000 1.02962237e+000
 6.59734457e-001 -9.70537345e-002 1.18553302e+000 1.28258675e+000
 6.91150384e-001 9.87870337e-002 1.27230491e+000 1.17351787e+000
 7.22566310e-001 6.42138795e-001 1.36211218e+000 7.19973385e-001
 7.53982237e-001 1.25573649e+000 1.45496874e+000 1.99232250e-001
 7.85398163e-001 1.53682776e+000 1.55088320e+000 1.40554346e-002
 8.16814090e-001 1.21296947e+000 1.64985847e+000 4.36889000e-001
 8.48230016e-001 3.55866430e-001 1.75189144e+000 1.39602501e+000
 8.79645943e-001 -6.03486545e-001 1.85697256e+000 2.46045911e+000
 9.11061870e-001 -1.09664164e+000 1.96508546e+000 3.06172710e+000
 9.42477796e-001 -7.58307514e-001 2.07620652e+000 2.83451403e+000
 9.73893723e-001 3.22658854e-001 2.19030447e+000 1.86764562e+000
 1.00530965e+000 1.60978345e+000 2.30733996e+000 6.97556503e-001
 1.03672558e+000 2.39979036e+000 2.42726507e+000 2.74747047e-002
 1.06814150e+000 2.22513895e+000 2.55002291e+000 3.24883961e-001
 1.09955743e+000 1.14380918e+000 2.67554714e+000 1.53173796e+000
 1.13097336e+000 -2.60709477e-001 2.80376147e+000 3.06447095e+000
 1.16238928e+000 -1.18242452e+000 2.93457919e+000 4.11700371e+000
 1.19380521e+000 -1.03756652e+000 3.06790264e+000 4.10546916e+000
 1.22522113e+000 1.95080009e-001 3.20362276e+000 3.00854275e+000
 1.25663706e+000 1.93226580e+000 3.34161850e+000 1.40935270e+000
 1.28805299e+000 3.27722032e+000 3.48175637e+000 2.04536043e-001
 1.31946891e+000 3.49731421e+000 3.62388980e+000 1.26575596e-001
 1.35088484e+000 2.43648850e+000 3.76785871e+000 1.33137022e+000
 1.38230077e+000 6.35500275e-001 3.91348887e+000 3.27798859e+000
 1.41371669e+000 -9.21299550e-001 4.06059136e+000 4.98189091e+000
 1.44513262e+000 -1.31847261e+000 4.20896203e+000 5.52743464e+000
 1.47654855e+000 -2.20321662e-001 4.35838090e+000 4.57870256e+000
 1.50796447e+000 1.89927350e+000 4.50861158e+000 2.60933808e+000
 1.53938040e+000 3.95701481e+000 4.65940072e+000 7.02385905e-001
 1.57079633e+000 4.81604790e+000 4.81047738e+000 5.57051629e-003
 1.60221225e+000 3.91890738e+000 4.96155248e+000 1.04264510e+000
 1.63362818e+000 1.64901242e+000 5.11231819e+000 3.46330577e+000
 1.66504411e+000 -8.08312640e-001 5.26244735e+000 6.07075999e+000
 1.69646003e+000 -2.07147030e+000 5.41159287e+000 7.48306317e+000
 1.72787596e+000 -1.33020555e+000 5.55938719e+000 6.88959274e+000
 1.75929189e+000 1.15116781e+000 5.70544161e+000 4.55427380e+000
 1.79070781e+000 4.10625260e+000 5.84934583e+000 1.74309323e+000
 1.82212374e+000 5.91810620e+000 5.99066728e+000 7.25610829e-002
 1.85353967e+000 5.51646727e+000 6.12895062e+000 6.12483346e-001
 1.88495559e+000 3.01943471e+000 6.26371715e+000 3.24428243e+000
 1.91637152e+000 -2.67087451e-001 6.39446431e+000 6.66155176e+000
 1.94778745e+000 -2.52911010e+000 6.52066514e+000 9.04977523e+000
 1.97920337e+000 -2.44751005e+000 6.64176775e+000 9.08927780e+000
 2.01061930e+000 3.72940864e-002 6.75719486e+000 6.71990077e+000
 2.04203522e+000 3.64734542e+000 6.86634331e+000 3.21899789e+000
 2.07345115e+000 6.44476195e+000 6.96858362e+000 5.23821674e-001
 2.10486708e+000 6.90089498e+000 7.06325955e+000 1.62364573e-001
 2.13628300e+000 4.75838925e+000 7.14968773e+000 2.39129848e+000
 2.16769893e+000 1.19332471e+000 7.22715726e+000 6.03383255e+000
 2.19911486e+000 -1.82395545e+000 7.29492939e+000 9.11888483e+000
 2.23053078e+000 -2.61629708e+000 7.35223721e+000 9.96853429e+000
 2.26194671e+000 -7.26469368e-001 7.39828542e+000 8.12475479e+000
 2.29336264e+000 2.83561132e+000 7.43225005e+000 4.59663874e+000
 2.32477856e+000 6.15960211e+000 7.45327834e+000 1.29367622e+000
 2.35619449e+000 7.49205756e+000 7.46048854e+000 3.15690198e-002
 2.38761042e+000 6.19056312e+000 7.45296991e+000 1.26240678e+000
 2.41902634e+000 3.04830719e+000 7.42978262e+000 4.38147543e+000
 2.45044227e+000 -1.75960997e-001 7.38995783e+000 7.56591883e+000
 2.48185820e+000 -1.74213451e+000 7.33249776e+000 9.07463227e+000
 2.51327412e+000 -8.69522222e-001 7.25637583e+000 8.12589806e+000
 2.54469005e+000 1.88116451e+000 7.16053693e+000 5.27937242e+000
 2.57610598e+000 4.97183387e+000 7.04389766e+000 2.07206379e+000
 2.60752190e+000 6.76397378e+000 6.90534676e+000 1.41372978e-001
 2.63893783e+000 6.40235643e+000 6.74374551e+000 3.41389074e-001
 2.67035376e+000 4.22093135e+000 6.55792832e+000 2.33699698e+000
 2.70176968e+000 1.47772999e+000 6.34670335e+000 4.86897336e+000
 2.73318561e+000 -3.90488239e-001 6.10885319e+000 6.49934143e+000
 2.76460154e+000 -5.48856988e-001 5.84313575e+000 6.39199273e+000
 2.79601746e+000 8.51860881e-001 5.54828513e+000 4.69642425e+000
 2.82743339e+000 2.86391085e+000 5.22301271e+000 2.35910186e+000
 2.85884931e+000 4.34187130e+000 4.86600825e+000 5.24136946e-001
 2.89026524e+000 4.57418485e+000 4.47594118e+000 9.82436645e-002
 2.92168117e+000 3.58970378e+000 4.05146201e+000 4.61758236e-001
 2.95309709e+000 2.00996508e+000 3.59120382e+000 1.58123874e+000
 2.98451302e+000 5.98973632e-001 3.09378392e+000 2.49481029e+000
 3.01592895e+000 -1.78366703e-001 2.55780566e+000 2.73617236e+000
 3.04734487e+000 -3.27293151e-001 1.98186037e+000 2.30915352e+000
 3.07876080e+000 -1.69371181e-001 1.36452942e+000 1.53390060e+000
 3.11017673e+000 -2.77360528e-002 7.04386497e-001 7.32122550e-001
 3.14159265e+000 -2.54164888e-014 2.83382392e-015 2.82503128e-014
