 0.00000000e+000 0.00000000e+000 0.00000000e+000 0.00000000e+000
 3.14159265e-002 6.39884552e-001 3.24132214e-002 6.07471330e-001
 6.28318531e-002 1.24319257e+000 6.68623449e-002 1.17633023e+000
 9.42477796e-002 1.77628914e+000 1.03409224e-001 1.67287992e+000
 1.25663706e-001 2.21116440e+000 1.42115451e-001 2.06904894e+000
 1.57079633e-001 2.52762428e+000 1.83042214e-001 2.34458207e+000
 1.88495559e-001 2.71479928e+000 2.26250143e-001 2.48854914e+000
 2.19911486e-001 2.77184403e+000 2.71799158e-001 2.50004487e+000
 2.51327412e-001 2.70777468e+000 3.19748292e-001 2.38802639e+000
 2.82743339e-001 2.54046869e+000 3.70155520e-001 2.17031317e+000
 3.14159265e-001 2.29492750e+000 4.23077568e-001 1.87184993e+000
 3.45575192e-001 2.00096773e+000 4.78569719e-001 1.52239801e+000
 3.76991118e-001 1.69055635e+000 5.36685605e-001 1.15387075e+000
 4.08407045e-001 1.39503469e+000 5.97476992e-001 7.97557694e-001
 4.39822972e-001 1.14248202e+000 6.60993554e-001 4.81488468e-001
 4.71238898e-001 9.55453110e-001 7.27282634e-001 2.28170475e-001
 5.02654825e-001 8.49284912e-001 7.96388999e-001 5.28959128e-002
 5.34070751e-001 8.31112025e-001 8.68354578e-001 3.72425528e-002
 5.65486678e-001 8.99661760e-001 9.43218198e-001 4.35564383e-002
 5.96902604e-001 1.04582596e+000 1.02101530e+000 2.48106602e-002
 6.28318531e-001 1.25393420e+000 1.10177764e+000 1.52156554e-001
 6.59734457e-001 1.50358885e+000 1.18553302e+000 3.18055833e-001
 6.91150384e-001 1.77187271e+000 1.27230491e+000 4.99567807e-001
 7.22566310e-001 2.03570891e+000 1.36211218e+000 6.73596730e-001
 7.53982237e-001 2.27414338e+000 1.45496874e+000 8.19174634e-001
 7.85398163e-001 2.47033302e+000 1.55088320e+000 9.19449825e-001
 8.16814090e-001 2.61305595e+000 1.64985847e+000 9.63197487e-001
 8.48230016e-001 2.69761068e+000 1.75189144e+000 9.45719238e-001
 8.79645943e-001 2.72603355e+000 1.85697256e+000 8.69060989e-001
 9.11061870e-001 2.70663201e+000 1.96508546e+000 7.41546553e-001
 9.42477796e-001 2.65289824e+000 2.07620652e+000 5.76691715e-001
 9.73893723e-001 2.58192763e+000 2.19030447e+000 3.91623154e-001
 1.00530965e+000 2.51251301e+000 2.30733996e+000 2.05173058e-001
 1.03672558e+000 2.46311419e+000 2.42726507e+000 3.58491263e-002
 1.06814150e+000 2.44991116e+000 2.55002291e+000 1.00111757e-001
 1.09955743e+000 2.48513707e+000 2.67554714e+000 1.90410079e-001
 1.13097336e+000 2.57585553e+000 2.80376147e+000 2.27905944e-001
 1.16238928e+000 2.72329919e+000 2.93457919e+000 2.11279999e-001
 1.19380521e+000 2.92282799e+000 3.06790264e+000 1.45074647e-001
 1.22522113e+000 3.16450184e+000 3.20362276e+000 3.91209203e-002
 1.25663706e+000 3.43419971e+000 3.34161850e+000 9.25812074e-002
 1.28805299e+000 3.71516266e+000 3.48175637e+000 2.33406292e-001
 1.31946891e+000 3.98979578e+000 3.62388980e+000 3.65905974e-001
 1.35088484e+000 4.24153967e+000 3.76785871e+000 4.73680960e-001
 1.38230077e+000 4.45661616e+000 3.91348887e+000 5.43127291e-001
 1.41371669e+000 4.62546749e+000 4.06059136e+000 5.64876128e-001
 1.44513262e+000 4.74374094e+000 4.20896203e+000 5.34778910e-001
 1.47654855e+000 4.81271818e+000 4.35838090e+000 4.54337281e-001
 1.50796447e+000 4.83914631e+000 4.50861158e+000 3.30534728e-001
 1.53938040e+000 4.83448934e+000 4.65940072e+000 1.75088619e-001
 1.57079633e+000 4.81367834e+000 4.81047738e+000 3.20095652e-003
 1.60221225e+000 4.79349022e+000 4.96155248e+000 1.68062265e-001
 1.63362818e+000 4.79072323e+000 5.11231819e+000 3.21594955e-001
 1.66504411e+000 4.82035852e+000 5.26244735e+000 4.42088826e-001
 1.69646003e+000 4.89389869e+000 5.41159287e+000 5.17694182e-001
 1.72787596e+000 5.01805705e+000 5.55938719e+000 5.41330136e-001
 1.75929189e+000 5.19393556e+000 5.70544161e+000 5.11506050e-001
 1.79070781e+000 5.41678033e+000 5.84934583e+000 4.32565502e-001
 1.82212374e+000 5.67634459e+000 5.99066728e+000 3.14322692e-001
 1.85353967e+000 5.95782745e+000 6.12895062e+000 1.71123165e-001
 1.88495559e+000 6.24329744e+000 6.26371715e+000 2.04197081e-002
 1.91637152e+000 6.51345990e+000 6.39446431e+000 1.18995589e-001
 1.94778745e+000 6.74959111e+000 6.52066514e+000 2.28925976e-001
 1.97920337e+000 6.93544352e+000 6.64176775e+000 2.93675772e-001
 2.01061930e+000 7.05892752e+000 6.75719486e+000 3.01732657e-001
 2.04203522e+000 7.11339600e+000 6.86634331e+000 2.47052691e-001
 2.07345115e+000 7.09839616e+000 6.96858362e+000 1.29812543e-001
 2.10486708e+000 7.01980516e+000 7.06325955e+000 4.34543931e-002
 2.13628300e+000 6.88932737e+000 7.14968773e+000 2.60360364e-001
 2.16769893e+000 6.72339449e+000 7.22715726e+000 5.03762768e-001
 2.19911486e+000 6.54157002e+000 7.29492939e+000 7.53359363e-001
 2.23053078e+000 6.36461003e+000 7.35223721e+000 9.87627187e-001
 2.26194671e+000 6.21236808e+000 7.39828542e+000 1.18591734e+000
 2.29336264e+000 6.10174982e+000 7.43225005e+000 1.33050023e+000
 2.32477856e+000 6.04491993e+000 7.45327834e+000 1.40835841e+000
 2.35619449e+000 6.04794165e+000 7.46048854e+000 1.41254688e+000
 2.38761042e+000 6.10998859e+000 7.45296991e+000 1.34298132e+000
 2.41902634e+000 6.22321352e+000 7.42978262e+000 1.20656910e+000
 2.45044227e+000 6.37329605e+000 7.38995783e+000 1.01666178e+000
 2.48185820e+000 6.54062433e+000 7.33249776e+000 7.91873433e-001
 2.51327412e+000 6.70200447e+000 7.25637583e+000 5.54371368e-001
 2.54469005e+000 6.83273868e+000 7.16053693e+000 3.27798253e-001
 2.57610598e+000 6.90887633e+000 7.04389766e+000 1.35021333e-001
 2.60752190e+000 6.90942380e+000 6.90534676e+000 4.07704661e-003
 2.63893783e+000 6.81830151e+000 6.74374551e+000 7.45560071e-002
 2.67035376e+000 6.62585951e+000 6.55792832e+000 6.79311828e-002
 2.70176968e+000 6.32980446e+000 6.34670335e+000 1.68988892e-002
 2.73318561e+000 5.93544691e+000 6.10885319e+000 1.73406283e-001
 2.76460154e+000 5.45524240e+000 5.84313575e+000 3.87893345e-001
 2.79601746e+000 4.90766817e+000 5.54828513e+000 6.40616965e-001
 2.82743339e+000 4.31554082e+000 5.22301271e+000 9.07471884e-001
 2.85884931e+000 3.70393475e+000 4.86600825e+000 1.16207350e+000
 2.89026524e+000 3.09789939e+000 4.47594118e+000 1.37804179e+000
 2.92168117e+000 2.52019354e+000 4.05146201e+000 1.53126847e+000
 2.95309709e+000 1.98925326e+000 3.59120382e+000 1.60195056e+000
 2.98451302e+000 1.51758775e+000 3.09378392e+000 1.57619617e+000
 3.01592895e+000 1.11075663e+000 2.55780566e+000 1.44704903e+000
 3.04734487e+000 7.67025797e-001 1.98186037e+000 1.21483457e+000
 3.07876080e+000 4.77733882e-001 1.36452942e+000 8.86795537e-001
 3.11017673e+000 2.28332715e-001 7.04386497e-001 4.76053782e-001
 3.14159265e+000 -9.38954263e-016 2.83382392e-015 3.77277819e-015
