 0.00000000e+000 0.00000000e+000 0.00000000e+000 0.00000000e+000
 3.14159265e-002 3.23409507e-002 3.24132214e-002 7.22706483e-005
 6.28318531e-002 6.59653290e-002 6.68623449e-002 8.97015880e-004
 9.42477796e-002 1.01883795e-001 1.03409224e-001 1.52542910e-003
 1.25663706e-001 1.40652336e-001 1.42115451e-001 1.46311555e-003
 1.57079633e-001 1.82339043e-001 1.83042214e-001 7.03170996e-004
 1.88495559e-001 2.26643753e-001 2.26250143e-001 3.93609408e-004
 2.19911486e-001 2.73120568e-001 2.71799158e-001 1.32140977e-003
 2.51327412e-001 3.21418705e-001 3.19748292e-001 1.67041293e-003
 2.82743339e-001 3.71454647e-001 3.70155520e-001 1.29912656e-003
 3.14159265e-001 4.23458327e-001 4.23077568e-001 3.80758463e-004
 3.45575192e-001 4.77886123e-001 4.78569719e-001 6.83596549e-004
 3.76991118e-001 5.35244196e-001 5.36685605e-001 1.44140958e-003
 4.08407045e-001 5.95897927e-001 5.97476992e-001 1.57906538e-003
 4.39822972e-001 6.59944995e-001 6.60993554e-001 1.04855958e-003
 4.71238898e-001 7.27201211e-001 7.27282634e-001 8.14229957e-005
 5.02654825e-001 7.97301483e-001 7.96388999e-001 9.12484160e-004
 5.34070751e-001 8.69871915e-001 8.68354578e-001 1.51733732e-003
 5.65486678e-001 9.44701445e-001 9.43218198e-001 1.48324754e-003
 5.96902604e-001 1.02184296e+000 1.02101530e+000 8.27656917e-004
 6.28318531e-001 1.10160350e+000 1.10177764e+000 1.74145284e-004
 6.59734457e-001 1.18442873e+000 1.18553302e+000 1.10428692e-003
 6.91150384e-001 1.27072952e+000 1.27230491e+000 1.57538415e-003
 7.22566310e-001 1.36072183e+000 1.36211218e+000 1.39034732e-003
 7.53982237e-001 1.45434509e+000 1.45496874e+000 6.23654557e-004
 7.85398163e-001 1.55129217e+000 1.55088320e+000 4.08975325e-004
 8.16814090e-001 1.65113855e+000 1.64985847e+000 1.28007767e-003
 8.48230016e-001 1.75351770e+000 1.75189144e+000 1.62626557e-003
 8.79645943e-001 1.85827112e+000 1.85697256e+000 1.29855977e-003
 9.11061870e-001 1.96551101e+000 1.96508546e+000 4.25546822e-004
 9.42477796e-001 2.07556946e+000 2.07620652e+000 6.37062215e-004
 9.73893723e-001 2.18885376e+000 2.19030447e+000 1.45071281e-003
 1.00530965e+000 2.30566606e+000 2.30733996e+000 1.67389752e-003
 1.03672558e+000 2.42606074e+000 2.42726507e+000 1.20432876e-003
 1.06814150e+000 2.54979824e+000 2.55002291e+000 2.24671037e-004
 1.09955743e+000 2.67641536e+000 2.67554714e+000 8.68212287e-004
 1.13097336e+000 2.80538469e+000 2.80376147e+000 1.62321970e-003
 1.16238928e+000 2.93629923e+000 2.93457919e+000 1.72004118e-003
 1.19380521e+000 3.06900648e+000 3.06790264e+000 1.10383824e-003
 1.22522113e+000 3.20363618e+000 3.20362276e+000 1.34261367e-005
 1.25663706e+000 3.34050780e+000 3.34161850e+000 1.11069922e-003
 1.28805299e+000 3.47995307e+000 3.48175637e+000 1.80329768e-003
 1.31946891e+000 3.62212419e+000 3.62388980e+000 1.76561934e-003
 1.35088484e+000 3.76686585e+000 3.76785871e+000 9.92861023e-004
 1.38230077e+000 3.91370485e+000 3.91348887e+000 2.15975842e-004
 1.41371669e+000 4.06196424e+000 4.06059136e+000 1.37288290e-003
 1.44513262e+000 4.21095860e+000 4.20896203e+000 1.99656885e-003
 1.47654855e+000 4.36019202e+000 4.35838090e+000 1.81112049e-003
 1.50796447e+000 4.50947781e+000 4.50861158e+000 8.66230116e-004
 1.53938040e+000 4.65892804e+000 4.65940072e+000 4.72683711e-004
 1.57079633e+000 4.80881287e+000 4.81047738e+000 1.66450645e-003
 1.60221225e+000 4.95934304e+000 4.96155248e+000 2.20944437e-003
 1.63362818e+000 5.11046154e+000 5.11231819e+000 1.85665263e-003
 1.66504411e+000 5.26173034e+000 5.26244735e+000 7.17012276e-004
 1.69646003e+000 5.41236150e+000 5.41159287e+000 7.68629211e-004
 1.72787596e+000 5.56138535e+000 5.55938719e+000 1.99816082e-003
 1.75929189e+000 5.70789161e+000 5.70544161e+000 2.44999869e-003
 1.79070781e+000 5.85124759e+000 5.84934583e+000 1.90175446e-003
 1.82212374e+000 5.99120244e+000 5.99066728e+000 5.35158751e-004
 1.85353967e+000 6.12782996e+000 6.12895062e+000 1.12065590e-003
 1.88495559e+000 6.26132574e+000 6.26371715e+000 2.39140241e-003
 1.91637152e+000 6.39173519e+000 6.39446431e+000 2.72912406e-003
 1.94778745e+000 6.51872029e+000 6.52066514e+000 1.94484594e-003
 1.97920337e+000 6.64146266e+000 6.64176775e+000 3.05090305e-004
 2.01061930e+000 6.75874903e+000 6.75719486e+000 1.55416795e-003
 2.04203522e+000 6.86921360e+000 6.86634331e+000 2.87028486e-003
 2.07345115e+000 6.97164590e+000 6.96858362e+000 3.06228293e-003
 2.10486708e+000 7.06524144e+000 7.06325955e+000 1.98188485e-003
 2.13628300e+000 7.14968872e+000 7.14968773e+000 9.83666533e-007
 2.16769893e+000 7.22504725e+000 7.22715726e+000 2.11000956e-003
 2.19911486e+000 7.29145357e+000 7.29492939e+000 3.47581560e-003
 2.23053078e+000 7.34876489e+000 7.35223721e+000 3.47232208e-003
 2.26194671e+000 7.39628244e+000 7.39828542e+000 2.00298006e-003
 2.29336264e+000 7.43267334e+000 7.43225005e+000 4.23287111e-004
 2.32477856e+000 7.45613696e+000 7.45327834e+000 2.85861945e-003
 2.35619449e+000 7.46476524e+000 7.46048854e+000 4.27670259e-003
 2.38761042e+000 7.45696383e+000 7.45296991e+000 3.99392746e-003
 2.41902634e+000 7.43176572e+000 7.42978262e+000 1.98309678e-003
 2.45044227e+000 7.38889986e+000 7.38995783e+000 1.05797098e-003
 2.48185820e+000 7.32856563e+000 7.33249776e+000 3.93212605e-003
 2.51327412e+000 7.25097931e+000 7.25637583e+000 5.39652718e-003
 2.54469005e+000 7.15585764e+000 7.16053693e+000 4.67929276e-003
 2.57610598e+000 7.04204447e+000 7.04389766e+000 1.85319463e-003
 2.60752190e+000 6.90744851e+000 6.90534676e+000 2.10175588e-003
 2.63893783e+000 6.74935174e+000 6.74374551e+000 5.60623497e-003
 2.67035376e+000 6.56500438e+000 6.55792832e+000 7.07605478e-003
 2.70176968e+000 6.35229735e+000 6.34670335e+000 5.59400558e-003
 2.73318561e+000 6.11024692e+000 6.10885319e+000 1.39372882e-003
 2.76460154e+000 5.83906762e+000 5.84313575e+000 4.06812817e-003
 2.79601746e+000 5.53974394e+000 5.54828513e+000 8.54119178e-003
 2.82743339e+000 5.21319676e+000 5.22301271e+000 9.81594470e-003
 2.85884931e+000 4.85931479e+000 4.86600825e+000 6.69346121e-003
 2.89026524e+000 4.47621798e+000 4.47594118e+000 2.76794090e-004
 2.92168117e+000 4.06009667e+000 4.05146201e+000 8.63465730e-003
 2.95309709e+000 3.60582144e+000 3.59120382e+000 1.46176188e-002
 2.98451302e+000 3.10828471e+000 3.09378392e+000 1.45007930e-002
 3.01592895e+000 2.56418678e+000 2.55780566e+000 6.38112041e-003
 3.04734487e+000 1.97379810e+000 1.98186037e+000 8.06226454e-003
 3.07876080e+000 1.34218134e+000 1.36452942e+000 2.23480749e-002
 3.11017673e+000 6.79464950e-001 7.04386497e-001 2.49215475e-002
 3.14159265e+000 3.24716210e-015 2.83382392e-015 4.13338173e-016
