 0.00000000e+000 0.00000000e+000 0.00000000e+000 0.00000000e+000
 3.14159265e-002 -1.24592048e-002 3.24132214e-002 4.48724261e-002
 6.28318531e-002 -9.58833224e-001 6.68623449e-002 1.02569557e+000
 9.42477796e-002 -3.41165086e+000 1.03409224e-001 3.51506009e+000
 1.25663706e-001 -7.35458032e+000 1.42115451e-001 7.49669577e+000
 1.57079633e-001 -1.21728902e+001 1.83042214e-001 1.23559325e+001
 1.88495559e-001 -1.68648061e+001 2.26250143e-001 1.70910562e+001
 2.19911486e-001 -2.03948459e+001 2.71799158e-001 2.06666451e+001
 2.51327412e-001 -2.20581197e+001 3.19748292e-001 2.23778680e+001
 2.82743339e-001 -2.17215634e+001 3.70155520e-001 2.20917189e+001
 3.14159265e-001 -1.98549687e+001 4.23077568e-001 2.02780462e+001
 3.45575192e-001 -1.73435714e+001 4.78569719e-001 1.78221411e+001
 3.76991118e-001 -1.51550895e+001 5.36685605e-001 1.56917751e+001
 4.08407045e-001 -1.39870704e+001 5.97476992e-001 1.45845474e+001
 4.39822972e-001 -1.40256581e+001 6.60993554e-001 1.46866517e+001
 4.71238898e-001 -1.49029810e+001 7.27282634e-001 1.56302636e+001
 5.02654825e-001 -1.58643572e+001 7.96388999e-001 1.66607462e+001
 5.34070751e-001 -1.60774131e+001 8.68354578e-001 1.69457677e+001
 5.65486678e-001 -1.49628516e+001 9.43218198e-001 1.59060698e+001
 5.96902604e-001 -1.24204452e+001 1.02101530e+000 1.34414605e+001
 6.28318531e-001 -8.86562491e+000 1.10177764e+000 9.96740255e+000
 6.59734457e-001 -5.06539900e+000 1.18553302e+000 6.25093202e+000
 6.91150384e-001 -1.83909219e+000 1.27230491e+000 3.11139710e+000
 7.22566310e-001 2.59606848e-001 1.36211218e+000 1.10250533e+000
 7.53982237e-001 1.15664800e+000 1.45496874e+000 2.98320745e-001
 7.85398163e-001 1.28558145e+000 1.55088320e+000 2.65301750e-001
 8.16814090e-001 1.41877707e+000 1.64985847e+000 2.31081393e-001
 8.48230016e-001 2.36603439e+000 1.75189144e+000 6.14142950e-001
 8.79645943e-001 4.65460921e+000 1.85697256e+000 2.79763665e+000
 9.11061870e-001 8.31104015e+000 1.96508546e+000 6.34595469e+000
 9.42477796e-001 1.28261141e+001 2.07620652e+000 1.07499076e+001
 9.73893723e-001 1.73152207e+001 2.19030447e+000 1.51249162e+001
 1.00530965e+000 2.08137162e+001 2.30733996e+000 1.85063762e+001
 1.03672558e+000 2.25981586e+001 2.42726507e+000 2.01708936e+001
 1.06814150e+000 2.24172810e+001 2.55002291e+000 1.98672581e+001
 1.09955743e+000 2.05530366e+001 2.67554714e+000 1.78774895e+001
 1.13097336e+000 1.76971674e+001 2.80376147e+000 1.48934059e+001
 1.16238928e+000 1.46971141e+001 2.93457919e+000 1.17625349e+001
 1.19380521e+000 1.22707087e+001 3.06790264e+000 9.20280605e+000
 1.22522113e+000 1.07953165e+001 3.20362276e+000 7.59169374e+000
 1.25663706e+000 1.02428856e+001 3.34161850e+000 6.90126707e+000
 1.28805299e+000 1.02723100e+001 3.48175637e+000 6.79055360e+000
 1.31946891e+000 1.04288744e+001 3.62388980e+000 6.80498460e+000
 1.35088484e+000 1.03615373e+001 3.76785871e+000 6.59367860e+000
 1.38230077e+000 9.96711321e+000 3.91348887e+000 6.05362434e+000
 1.41371669e+000 9.40556356e+000 4.06059136e+000 5.34497220e+000
 1.44513262e+000 8.98740529e+000 4.20896203e+000 4.77844326e+000
 1.47654855e+000 8.98905240e+000 4.35838090e+000 4.63067151e+000
 1.50796447e+000 9.48219652e+000 4.50861158e+000 4.97358494e+000
 1.53938040e+000 1.02567747e+001 4.65940072e+000 5.59737403e+000
 1.57079633e+000 1.08764872e+001 4.81047738e+000 6.06600983e+000
 1.60221225e+000 1.08480406e+001 4.96155248e+000 5.88648814e+000
 1.63362818e+000 9.83436516e+000 5.11231819e+000 4.72204697e+000
 1.66504411e+000 7.81951483e+000 5.26244735e+000 2.55706748e+000
 1.69646003e+000 5.14900828e+000 5.41159287e+000 2.62584598e-001
 1.72787596e+000 2.41849394e+000 5.55938719e+000 3.14089324e+000
 1.75929189e+000 2.46552849e-001 5.70544161e+000 5.45888877e+000
 1.79070781e+000 -9.81350121e-001 5.84934583e+000 6.83069595e+000
 1.82212374e+000 -1.29288350e+000 5.99066728e+000 7.28355078e+000
 1.85353967e+000 -1.15220992e+000 6.12895062e+000 7.28116054e+000
 1.88495559e+000 -1.30453086e+000 6.26371715e+000 7.56824800e+000
 1.91637152e+000 -2.49033212e+000 6.39446431e+000 8.88479643e+000
 1.94778745e+000 -5.13299833e+000 6.52066514e+000 1.16536635e+001
 1.97920337e+000 -9.12047127e+000 6.64176775e+000 1.57622390e+001
 2.01061930e+000 -1.37721190e+001 6.75719486e+000 2.05293139e+001
 2.04203522e+000 -1.80156013e+001 6.86634331e+000 2.48819446e+001
 2.07345115e+000 -2.07196956e+001 6.96858362e+000 2.76882792e+001
 2.10486708e+000 -2.10678866e+001 7.06325955e+000 2.81311462e+001
 2.13628300e+000 -1.88381915e+001 7.14968773e+000 2.59878792e+001
 2.16769893e+000 -1.44858620e+001 7.22715726e+000 2.17130193e+001
 2.19911486e+000 -8.99662562e+000 7.29492939e+000 1.62915550e+001
 2.23053078e+000 -3.56270479e+000 7.35223721e+000 1.09149420e+001
 2.26194671e+000 8.00162103e-001 7.39828542e+000 6.59812332e+000
 2.29336264e+000 3.55475211e+000 7.43225005e+000 3.87749794e+000
 2.32477856e+000 4.75509060e+000 7.45327834e+000 2.69818773e+000
 2.35619449e+000 4.93502328e+000 7.46048854e+000 2.52546526e+000
 2.38761042e+000 4.82518176e+000 7.45296991e+000 2.62778815e+000
 2.41902634e+000 5.01825169e+000 7.42978262e+000 2.41153093e+000
 2.45044227e+000 5.72282988e+000 7.38995783e+000 1.66712795e+000
 2.48185820e+000 6.71042193e+000 7.33249776e+000 6.22075832e-001
 2.51327412e+000 7.48100472e+000 7.25637583e+000 2.24628881e-001
 2.54469005e+000 7.58031955e+000 7.16053693e+000 4.19782619e-001
 2.57610598e+000 6.93320473e+000 7.04389766e+000 1.10692929e-001
 2.60752190e+000 6.04055161e+000 6.90534676e+000 8.64795141e-001
 2.63893783e+000 5.93228121e+000 6.74374551e+000 8.11464296e-001
 2.67035376e+000 7.86072384e+000 6.55792832e+000 1.30279552e+000
 2.70176968e+000 1.28243752e+001 6.34670335e+000 6.47767183e+000
 2.73318561e+000 2.10905673e+001 6.10885319e+000 1.49817141e+001
 2.76460154e+000 3.19047522e+001 5.84313575e+000 2.60616165e+001
 2.79601746e+000 4.35224878e+001 5.54828513e+000 3.79742027e+001
 2.82743339e+000 5.35927805e+001 5.22301271e+000 4.83697678e+001
 2.85884931e+000 5.97949821e+001 4.86600825e+000 5.49289738e+001
 2.89026524e+000 6.05317714e+001 4.47594118e+000 5.60558302e+001
 2.92168117e+000 5.54460530e+001 4.05146201e+000 5.13945910e+001
 2.95309709e+000 4.55759484e+001 3.59120382e+000 4.19847445e+001
 2.98451302e+000 3.30766941e+001 3.09378392e+000 2.99829102e+001
 3.01592895e+000 2.05832321e+001 2.55780566e+000 1.80254264e+001
 3.04734487e+000 1.04123737e+001 1.98186037e+000 8.43051331e+000
 3.07876080e+000 3.86394649e+000 1.36452942e+000 2.49941707e+000
 3.11017673e+000 8.53265442e-001 7.04386497e-001 1.48878945e-001
 3.14159265e+000 3.32458675e-015 2.83382392e-015 4.90762830e-016
