 0.00000000e+000 0.00000000e+000 0.00000000e+000 0.00000000e+000
 3.14159265e-002 3.22550246e-002 3.24132214e-002 1.58196791e-004
 6.28318531e-002 6.58246436e-002 6.68623449e-002 1.03770128e-003
 9.42477796e-002 1.01738915e-001 1.03409224e-001 1.67030887e-003
 1.25663706e-001 1.40554164e-001 1.42115451e-001 1.56128702e-003
 1.57079633e-001 1.82319712e-001 1.83042214e-001 7.22501456e-004
 1.88495559e-001 2.26704714e-001 2.26250143e-001 4.54571073e-004
 2.19911486e-001 2.73232359e-001 2.71799158e-001 1.43320066e-003
 2.51327412e-001 3.21532420e-001 3.19748292e-001 1.78412752e-003
 2.82743339e-001 3.71520689e-001 3.70155520e-001 1.36516921e-003
 3.14159265e-001 4.23445286e-001 4.23077568e-001 3.67717274e-004
 3.45575192e-001 4.77792614e-001 4.78569719e-001 7.77105149e-004
 3.76991118e-001 5.35099264e-001 5.36685605e-001 1.58634153e-003
 4.08407045e-001 5.95749976e-001 5.97476992e-001 1.72701624e-003
 4.39822972e-001 6.59843594e-001 6.60993554e-001 1.14996022e-003
 4.71238898e-001 7.27178764e-001 7.27282634e-001 1.03870702e-004
 5.02654825e-001 7.97361699e-001 7.96388999e-001 9.72700676e-004
 5.34070751e-001 8.69989329e-001 8.68354578e-001 1.63475103e-003
 5.65486678e-001 9.44831898e-001 9.43218198e-001 1.61370019e-003
 5.96902604e-001 1.02194079e+000 1.02101530e+000 9.25488257e-004
 6.28318531e-001 1.10163867e+000 1.10177764e+000 1.38972350e-004
 6.59734457e-001 1.18439729e+000 1.18553302e+000 1.13572658e-003
 6.91150384e-001 1.27065352e+000 1.27230491e+000 1.65138536e-003
 7.22566310e-001 1.36063904e+000 1.36211218e+000 1.47314118e-003
 7.53982237e-001 1.45429283e+000 1.45496874e+000 6.75911973e-004
 7.85398163e-001 1.55129190e+000 1.55088320e+000 4.08705999e-004
 8.16814090e-001 1.65118733e+000 1.64985847e+000 1.32886065e-003
 8.48230016e-001 1.75358999e+000 1.75189144e+000 1.69855562e-003
 8.79645943e-001 1.85833002e+000 1.85697256e+000 1.35745608e-003
 9.11061870e-001 1.96552433e+000 1.96508546e+000 4.38875788e-004
 9.42477796e-001 2.07552407e+000 2.07620652e+000 6.82453052e-004
 9.73893723e-001 2.18876209e+000 2.19030447e+000 1.54238217e-003
 1.00530965e+000 2.30556214e+000 2.30733996e+000 1.77781217e-003
 1.03672558e+000 2.42598703e+000 2.42726507e+000 1.27803364e-003
 1.06814150e+000 2.54978844e+000 2.55002291e+000 2.34475034e-004
 1.09955743e+000 2.67648006e+000 2.67554714e+000 9.32918521e-004
 1.13097336e+000 2.80550587e+000 2.80376147e+000 1.74439502e-003
 1.16238928e+000 2.93643587e+000 2.93457919e+000 1.85668066e-003
 1.19380521e+000 3.06910962e+000 3.06790264e+000 1.20698132e-003
 1.22522113e+000 3.20366755e+000 3.20362276e+000 4.47950065e-005
 1.25663706e+000 3.34045481e+000 3.34161850e+000 1.16369384e-003
 1.28805299e+000 3.47983419e+000 3.48175637e+000 1.92217071e-003
 1.31946891e+000 3.62198244e+000 3.62388980e+000 1.90736440e-003
 1.35088484e+000 3.76675261e+000 3.76785871e+000 1.10610737e-003
 1.38230077e+000 3.91366023e+000 3.91348887e+000 1.71358830e-004
 1.41371669e+000 4.06200172e+000 4.06059136e+000 1.41035569e-003
 1.44513262e+000 4.21105981e+000 4.20896203e+000 2.09777873e-003
 1.47654855e+000 4.36031411e+000 4.35838090e+000 1.93321277e-003
 1.50796447e+000 4.50957049e+000 4.50861158e+000 9.58907813e-004
 1.53938040e+000 4.65895376e+000 4.65940072e+000 4.46957450e-004
 1.57079633e+000 4.80876224e+000 4.81047738e+000 1.71514201e-003
 1.60221225e+000 4.95923905e+000 4.96155248e+000 2.31342780e-003
 1.63362818e+000 5.11035089e+000 5.11231819e+000 1.96730347e-003
 1.66504411e+000 5.26166469e+000 5.26244735e+000 7.82653756e-004
 1.69646003e+000 5.41237613e+000 5.41159287e+000 7.83253304e-004
 1.72787596e+000 5.56148338e+000 5.55938719e+000 2.09619713e-003
 1.75929189e+000 5.70804063e+000 5.70544161e+000 2.59901423e-003
 1.79070781e+000 5.85139022e+000 5.84934583e+000 2.04439136e-003
 1.82212374e+000 5.99127763e+000 5.99066728e+000 6.10352248e-004
 1.85353967e+000 6.12779691e+000 6.12895062e+000 1.15370621e-003
 1.88495559e+000 6.26118147e+000 6.26371715e+000 2.53567255e-003
 1.91637152e+000 6.39151866e+000 6.39446431e+000 2.94564682e-003
 1.94778745e+000 6.51850096e+000 6.52066514e+000 2.16417824e-003
 1.97920337e+000 6.64131706e+000 6.64176775e+000 4.50684527e-004
 2.01061930e+000 6.75873380e+000 6.75719486e+000 1.53893760e-003
 2.04203522e+000 6.86934455e+000 6.86634331e+000 3.00124034e-003
 2.07345115e+000 6.97189103e+000 6.96858362e+000 3.30740803e-003
 2.10486708e+000 7.06553041e+000 7.06325955e+000 2.27085131e-003
 2.13628300e+000 7.14993566e+000 7.14968773e+000 2.47925595e-004
 2.16769893e+000 7.22517868e+000 7.22715726e+000 1.97857858e-003
 2.19911486e+000 7.29143158e+000 7.29492939e+000 3.49780616e-003
 2.23053078e+000 7.34859768e+000 7.35223721e+000 3.63953194e-003
 2.26194671e+000 7.39601911e+000 7.39828542e+000 2.26631276e-003
 2.29336264e+000 7.43238568e+000 7.43225005e+000 1.35625175e-004
 2.32477856e+000 7.45589569e+000 7.45327834e+000 2.61735006e-003
 2.35619449e+000 7.46461969e+000 7.46048854e+000 4.13114875e-003
 2.38761042e+000 7.45693206e+000 7.45296991e+000 3.96215402e-003
 2.41902634e+000 7.43183744e+000 7.42978262e+000 2.05482304e-003
 2.45044227e+000 7.38904897e+000 7.38995783e+000 9.08865987e-004
 2.48185820e+000 7.32876513e+000 7.33249776e+000 3.73263433e-003
 2.51327412e+000 7.25121091e+000 7.25637583e+000 5.16492855e-003
 2.54469005e+000 7.15611101e+000 7.16053693e+000 4.42592057e-003
 2.57610598e+000 7.04230650e+000 7.04389766e+000 1.59115828e-003
 2.60752190e+000 6.90768861e+000 6.90534676e+000 2.34185192e-003
 2.63893783e+000 6.74951233e+000 6.74374551e+000 5.76682120e-003
 2.67035376e+000 6.56500523e+000 6.55792832e+000 7.07690733e-003
 2.70176968e+000 6.35205733e+000 6.34670335e+000 5.35398218e-003
 2.73318561e+000 6.10971927e+000 6.10885319e+000 8.66080217e-004
 2.76460154e+000 5.83827774e+000 5.84313575e+000 4.85800620e-003
 2.79601746e+000 5.53881441e+000 5.54828513e+000 9.47072199e-003
 2.82743339e+000 5.21234585e+000 5.22301271e+000 1.06668535e-002
 2.85884931e+000 4.85882163e+000 4.86600825e+000 7.18661432e-003
 2.89026524e+000 4.47635830e+000 4.47594118e+000 4.17117073e-004
 2.92168117e+000 4.06106400e+000 4.05146201e+000 9.60199105e-003
 2.95309709e+000 3.60765619e+000 3.59120382e+000 1.64523766e-002
 2.98451302e+000 3.11083417e+000 3.09378392e+000 1.70502500e-002
 3.01592895e+000 2.56711225e+000 2.55780566e+000 9.30658683e-003
 3.04734487e+000 1.97663280e+000 1.98186037e+000 5.22757271e-003
 3.07876080e+000 1.34442750e+000 1.36452942e+000 2.01019136e-002
 3.11017673e+000 6.80706334e-001 7.04386497e-001 2.36801626e-002
 3.14159265e+000 3.25498328e-015 2.83382392e-015 4.21159357e-016
