 0.00000000e+000 0.00000000e+000 0.00000000e+000 0.00000000e+000
 3.14159265e-002 3.92695451e-002 3.24132214e-002 6.85632371e-003
 6.28318531e-002 7.81678058e-002 6.68623449e-002 1.13054609e-002
 9.42477796e-002 1.16508959e-001 1.03409224e-001 1.30997343e-002
 1.25663706e-001 1.54430969e-001 1.42115451e-001 1.23155178e-002
 1.57079633e-001 1.92450992e-001 1.83042214e-001 9.40877853e-003
 1.88495559e-001 2.31422056e-001 2.26250143e-001 5.17191290e-003
 2.19911486e-001 2.72399212e-001 2.71799158e-001 6.00054185e-004
 2.51327412e-001 3.16445576e-001 3.19748292e-001 3.30271595e-003
 2.82743339e-001 3.64423946e-001 3.70155520e-001 5.73157442e-003
 3.14159265e-001 4.16824205e-001 4.23077568e-001 6.25336367e-003
 3.45575192e-001 4.73669367e-001 4.78569719e-001 4.90035246e-003
 3.76991118e-001 5.34525387e-001 5.36685605e-001 2.16021818e-003
 4.08407045e-001 5.98615836e-001 5.97476992e-001 1.13884330e-003
 4.39822972e-001 6.65017718e-001 6.60993554e-001 4.02416322e-003
 4.71238898e-001 7.32894946e-001 7.27282634e-001 5.61231172e-003
 5.02654825e-001 8.01715976e-001 7.96388999e-001 5.32697744e-003
 5.34070751e-001 8.71404374e-001 8.68354578e-001 3.04979647e-003
 5.65486678e-001 9.42385390e-001 9.43218198e-001 8.32807656e-004
 5.96902604e-001 1.01551479e+000 1.02101530e+000 5.50050953e-003
 6.28318531e-001 1.09190314e+000 1.10177764e+000 9.87450418e-003
 6.59734457e-001 1.17267324e+000 1.18553302e+000 1.28597805e-002
 6.91150384e-001 1.25870471e+000 1.27230491e+000 1.36001959e-002
 7.22566310e-001 1.35042418e+000 1.36211218e+000 1.16880041e-002
 7.53982237e-001 1.44769025e+000 1.45496874e+000 7.27849185e-003
 7.85398163e-001 1.54980231e+000 1.55088320e+000 1.08088412e-003
 8.16814090e-001 1.65563425e+000 1.64985847e+000 5.77577909e-003
 8.48230016e-001 1.76386611e+000 1.75189144e+000 1.19746755e-002
 8.79645943e-001 1.87326376e+000 1.85697256e+000 1.62912014e-002
 9.11061870e-001 1.98294455e+000 1.96508546e+000 1.78590870e-002
 9.42477796e-001 2.09256921e+000 2.07620652e+000 1.63626905e-002
 9.73893723e-001 2.20241557e+000 2.19030447e+000 1.21110964e-002
 1.00530965e+000 2.31331552e+000 2.30733996e+000 5.97556509e-003
 1.03672558e+000 2.42646751e+000 2.42726507e+000 7.97558329e-004
 1.06814150e+000 2.54316488e+000 2.55002291e+000 6.85803206e-003
 1.09955743e+000 2.66450021e+000 2.67554714e+000 1.10469319e-002
 1.13097336e+000 2.79111195e+000 2.80376147e+000 1.26495279e-002
 1.16238928e+000 2.92303103e+000 2.93457919e+000 1.15481612e-002
 1.19380521e+000 3.05966320e+000 3.06790264e+000 8.23944300e-003
 1.22522113e+000 3.19991217e+000 3.20362276e+000 3.71058961e-003
 1.25663706e+000 3.34241660e+000 3.34161850e+000 7.98094060e-004
 1.28805299e+000 3.48584735e+000 3.48175637e+000 4.09098221e-003
 1.31946891e+000 3.62919656e+000 3.62388980e+000 5.30675848e-003
 1.35088484e+000 3.77199086e+000 3.76785871e+000 4.13214710e-003
 1.38230077e+000 3.91437708e+000 3.91348887e+000 8.88205571e-004
 1.41371669e+000 4.05705744e+000 4.06059136e+000 3.53391858e-003
 1.44513262e+000 4.20108559e+000 4.20896203e+000 7.87644204e-003
 1.47654855e+000 4.34756727e+000 4.35838090e+000 1.08136277e-002
 1.50796447e+000 4.49733324e+000 4.50861158e+000 1.12783448e-002
 1.53938040e+000 4.65066005e+000 4.65940072e+000 8.74067067e-003
 1.57079633e+000 4.80710595e+000 4.81047738e+000 3.37143425e-003
 1.60221225e+000 4.96550446e+000 4.96155248e+000 3.95197489e-003
 1.63362818e+000 5.12412341e+000 5.11231819e+000 1.18052237e-002
 1.66504411e+000 5.28095927e+000 5.26244735e+000 1.85119235e-002
 1.69646003e+000 5.43410434e+000 5.41159287e+000 2.25114638e-002
 1.72787596e+000 5.58210567e+000 5.55938719e+000 2.27184869e-002
 1.75929189e+000 5.72423325e+000 5.70544161e+000 1.87916368e-002
 1.79070781e+000 5.86059271e+000 5.84934583e+000 1.12468807e-002
 1.82212374e+000 5.99205096e+000 5.99066728e+000 1.38368281e-003
 1.85353967e+000 6.11998424e+000 6.12895062e+000 8.96637157e-003
 1.88495559e+000 6.24589880e+000 6.26371715e+000 1.78183466e-002
 1.91637152e+000 6.37100494e+000 6.39446431e+000 2.34593655e-002
 1.94778745e+000 6.49583860e+000 6.52066514e+000 2.48265334e-002
 1.97920337e+000 6.62001704e+000 6.64176775e+000 2.17507090e-002
 2.01061930e+000 6.74218805e+000 6.75719486e+000 1.50068080e-002
 2.04203522e+000 6.86019024e+000 6.86634331e+000 6.15307159e-003
 2.07345115e+000 6.97139463e+000 6.96858362e+000 2.81100699e-003
 2.10486708e+000 7.07315566e+000 7.06325955e+000 9.89610623e-003
 2.13628300e+000 7.16327198e+000 7.14968773e+000 1.35842449e-002
 2.16769893e+000 7.24035123e+000 7.22715726e+000 1.31939704e-002
 2.19911486e+000 7.30399084e+000 7.29492939e+000 9.06145422e-003
 2.23053078e+000 7.35472495e+000 7.35223721e+000 2.48774174e-003
 2.26194671e+000 7.39373919e+000 7.39828542e+000 4.54622589e-003
 2.29336264e+000 7.42240825e+000 7.43225005e+000 9.84180902e-003
 2.32477856e+000 7.44175479e+000 7.45327834e+000 1.15235482e-002
 2.35619449e+000 7.45195178e+000 7.46048854e+000 8.53675694e-003
 2.38761042e+000 7.45198715e+000 7.45296991e+000 9.82752326e-004
 2.41902634e+000 7.43958007e+000 7.42978262e+000 9.79744588e-003
 2.45044227e+000 7.41138628e+000 7.38995783e+000 2.14284437e-002
 2.48185820e+000 7.36346692e+000 7.33249776e+000 3.09691608e-002
 2.51327412e+000 7.29193371e+000 7.25637583e+000 3.55578791e-002
 2.54469005e+000 7.19363767e+000 7.16053693e+000 3.31007359e-002
 2.57610598e+000 7.06674886e+000 7.04389766e+000 2.28511956e-002
 2.60752190e+000 6.91108741e+000 6.90534676e+000 5.74065325e-003
 2.63893783e+000 6.72810985e+000 6.74374551e+000 1.56356558e-002
 2.67035376e+000 6.52052294e+000 6.55792832e+000 3.74053876e-002
 2.70176968e+000 6.29157571e+000 6.34670335e+000 5.51276392e-002
 2.73318561e+000 6.04415439e+000 6.10885319e+000 6.46987956e-002
 2.76460154e+000 5.77985750e+000 5.84313575e+000 6.32782406e-002
 2.79601746e+000 5.49824855e+000 5.54828513e+000 5.00365816e-002
 2.82743339e+000 5.19646456e+000 5.22301271e+000 2.65481473e-002
 2.85884931e+000 4.86930223e+000 4.86600825e+000 3.29398836e-003
 2.89026524e+000 4.50981880e+000 4.47594118e+000 3.38776163e-002
 2.92168117e+000 4.11038745e+000 4.05146201e+000 5.89254376e-002
 2.95309709e+000 3.66405556e+000 3.59120382e+000 7.28517433e-002
 2.98451302e+000 3.16598610e+000 3.09378392e+000 7.22021830e-002
 3.01592895e+000 2.61473293e+000 2.55780566e+000 5.69272679e-002
 3.04734487e+000 2.01311593e+000 1.98186037e+000 3.12555578e-002
 3.07876080e+000 1.36852097e+000 1.36452942e+000 3.99155362e-003
 3.11017673e+000 6.92542885e-001 7.04386497e-001 1.18436125e-002
 3.14159265e+000 1.81170673e-015 2.83382392e-015 1.02211719e-015
