 0.00000000e+000 0.00000000e+000 0.00000000e+000 0.00000000e+000
 3.14159265e-002 4.14492397e-002 3.24132214e-002 9.03601836e-003
 6.28318531e-002 7.97725799e-002 6.68623449e-002 1.29102350e-002
 9.42477796e-002 1.14302944e-001 1.03409224e-001 1.08937194e-002
 1.25663706e-001 1.47703816e-001 1.42115451e-001 5.58836442e-003
 1.57079633e-001 1.84657580e-001 1.83042214e-001 1.61536691e-003
 1.88495559e-001 2.29145852e-001 2.26250143e-001 2.89570903e-003
 2.19911486e-001 2.82002538e-001 2.71799158e-001 1.02033804e-002
 2.51327412e-001 3.40293168e-001 3.19748292e-001 2.05448762e-002
 2.82743339e-001 3.98978447e-001 3.70155520e-001 2.88229269e-002
 3.14159265e-001 4.53916887e-001 4.23077568e-001 3.08393192e-002
 3.45575192e-001 5.04409715e-001 4.78569719e-001 2.58399957e-002
 3.76991118e-001 5.53724572e-001 5.36685605e-001 1.70389672e-002
 4.08407045e-001 6.07230644e-001 5.97476992e-001 9.75365125e-003
 4.39822972e-001 6.69223882e-001 6.60993554e-001 8.23032724e-003
 4.71238898e-001 7.40339861e-001 7.27282634e-001 1.30572270e-002
 5.02654825e-001 8.17133271e-001 7.96388999e-001 2.07442727e-002
 5.34070751e-001 8.94120126e-001 8.68354578e-001 2.57655480e-002
 5.65486678e-001 9.67092879e-001 9.43218198e-001 2.38746806e-002
 5.96902604e-001 1.03572690e+000 1.02101530e+000 1.47115971e-002
 6.28318531e-001 1.10389046e+000 1.10177764e+000 2.11281871e-003
 6.59734457e-001 1.17743118e+000 1.18553302e+000 8.10183272e-003
 6.91150384e-001 1.26073241e+000 1.27230491e+000 1.15724969e-002
 7.22566310e-001 1.35409755e+000 1.36211218e+000 8.01462583e-003
 7.53982237e-001 1.45355399e+000 1.45496874e+000 1.41475670e-003
 7.85398163e-001 1.55323323e+000 1.55088320e+000 2.35003565e-003
 8.16814090e-001 1.64893139e+000 1.64985847e+000 9.27075484e-004
 8.48230016e-001 1.74071844e+000 1.75189144e+000 1.11729965e-002
 8.79645943e-001 1.83300430e+000 1.85697256e+000 2.39682619e-002
 9.11061870e-001 1.93197858e+000 1.96508546e+000 3.31068836e-002
 9.42477796e-001 2.04192507e+000 2.07620652e+000 3.42814538e-002
 9.73893723e-001 2.16261668e+000 2.19030447e+000 2.76877925e-002
 1.00530965e+000 2.28938190e+000 2.30733996e+000 1.79580563e-002
 1.03672558e+000 2.41584840e+000 2.42726507e+000 1.14166688e-002
 1.06814150e+000 2.53775306e+000 2.55002291e+000 1.22698483e-002
 1.09955743e+000 2.65553489e+000 2.67554714e+000 2.00122499e-002
 1.13097336e+000 2.77412079e+000 2.80376147e+000 2.96406866e-002
 1.16238928e+000 2.89998036e+000 2.93457919e+000 3.45988248e-002
 1.19380521e+000 3.03717718e+000 3.06790264e+000 3.07254640e-002
 1.22522113e+000 3.18478364e+000 3.20362276e+000 1.88391114e-002
 1.25663706e+000 3.33725001e+000 3.34161850e+000 4.36849638e-003
 1.28805299e+000 3.48756503e+000 3.48175637e+000 5.80866737e-003
 1.31946891e+000 3.63135587e+000 3.62388980e+000 7.46606880e-003
 1.35088484e+000 3.76946775e+000 3.76785871e+000 1.60903878e-003
 1.38230077e+000 3.90742980e+000 3.91348887e+000 6.05906553e-003
 1.41371669e+000 4.05206023e+000 4.06059136e+000 8.53113205e-003
 1.44513262e+000 4.20719909e+000 4.20896203e+000 1.76294024e-003
 1.47654855e+000 4.37113070e+000 4.35838090e+000 1.27498055e-002
 1.50796447e+000 4.53729725e+000 4.50861158e+000 2.86856738e-002
 1.53938040e+000 4.69795456e+000 4.65940072e+000 3.85538362e-002
 1.57079633e+000 4.84863323e+000 4.81047738e+000 3.81558517e-002
 1.60221225e+000 4.99072694e+000 4.96155248e+000 2.91744607e-002
 1.63362818e+000 5.13059126e+000 5.11231819e+000 1.82730735e-002
 1.66504411e+000 5.27560326e+000 5.26244735e+000 1.31559124e-002
 1.69646003e+000 5.42948174e+000 5.41159287e+000 1.78888699e-002
 1.72787596e+000 5.58968030e+000 5.55938719e+000 3.02931175e-002
 1.75929189e+000 5.74849330e+000 5.70544161e+000 4.30516893e-002
 1.79070781e+000 5.89731888e+000 5.84934583e+000 4.79730466e-002
 1.82212374e+000 6.03159726e+000 5.99066728e+000 4.09299747e-002
 1.85353967e+000 6.15345688e+000 6.12895062e+000 2.45062620e-002
 1.88495559e+000 6.27039111e+000 6.26371715e+000 6.67395906e-003
 1.91637152e+000 6.39063215e+000 6.39446431e+000 3.83216192e-003
 1.94778745e+000 6.51790699e+000 6.52066514e+000 2.75815096e-003
 1.97920337e+000 6.64872607e+000 6.64176775e+000 6.95832117e-003
 2.01061930e+000 6.77393693e+000 6.75719486e+000 1.67420726e-002
 2.04203522e+000 6.88376180e+000 6.86634331e+000 1.74184871e-002
 2.07345115e+000 6.97340527e+000 6.96858362e+000 4.82165114e-003
 2.10486708e+000 7.04586250e+000 7.06325955e+000 1.73970537e-002
 2.13628300e+000 7.11011532e+000 7.14968773e+000 3.95724133e-002
 2.16769893e+000 7.17561300e+000 7.22715726e+000 5.15442593e-002
 2.19911486e+000 7.24621164e+000 7.29492939e+000 4.87177462e-002
 2.23053078e+000 7.31720696e+000 7.35223721e+000 3.50302485e-002
 2.26194671e+000 7.37738973e+000 7.39828542e+000 2.08956908e-002
 2.29336264e+000 7.41511474e+000 7.43225005e+000 1.71353098e-002
 2.32477856e+000 7.42491290e+000 7.45327834e+000 2.83654322e-002
 2.35619449e+000 7.41068569e+000 7.46048854e+000 4.98028484e-002
 2.38761042e+000 7.38338369e+000 7.45296991e+000 6.95862130e-002
 2.41902634e+000 7.35427842e+000 7.42978262e+000 7.55042036e-002
 2.45044227e+000 7.32763671e+000 7.38995783e+000 6.23211242e-002
 2.48185820e+000 7.29716482e+000 7.33249776e+000 3.53329360e-002
 2.51327412e+000 7.24856806e+000 7.25637583e+000 7.80777187e-003
 2.54469005e+000 7.16704607e+000 7.16053693e+000 6.50914076e-003
 2.57610598e+000 7.04553074e+000 7.04389766e+000 1.63307929e-003
 2.60752190e+000 6.88878634e+000 6.90534676e+000 1.65604199e-002
 2.63893783e+000 6.71066038e+000 6.74374551e+000 3.30851287e-002
 2.67035376e+000 6.52567337e+000 6.55792832e+000 3.22549488e-002
 2.70176968e+000 6.33956453e+000 6.34670335e+000 7.13881511e-003
 2.73318561e+000 6.14432825e+000 6.10885319e+000 3.54750627e-002
 2.76460154e+000 5.92100010e+000 5.84313575e+000 7.78643507e-002
 2.79601746e+000 5.64912304e+000 5.54828513e+000 1.00837910e-001
 2.82743339e+000 5.31784006e+000 5.22301271e+000 9.48273530e-002
 2.85884931e+000 4.93224650e+000 4.86600825e+000 6.62382573e-002
 2.89026524e+000 4.51091536e+000 4.47594118e+000 3.49741749e-002
 2.92168117e+000 4.07529591e+000 4.05146201e+000 2.38338940e-002
 2.95309709e+000 3.63641054e+000 3.59120382e+000 4.52067213e-002
 2.98451302e+000 3.18626332e+000 3.09378392e+000 9.24794034e-002
 3.01592895e+000 2.69935133e+000 2.55780566e+000 1.41545674e-001
 3.04734487e+000 2.14453007e+000 1.98186037e+000 1.62669702e-001
 3.07876080e+000 1.50188394e+000 1.36452942e+000 1.37354519e-001
 3.11017673e+000 7.76212103e-001 7.04386497e-001 7.18256057e-002
 3.14159265e+000 1.24565960e-015 2.83382392e-015 1.58816432e-015
