 0.00000000e+000 0.00000000e+000 0.00000000e+000 0.00000000e+000
 3.14159265e-002 3.57638513e-002 3.24132214e-002 3.35062989e-003
 6.28318531e-002 7.17675112e-002 6.68623449e-002 4.90516627e-003
 9.42477796e-002 1.08304750e-001 1.03409224e-001 4.89552552e-003
 1.25663706e-001 1.45760350e-001 1.42115451e-001 3.64489879e-003
 1.57079633e-001 1.84617659e-001 1.83042214e-001 1.57544595e-003
 1.88495559e-001 2.25431646e-001 2.26250143e-001 8.18497573e-004
 2.19911486e-001 2.68771490e-001 2.71799158e-001 3.02766763e-003
 2.51327412e-001 3.15145010e-001 3.19748292e-001 4.60328244e-003
 2.82743339e-001 3.64922633e-001 3.70155520e-001 5.23288764e-003
 3.14159265e-001 4.18279892e-001 4.23077568e-001 4.79767622e-003
 3.45575192e-001 4.75174006e-001 4.78569719e-001 3.39571333e-003
 3.76991118e-001 5.35362793e-001 5.36685605e-001 1.32281185e-003
 4.08407045e-001 5.98464588e-001 5.97476992e-001 9.87595955e-004
 4.39822972e-001 6.64048138e-001 6.60993554e-001 3.05458404e-003
 4.71238898e-001 7.31734046e-001 7.27282634e-001 4.45141200e-003
 5.02654825e-001 8.01285917e-001 7.96388999e-001 4.89691823e-003
 5.34070751e-001 8.72670918e-001 8.68354578e-001 4.31634018e-003
 5.65486678e-001 9.46075750e-001 9.43218198e-001 2.85755250e-003
 5.96902604e-001 1.02187368e+000 1.02101530e+000 8.58384229e-004
 6.28318531e-001 1.10054923e+000 1.10177764e+000 1.22840989e-003
 6.59734457e-001 1.18259674e+000 1.18553302e+000 2.93627594e-003
 6.91150384e-001 1.26841525e+000 1.27230491e+000 3.88965571e-003
 7.22566310e-001 1.35822335e+000 1.36211218e+000 3.88882538e-003
 7.53982237e-001 1.45201342e+000 1.45496874e+000 2.95531991e-003
 7.85398163e-001 1.54955603e+000 1.55088320e+000 1.32716582e-003
 8.16814090e-001 1.65045403e+000 1.64985847e+000 5.95562810e-004
 8.48230016e-001 1.75423442e+000 1.75189144e+000 2.34298324e-003
 8.79645943e-001 1.86045728e+000 1.85697256e+000 3.48471776e-003
 9.11061870e-001 1.96881678e+000 1.96508546e+000 3.73132378e-003
 9.42477796e-001 2.07921082e+000 2.07620652e+000 3.00429886e-003
 9.73893723e-001 2.19176244e+000 2.19030447e+000 1.45796964e-003
 1.00530965e+000 2.30678734e+000 2.30733996e+000 5.52615485e-004
 1.03672558e+000 2.42471376e+000 2.42726507e+000 2.55130826e-003
 1.06814150e+000 2.54597250e+000 2.55002291e+000 4.05041310e-003
 1.09955743e+000 2.67088182e+000 2.67554714e+000 4.66532247e-003
 1.13097336e+000 2.79955377e+000 2.80376147e+000 4.20770743e-003
 1.16238928e+000 2.93184405e+000 2.93457919e+000 2.73514172e-003
 1.19380521e+000 3.06735800e+000 3.06790264e+000 5.44641478e-004
 1.22522113e+000 3.20551245e+000 3.20362276e+000 1.88969413e-003
 1.25663706e+000 3.34564032e+000 3.34161850e+000 4.02181179e-003
 1.28805299e+000 3.48711463e+000 3.48175637e+000 5.35826184e-003
 1.31946891e+000 3.62946359e+000 3.62388980e+000 5.57378287e-003
 1.35088484e+000 3.77244960e+000 3.76785871e+000 4.59088670e-003
 1.38230077e+000 3.91609294e+000 3.91348887e+000 2.60406976e-003
 1.41371669e+000 4.06063296e+000 4.06059136e+000 4.16003144e-005
 1.44513262e+000 4.20643413e+000 4.20896203e+000 2.52789590e-003
 1.47654855e+000 4.35385705e+000 4.35838090e+000 4.52384336e-003
 1.50796447e+000 4.50312334e+000 4.50861158e+000 5.48823936e-003
 1.53938040e+000 4.65420554e+000 4.65940072e+000 5.19517688e-003
 1.57079633e+000 4.80676823e+000 4.81047738e+000 3.70914949e-003
 1.60221225e+000 4.96017545e+000 4.96155248e+000 1.37702863e-003
 1.63362818e+000 5.11356464e+000 5.11231819e+000 1.24644796e-003
 1.66504411e+000 5.26597173e+000 5.26244735e+000 3.52437879e-003
 1.69646003e+000 5.41647974e+000 5.41159287e+000 4.88687088e-003
 1.72787596e+000 5.56435672e+000 5.55938719e+000 4.96953790e-003
 1.75929189e+000 5.70915006e+000 5.70544161e+000 3.70844215e-003
 1.79070781e+000 5.85071336e+000 5.84934583e+000 1.36752325e-003
 1.82212374e+000 5.98915665e+000 5.99066728e+000 1.51063583e-003
 1.85353967e+000 6.12472826e+000 6.12895062e+000 4.22235580e-003
 1.88495559e+000 6.25765304e+000 6.26371715e+000 6.06410582e-003
 1.91637152e+000 6.38796272e+000 6.39446431e+000 6.50158992e-003
 1.94778745e+000 6.51535775e+000 6.52066514e+000 5.30739056e-003
 1.97920337e+000 6.63913437e+000 6.64176775e+000 2.63338305e-003
 2.01061930e+000 6.75819718e+000 6.75719486e+000 1.00231873e-003
 2.04203522e+000 6.87115859e+000 6.86634331e+000 4.81528100e-003
 2.07345115e+000 6.97650648e+000 6.96858362e+000 7.92286343e-003
 2.10486708e+000 7.07280466e+000 7.06325955e+000 9.54510350e-003
 2.13628300e+000 7.15888123e+000 7.14968773e+000 9.19349328e-003
 2.16769893e+000 7.23396039e+000 7.22715726e+000 6.80312984e-003
 2.19911486e+000 7.29770369e+000 7.29492939e+000 2.77430688e-003
 2.23053078e+000 7.35014576e+000 7.35223721e+000 2.09144897e-003
 2.26194671e+000 7.39153295e+000 7.39828542e+000 6.75246812e-003
 2.29336264e+000 7.42209618e+000 7.43225005e+000 1.01538748e-002
 2.32477856e+000 7.44180631e+000 7.45327834e+000 1.14720209e-002
 2.35619449e+000 7.45016757e+000 7.46048854e+000 1.03209673e-002
 2.38761042e+000 7.44609928e+000 7.45296991e+000 6.87062240e-003
 2.41902634e+000 7.42793964e+000 7.42978262e+000 1.84297783e-003
 2.45044227e+000 7.39357938e+000 7.38995783e+000 3.62155202e-003
 2.48185820e+000 7.34070429e+000 7.33249776e+000 8.20652479e-003
 2.51327412e+000 7.26709877e+000 7.25637583e+000 1.07229364e-002
 2.54469005e+000 7.17094525e+000 7.16053693e+000 1.04083156e-002
 2.57610598e+000 7.05104914e+000 7.04389766e+000 7.15147995e-003
 2.60752190e+000 6.90693044e+000 6.90534676e+000 1.58368638e-003
 2.63893783e+000 6.73874716e+000 6.74374551e+000 4.99835231e-003
 2.67035376e+000 6.54705073e+000 6.55792832e+000 1.08775973e-002
 2.70176968e+000 6.33241106e+000 6.34670335e+000 1.42922839e-002
 2.73318561e+000 6.09498202e+000 6.10885319e+000 1.38711712e-002
 2.76460154e+000 5.83409946e+000 5.84313575e+000 9.03628861e-003
 2.79601746e+000 5.54800832e+000 5.54828513e+000 2.76809554e-004
 2.82743339e+000 5.23379997e+000 5.22301271e+000 1.07872581e-002
 2.85884931e+000 4.88760840e+000 4.86600825e+000 2.16001496e-002
 2.89026524e+000 4.50506878e+000 4.47594118e+000 2.91275936e-002
 2.92168117e+000 4.08199199e+000 4.05146201e+000 3.05299743e-002
 2.95309709e+000 3.61516408e+000 3.59120382e+000 2.39602652e-002
 2.98451302e+000 3.10314821e+000 3.09378392e+000 9.36429305e-003
 3.01592895e+000 2.54695544e+000 2.55780566e+000 1.08502164e-002
 3.04734487e+000 1.95046315e+000 1.98186037e+000 3.13972186e-002
 3.07876080e+000 1.32049365e+000 1.36452942e+000 4.40357714e-002
 3.11017673e+000 6.66516904e-001 7.04386497e-001 3.78695935e-002
 3.14159265e+000 3.17334774e-015 2.83382392e-015 3.39523820e-016
