 0.00000000e+000 0.00000000e+000 0.00000000e+000 0.00000000e+000
 3.14159265e-002 3.11234051e-002 3.24132214e-002 1.28981623e-003
 6.28318531e-002 6.31645782e-002 6.68623449e-002 3.69776673e-003
 9.42477796e-002 9.69789986e-002 1.03409224e-001 6.43022566e-003
 1.25663706e-001 1.33303552e-001 1.42115451e-001 8.81189915e-003
 1.57079633e-001 1.72711587e-001 1.83042214e-001 1.03306262e-002
 1.88495559e-001 2.15583567e-001 2.26250143e-001 1.06665758e-002
 2.19911486e-001 2.62095981e-001 2.71799158e-001 9.70317689e-003
 2.51327412e-001 3.12229338e-001 3.19748292e-001 7.51895433e-003
 2.82743339e-001 3.65794163e-001 3.70155520e-001 4.36135714e-003
 3.14159265e-001 4.22472108e-001 4.23077568e-001 6.05459911e-004
 3.45575192e-001 4.81867804e-001 4.78569719e-001 3.29808507e-003
 3.76991118e-001 5.43566031e-001 5.36685605e-001 6.88042594e-003
 4.08407045e-001 6.07188308e-001 5.97476992e-001 9.71131568e-003
 4.39822972e-001 6.72443116e-001 6.60993554e-001 1.14495614e-002
 4.71238898e-001 7.39164686e-001 7.27282634e-001 1.18820511e-002
 5.02654825e-001 8.07336523e-001 7.96388999e-001 1.09475240e-002
 5.34070751e-001 8.77097448e-001 8.68354578e-001 8.74286959e-003
 5.65486678e-001 9.48729786e-001 9.43218198e-001 5.51158797e-003
 5.96902604e-001 1.02263121e+000 1.02101530e+000 1.61591123e-003
 6.28318531e-001 1.09927344e+000 1.10177764e+000 2.50420087e-003
 6.59734457e-001 1.17915240e+000 1.18553302e+000 6.38061381e-003
 6.91150384e-001 1.26273525e+000 1.27230491e+000 9.56965897e-003
 7.22566310e-001 1.35041008e+000 1.36211218e+000 1.17020952e-002
 7.53982237e-001 1.44244382e+000 1.45496874e+000 1.25249269e-002
 7.85398163e-001 1.53895270e+000 1.55088320e+000 1.19304950e-002
 8.16814090e-001 1.63988884e+000 1.64985847e+000 9.96962519e-003
 8.48230016e-001 1.74504411e+000 1.75189144e+000 6.84732830e-003
 8.79645943e-001 1.85407113e+000 1.85697256e+000 2.90142903e-003
 9.11061870e-001 1.96651912e+000 1.96508546e+000 1.43365873e-003
 9.42477796e-001 2.08188069e+000 2.07620652e+000 5.67416936e-003
 9.73893723e-001 2.19964465e+000 2.19030447e+000 9.34017656e-003
 1.00530965e+000 2.31934895e+000 2.30733996e+000 1.20089903e-002
 1.03672558e+000 2.44062800e+000 2.42726507e+000 1.33629317e-002
 1.06814150e+000 2.56324912e+000 2.55002291e+000 1.32262029e-002
 1.09955743e+000 2.68713383e+000 2.67554714e+000 1.15866816e-002
 1.13097336e+000 2.81236152e+000 2.80376147e+000 8.60004690e-003
 1.16238928e+000 2.93915470e+000 2.93457919e+000 4.57551414e-003
 1.19380521e+000 3.06784707e+000 3.06790264e+000 5.55650332e-005
 1.22522113e+000 3.19883764e+000 3.20362276e+000 4.78511256e-003
 1.25663706e+000 3.33253545e+000 3.34161850e+000 9.08305033e-003
 1.28805299e+000 3.46930081e+000 3.48175637e+000 1.24555601e-002
 1.31946891e+000 3.60938920e+000 3.62388980e+000 1.45006034e-002
 1.35088484e+000 3.75290412e+000 3.76785871e+000 1.49545977e-002
 1.38230077e+000 3.89976390e+000 3.91348887e+000 1.37249738e-002
 1.41371669e+000 4.04968662e+000 4.06059136e+000 1.09047454e-002
 1.44513262e+000 4.20219495e+000 4.20896203e+000 6.76707532e-003
 1.47654855e+000 4.35664097e+000 4.35838090e+000 1.73992797e-003
 1.50796447e+000 4.51224853e+000 4.50861158e+000 3.63695219e-003
 1.53938040e+000 4.66816926e+000 4.65940072e+000 8.76853740e-003
 1.57079633e+000 4.82354611e+000 4.81047738e+000 1.30687277e-002
 1.60221225e+000 4.97757801e+000 4.96155248e+000 1.60255256e-002
 1.63362818e+000 5.12957832e+000 5.11231819e+000 1.72601274e-002
 1.66504411e+000 5.27902067e+000 5.26244735e+000 1.65733271e-002
 1.69646003e+000 5.42556666e+000 5.41159287e+000 1.39737891e-002
 1.72787596e+000 5.56907170e+000 5.55938719e+000 9.68451845e-003
 1.75929189e+000 5.70956769e+000 5.70544161e+000 4.12607145e-003
 1.79070781e+000 5.84722333e+000 5.84934583e+000 2.12250356e-003
 1.82212374e+000 5.98228569e+000 5.99066728e+000 8.38159013e-003
 1.85353967e+000 6.11500837e+000 6.12895062e+000 1.39422431e-002
 1.88495559e+000 6.24557358e+000 6.26371715e+000 1.81435630e-002
 1.91637152e+000 6.37401622e+000 6.39446431e+000 2.04480899e-002
 1.94778745e+000 6.50015815e+000 6.52066514e+000 2.05069867e-002
 1.97920337e+000 6.62356022e+000 6.64176775e+000 1.82075273e-002
 2.01061930e+000 6.74349790e+000 6.75719486e+000 1.36969642e-002
 2.04203522e+000 6.85896421e+000 6.86634331e+000 7.37909998e-003
 2.07345115e+000 6.96870101e+000 6.96858362e+000 1.17390683e-004
 2.10486708e+000 7.07125645e+000 7.06325955e+000 7.99689237e-003
 2.13628300e+000 7.16506390e+000 7.14968773e+000 1.53761675e-002
 2.16769893e+000 7.24853495e+000 7.22715726e+000 2.13776925e-002
 2.19911486e+000 7.32015717e+000 7.29492939e+000 2.52277814e-002
 2.23053078e+000 7.37858648e+000 7.35223721e+000 2.63492647e-002
 2.26194671e+000 7.42272391e+000 7.39828542e+000 2.44384857e-002
 2.29336264e+000 7.45176748e+000 7.43225005e+000 1.95174224e-002
 2.32477856e+000 7.46523211e+000 7.45327834e+000 1.19537753e-002
 2.35619449e+000 7.46293327e+000 7.46048854e+000 2.44473445e-003
 2.38761042e+000 7.44493352e+000 7.45296991e+000 8.03638989e-003
 2.41902634e+000 7.41145489e+000 7.42978262e+000 1.83277336e-002
 2.45044227e+000 7.36276382e+000 7.38995783e+000 2.71940108e-002
 2.48185820e+000 7.29903845e+000 7.33249776e+000 3.34593098e-002
 2.51327412e+000 7.22023070e+000 7.25637583e+000 3.61451371e-002
 2.54469005e+000 7.12593712e+000 7.16053693e+000 3.45998130e-002
 2.57610598e+000 7.01529260e+000 7.04389766e+000 2.86050606e-002
 2.60752190e+000 6.88690008e+000 6.90534676e+000 1.84466753e-002
 2.63893783e+000 6.73880703e+000 6.74374551e+000 4.93848085e-003
 2.67035376e+000 6.56853611e+000 6.55792832e+000 1.06077872e-002
 2.70176968e+000 6.37317308e+000 6.34670335e+000 2.64697305e-002
 2.73318561e+000 6.14951011e+000 6.10885319e+000 4.06569198e-002
 2.76460154e+000 5.89423798e+000 5.84313575e+000 5.11022384e-002
 2.79601746e+000 5.60417580e+000 5.54828513e+000 5.58906725e-002
 2.82743339e+000 5.27652312e+000 5.22301271e+000 5.35104119e-002
 2.85884931e+000 4.90911661e+000 4.86600825e+000 4.31083628e-002
 2.89026524e+000 4.50067195e+000 4.47594118e+000 2.47307717e-002
 2.92168117e+000 4.05099181e+000 4.05146201e+000 4.70199485e-004
 2.95309709e+000 3.56112242e+000 3.59120382e+000 3.00813993e-002
 2.98451302e+000 3.03344453e+000 3.09378392e+000 6.03393865e-002
 3.01592895e+000 2.47168891e+000 2.55780566e+000 8.61167509e-002
 3.04734487e+000 1.88087179e+000 1.98186037e+000 1.00988576e-001
 3.07876080e+000 1.26715167e+000 1.36452942e+000 9.73777446e-002
 3.11017673e+000 6.37614533e-001 7.04386497e-001 6.67719644e-002
 3.14159265e+000 2.99643446e-015 2.83382392e-015 1.62610540e-016
