 0.00000000e+000 0.00000000e+000 0.00000000e+000 0.00000000e+000
 3.14159265e-002 7.98789777e-002 3.24132214e-002 4.74657564e-002
 6.28318531e-002 1.59043679e-001 6.68623449e-002 9.21813339e-002
 9.42477796e-002 2.36803140e-001 1.03409224e-001 1.33393916e-001
 1.25663706e-001 3.12512392e-001 1.42115451e-001 1.70396941e-001
 1.57079633e-001 3.85593891e-001 1.83042214e-001 2.02551677e-001
 1.88495559e-001 4.55557119e-001 2.26250143e-001 2.29306976e-001
 2.19911486e-001 5.22015815e-001 2.71799158e-001 2.50216657e-001
 2.51327412e-001 5.84702369e-001 3.19748292e-001 2.64954077e-001
 2.82743339e-001 6.43478979e-001 3.70155520e-001 2.73323458e-001
 3.14159265e-001 6.98345251e-001 4.23077568e-001 2.75267683e-001
 3.45575192e-001 7.49442047e-001 4.78569719e-001 2.70872328e-001
 3.76991118e-001 7.97051426e-001 5.36685605e-001 2.60365821e-001
 4.08407045e-001 8.41592700e-001 5.97476992e-001 2.44115708e-001
 4.39822972e-001 8.83614665e-001 6.60993554e-001 2.22621111e-001
 4.71238898e-001 9.23784212e-001 7.27282634e-001 1.96501578e-001
 5.02654825e-001 9.62871598e-001 7.96388999e-001 1.66482599e-001
 5.34070751e-001 1.00173275e+000 8.68354578e-001 1.33378171e-001
 5.65486678e-001 1.04128907e+000 9.43218198e-001 9.80708690e-002
 5.96902604e-001 1.08250524e+000 1.02101530e+000 6.14899433e-002
 6.28318531e-001 1.12636566e+000 1.10177764e+000 2.45880205e-002
 6.59734457e-001 1.17385005e+000 1.18553302e+000 1.16829688e-002
 6.91150384e-001 1.22590891e+000 1.27230491e+000 4.63959985e-002
 7.22566310e-001 1.28343954e+000 1.36211218e+000 7.86726429e-002
 7.53982237e-001 1.34726312e+000 1.45496874e+000 1.07705623e-001
 7.85398163e-001 1.41810361e+000 1.55088320e+000 1.32779592e-001
 8.16814090e-001 1.49656887e+000 1.64985847e+000 1.53289597e-001
 8.48230016e-001 1.58313473e+000 1.75189144e+000 1.68756708e-001
 8.79645943e-001 1.67813219e+000 1.85697256e+000 1.78840374e-001
 9.11061870e-001 1.78173829e+000 1.96508546e+000 1.83347167e-001
 9.42477796e-001 1.89397087e+000 2.07620652e+000 1.82235652e-001
 9.73893723e-001 2.01468726e+000 2.19030447e+000 1.75617217e-001
 1.00530965e+000 2.14358712e+000 2.30733996e+000 1.63752839e-001
 1.03672558e+000 2.28021924e+000 2.42726507e+000 1.47045823e-001
 1.06814150e+000 2.42399222e+000 2.55002291e+000 1.26030690e-001
 1.09955743e+000 2.57418866e+000 2.67554714e+000 1.01358486e-001
 1.13097336e+000 2.72998259e+000 2.80376147e+000 7.37788850e-002
 1.16238928e+000 2.89045966e+000 2.93457919e+000 4.41195276e-002
 1.19380521e+000 3.05463949e+000 3.06790264e+000 1.32631484e-002
 1.22522113e+000 3.22149968e+000 3.20362276e+000 1.78769202e-002
 1.25663706e+000 3.39000072e+000 3.34161850e+000 4.83822161e-002
 1.28805299e+000 3.55911127e+000 3.48175637e+000 7.73549081e-002
 1.31946891e+000 3.72783296e+000 3.62388980e+000 1.03943155e-001
 1.35088484e+000 3.89522408e+000 3.76785871e+000 1.27365367e-001
 1.38230077e+000 4.06042158e+000 3.91348887e+000 1.46932713e-001
 1.41371669e+000 4.22266058e+000 4.06059136e+000 1.62069215e-001
 1.44513262e+000 4.38129093e+000 4.20896203e+000 1.72328895e-001
 1.47654855e+000 4.53579033e+000 4.35838090e+000 1.77409432e-001
 1.50796447e+000 4.68577352e+000 4.50861158e+000 1.77161936e-001
 1.53938040e+000 4.83099724e+000 4.65940072e+000 1.71596523e-001
 1.57079633e+000 4.97136084e+000 4.81047738e+000 1.60883459e-001
 1.60221225e+000 5.10690228e+000 4.96155248e+000 1.45349795e-001
 1.63362818e+000 5.23778971e+000 5.11231819e+000 1.25471518e-001
 1.66504411e+000 5.36430869e+000 5.26244735e+000 1.01861341e-001
 1.69646003e+000 5.48684529e+000 5.41159287e+000 7.52524155e-002
 1.72787596e+000 5.60586551e+000 5.55938719e+000 4.64783215e-002
 1.75929189e+000 5.72189145e+000 5.70544161e+000 1.64498319e-002
 1.79070781e+000 5.83547484e+000 5.84934583e+000 1.38709874e-002
 1.82212374e+000 5.94716860e+000 5.99066728e+000 4.34986782e-002
 1.85353967e+000 6.05749705e+000 6.12895062e+000 7.14535690e-002
 1.88495559e+000 6.16692569e+000 6.26371715e+000 9.67914605e-002
 1.91637152e+000 6.27583130e+000 6.39446431e+000 1.18633013e-001
 1.94778745e+000 6.38447312e+000 6.52066514e+000 1.36192018e-001
 1.97920337e+000 6.49296599e+000 6.64176775e+000 1.48801755e-001
 2.01061930e+000 6.60125622e+000 6.75719486e+000 1.55938645e-001
 2.04203522e+000 6.70910083e+000 6.86634331e+000 1.57242480e-001
 2.07345115e+000 6.81605105e+000 6.96858362e+000 1.52532573e-001
 2.10486708e+000 6.92144032e+000 7.06325955e+000 1.41819230e-001
 2.13628300e+000 7.02437763e+000 7.14968773e+000 1.25310106e-001
 2.16769893e+000 7.12374621e+000 7.22715726e+000 1.03411048e-001
 2.19911486e+000 7.21820817e+000 7.29492939e+000 7.67212130e-002
 2.23053078e+000 7.30621486e+000 7.35223721e+000 4.60223558e-002
 2.26194671e+000 7.38602311e+000 7.39828542e+000 1.22623122e-002
 2.29336264e+000 7.45571719e+000 7.43225005e+000 2.34671349e-002
 2.32477856e+000 7.51323603e+000 7.45327834e+000 5.99576989e-002
 2.35619449e+000 7.55640543e+000 7.46048854e+000 9.59168949e-002
 2.38761042e+000 7.58297454e+000 7.45296991e+000 1.30004635e-001
 2.41902634e+000 7.59065605e+000 7.42978262e+000 1.60873429e-001
 2.45044227e+000 7.57716924e+000 7.38995783e+000 1.87211410e-001
 2.48185820e+000 7.54028506e+000 7.33249776e+000 2.07787303e-001
 2.51327412e+000 7.47787227e+000 7.25637583e+000 2.21496435e-001
 2.54469005e+000 7.38794370e+000 7.16053693e+000 2.27406767e-001
 2.57610598e+000 7.26870166e+000 7.04389766e+000 2.24803998e-001
 2.60752190e+000 7.11858146e+000 6.90534676e+000 2.13234705e-001
 2.63893783e+000 6.93629207e+000 6.74374551e+000 1.92546563e-001
 2.67035376e+000 6.72085303e+000 6.55792832e+000 1.62924709e-001
 2.70176968e+000 6.47162673e+000 6.34670335e+000 1.24923386e-001
 2.73318561e+000 6.18834528e+000 6.10885319e+000 7.94920939e-002
 2.76460154e+000 5.87113130e+000 5.84313575e+000 2.79955568e-002
 2.79601746e+000 5.52051211e+000 5.54828513e+000 2.77730199e-002
 2.82743339e+000 5.13742686e+000 5.22301271e+000 8.55858446e-002
 2.85884931e+000 4.72322640e+000 4.86600825e+000 1.42781849e-001
 2.89026524e+000 4.27966564e+000 4.47594118e+000 1.96275539e-001
 2.92168117e+000 3.80888866e+000 4.05146201e+000 2.42573351e-001
 2.95309709e+000 3.31340649e+000 3.59120382e+000 2.77797333e-001
 2.98451302e+000 2.79606812e+000 3.09378392e+000 2.97715794e-001
 3.01592895e+000 2.26002521e+000 2.55780566e+000 2.97780454e-001
 3.04734487e+000 1.70869091e+000 1.98186037e+000 2.73169456e-001
 3.07876080e+000 1.14569392e+000 1.36452942e+000 2.18835496e-001
 3.11017673e+000 5.74828267e-001 7.04386497e-001 1.29558230e-001
 3.14159265e+000 1.64111854e-015 2.83382392e-015 1.19270538e-015
