 0.00000000e+000 0.00000000e+000 0.00000000e+000 0.00000000e+000
 3.14159265e-002 3.10849058e-002 3.24132214e-002 1.32831553e-003
 6.28318531e-002 6.30912683e-002 6.68623449e-002 3.77107665e-003
 9.42477796e-002 9.68778857e-002 1.03409224e-001 6.53133855e-003
 1.25663706e-001 1.33184261e-001 1.42115451e-001 8.93119035e-003
 1.57079633e-001 1.72585397e-001 1.83042214e-001 1.04568169e-002
 1.88495559e-001 2.15462284e-001 2.26250143e-001 1.07878591e-002
 2.19911486e-001 2.61990765e-001 2.71799158e-001 9.80839270e-003
 2.51327412e-001 3.12149598e-001 3.19748292e-001 7.59869457e-003
 2.82743339e-001 3.65746632e-001 3.70155520e-001 4.40888833e-003
 3.14159265e-001 4.22460197e-001 4.23077568e-001 6.17370862e-004
 3.45575192e-001 4.81891295e-001 4.78569719e-001 3.32157602e-003
 3.76991118e-001 5.43621139e-001 5.36685605e-001 6.93553422e-003
 4.08407045e-001 6.07268109e-001 5.97476992e-001 9.79111687e-003
 4.39822972e-001 6.72538290e-001 6.60993554e-001 1.15447357e-002
 4.71238898e-001 7.39264504e-001 7.27282634e-001 1.19818691e-002
 5.02654825e-001 8.07429970e-001 7.96388999e-001 1.10409710e-002
 5.34070751e-001 8.77174372e-001 8.68354578e-001 8.81979351e-003
 5.65486678e-001 9.48781949e-001 9.43218198e-001 5.56375098e-003
 5.96902604e-001 1.02265314e+000 1.02101530e+000 1.63783778e-003
 6.28318531e-001 1.09926298e+000 1.10177764e+000 2.51466794e-003
 6.59734457e-001 1.17911091e+000 1.18553302e+000 6.42210633e-003
 6.91150384e-001 1.26266746e+000 1.27230491e+000 9.63744707e-003
 7.22566310e-001 1.35032358e+000 1.36211218e+000 1.17886044e-002
 7.53982237e-001 1.44234819e+000 1.45496874e+000 1.26205552e-002
 7.85398163e-001 1.53885855e+000 1.55088320e+000 1.20246445e-002
 8.16814090e-001 1.63980663e+000 1.64985847e+000 1.00518404e-002
 8.48230016e-001 1.74498301e+000 1.75189144e+000 6.90842297e-003
 8.79645943e-001 1.85403808e+000 1.85697256e+000 2.93448114e-003
 9.11061870e-001 1.96651801e+000 1.96508546e+000 1.43254800e-003
 9.42477796e-001 2.08191196e+000 2.07620652e+000 5.70543474e-003
 9.73893723e-001 2.19970519e+000 2.19030447e+000 9.40071458e-003
 1.00530965e+000 2.31943242e+000 2.30733996e+000 1.20924625e-002
 1.03672558e+000 2.44072548e+000 2.42726507e+000 1.34604167e-002
 1.06814150e+000 2.56335004e+000 2.55002291e+000 1.33271314e-002
 1.09955743e+000 2.68722710e+000 2.67554714e+000 1.16799584e-002
 1.13097336e+000 2.81243672e+000 2.80376147e+000 8.67524332e-003
 1.16238928e+000 2.93920319e+000 2.93457919e+000 4.62400566e-003
 1.19380521e+000 3.06786300e+000 3.06790264e+000 3.96379078e-005
 1.22522113e+000 3.19881859e+000 3.20362276e+000 4.80416395e-003
 1.25663706e+000 3.33248278e+000 3.34161850e+000 9.13572581e-003
 1.28805299e+000 3.46921955e+000 3.48175637e+000 1.25368108e-002
 1.31946891e+000 3.60928765e+000 3.62388980e+000 1.46021563e-002
 1.35088484e+000 3.75279293e+000 3.76785871e+000 1.50657798e-002
 1.38230077e+000 3.89965506e+000 3.91348887e+000 1.38338093e-002
 1.41371669e+000 4.04959214e+000 4.06059136e+000 1.09992161e-002
 1.44513262e+000 4.20212562e+000 4.20896203e+000 6.83641362e-003
 1.47654855e+000 4.35660509e+000 4.35838090e+000 1.77580720e-003
 1.50796447e+000 4.51225104e+000 4.50861158e+000 3.63945797e-003
 1.53938040e+000 4.66821105e+000 4.65940072e+000 8.81033121e-003
 1.57079633e+000 4.82362386e+000 4.81047738e+000 1.31464784e-002
 1.60221225e+000 4.97768438e+000 4.96155248e+000 1.61319009e-002
 1.63362818e+000 5.12970265e+000 5.11231819e+000 1.73844575e-002
 1.66504411e+000 5.27914999e+000 5.26244735e+000 1.67026422e-002
 1.69646003e+000 5.42568701e+000 5.41159287e+000 1.40941318e-002
 1.72787596e+000 5.56916959e+000 5.55938719e+000 9.78240173e-003
 1.75929189e+000 5.70963155e+000 5.70544161e+000 4.18993501e-003
 1.79070781e+000 5.84724484e+000 5.84934583e+000 2.10099150e-003
 1.82212374e+000 5.98226076e+000 5.99066728e+000 8.40652559e-003
 1.85353967e+000 6.11493773e+000 6.12895062e+000 1.40128882e-002
 1.88495559e+000 6.24546291e+000 6.26371715e+000 1.82542328e-002
 1.91637152e+000 6.37387576e+000 6.39446431e+000 2.05885531e-002
 1.94778745e+000 6.50000178e+000 6.52066514e+000 2.06633568e-002
 1.97920337e+000 6.62340418e+000 6.64176775e+000 1.83635707e-002
 2.01061930e+000 6.74335915e+000 6.75719486e+000 1.38357070e-002
 2.04203522e+000 6.85885873e+000 6.86634331e+000 7.48457983e-003
 2.07345115e+000 6.96864202e+000 6.96858362e+000 5.84005059e-005
 2.10486708e+000 7.07125292e+000 7.06325955e+000 7.99336322e-003
 2.13628300e+000 7.16511939e+000 7.14968773e+000 1.54316625e-002
 2.16769893e+000 7.24864697e+000 7.22715726e+000 2.14897126e-002
 2.19911486e+000 7.32031708e+000 7.29492939e+000 2.53876981e-002
 2.23053078e+000 7.37878008e+000 7.35223721e+000 2.65428710e-002
 2.26194671e+000 7.42293256e+000 7.39828542e+000 2.46471402e-002
 2.29336264e+000 7.45196975e+000 7.43225005e+000 1.97196989e-002
 2.32477856e+000 7.46540582e+000 7.45327834e+000 1.21274798e-002
 2.35619449e+000 7.46305765e+000 7.46048854e+000 2.56910994e-003
 2.38761042e+000 7.44499143e+000 7.45296991e+000 7.97847592e-003
 2.41902634e+000 7.41143479e+000 7.42978262e+000 1.83478302e-002
 2.45044227e+000 7.36266128e+000 7.38995783e+000 2.72965507e-002
 2.48185820e+000 7.29885709e+000 7.33249776e+000 3.36406677e-002
 2.51327412e+000 7.21998244e+000 7.25637583e+000 3.63933951e-002
 2.54469005e+000 7.12564164e+000 7.16053693e+000 3.48952866e-002
 2.57610598e+000 7.01497609e+000 7.04389766e+000 2.89215715e-002
 2.60752190e+000 6.88659327e+000 6.90534676e+000 1.87534868e-002
 2.63893783e+000 6.73854276e+000 6.74374551e+000 5.20274799e-003
 2.67035376e+000 6.56834657e+000 6.55792832e+000 1.04182509e-002
 2.70176968e+000 6.37308695e+000 6.34670335e+000 2.63836054e-002
 2.73318561e+000 6.14954989e+000 6.10885319e+000 4.06966990e-002
 2.76460154e+000 5.89441770e+000 5.84313575e+000 5.12819567e-002
 2.79601746e+000 5.60449939e+000 5.54828513e+000 5.62142551e-002
 2.82743339e+000 5.27698352e+000 5.22301271e+000 5.39708085e-002
 2.85884931e+000 4.90969581e+000 4.86600825e+000 4.36875636e-002
 2.89026524e+000 4.50134191e+000 4.47594118e+000 2.54007303e-002
 2.92168117e+000 4.05171622e+000 4.05146201e+000 2.54208836e-004
 2.95309709e+000 3.56185920e+000 3.59120382e+000 2.93446128e-002
 2.98451302e+000 3.03414889e+000 3.09378392e+000 5.96350288e-002
 3.01592895e+000 2.47231661e+000 2.55780566e+000 8.54890484e-002
 3.04734487e+000 1.88138253e+000 1.98186037e+000 1.00477840e-001
 3.07876080e+000 1.26751212e+000 1.36452942e+000 9.70172943e-002
 3.11017673e+000 6.37800938e-001 7.04386497e-001 6.65855592e-002
 3.14159265e+000 2.99790273e-015 2.83382392e-015 1.64078803e-016
