 0.00000000e+000 0.00000000e+000 0.00000000e+000 0.00000000e+000
 3.14159265e-002 2.34473707e-002 3.24132214e-002 8.96585070e-003
 6.28318531e-002 4.85033284e-002 6.68623449e-002 1.83590165e-002
 9.42477796e-002 7.66504723e-002 1.03409224e-001 2.67587520e-002
 1.25663706e-001 1.09131383e-001 1.42115451e-001 3.29840685e-002
 1.57079633e-001 1.46857335e-001 1.83042214e-001 3.61848785e-002
 1.88495559e-001 1.90348317e-001 2.26250143e-001 3.59018263e-002
 2.19911486e-001 2.39709857e-001 2.71799158e-001 3.20893011e-002
 2.51327412e-001 2.94648569e-001 3.19748292e-001 2.50997231e-002
 2.82743339e-001 3.54524563e-001 3.70155520e-001 1.56309574e-002
 3.14159265e-001 4.18435280e-001 4.23077568e-001 4.64228857e-003
 3.45575192e-001 4.85322307e-001 4.78569719e-001 6.75258751e-003
 3.76991118e-001 5.54090521e-001 5.36685605e-001 1.74049159e-002
 4.08407045e-001 6.23727806e-001 5.97476992e-001 2.62508134e-002
 4.39822972e-001 6.93413610e-001 6.60993554e-001 3.24200556e-002
 4.71238898e-001 7.62605830e-001 7.27282634e-001 3.53231952e-002
 5.02654825e-001 8.31097716e-001 7.96388999e-001 3.47087169e-002
 5.34070751e-001 8.99039557e-001 8.68354578e-001 3.06849788e-002
 5.65486678e-001 9.66923427e-001 9.43218198e-001 2.37052295e-002
 5.96902604e-001 1.03553298e+000 1.02101530e+000 1.45176861e-002
 6.28318531e-001 1.10586377e+000 1.10177764e+000 4.08612429e-003
 6.59734457e-001 1.17902236e+000 1.18553302e+000 6.51065672e-003
 6.91150384e-001 1.25611482e+000 1.27230491e+000 1.61900891e-002
 7.22566310e-001 1.33813577e+000 1.36211218e+000 2.39764067e-002
 7.53982237e-001 1.42586946e+000 1.45496874e+000 2.90992874e-002
 7.85398163e-001 1.51981258e+000 1.55088320e+000 3.10706158e-002
 8.16814090e-001 1.62012677e+000 1.64985847e+000 2.97317006e-002
 8.48230016e-001 1.72662510e+000 1.75189144e+000 2.52663375e-002
 8.79645943e-001 1.83879395e+000 1.85697256e+000 1.81786105e-002
 9.11061870e-001 1.95584753e+000 1.96508546e+000 9.23793202e-003
 9.42477796e-001 2.07680937e+000 2.07620652e+000 6.02844812e-004
 9.73893723e-001 2.20061215e+000 2.19030447e+000 1.03076753e-002
 1.00530965e+000 2.32620548e+000 2.30733996e+000 1.88655206e-002
 1.03672558e+000 2.45266036e+000 2.42726507e+000 2.53952995e-002
 1.06814150e+000 2.57925968e+000 2.55002291e+000 2.92367667e-002
 1.09955743e+000 2.70556511e+000 2.67554714e+000 3.00179674e-002
 1.13097336e+000 2.83145383e+000 2.80376147e+000 2.76923503e-002
 1.16238928e+000 2.95712095e+000 2.93457919e+000 2.25417661e-002
 1.19380521e+000 3.08304775e+000 3.06790264e+000 1.51451111e-002
 1.22522113e+000 3.20993869e+000 3.20362276e+000 6.31593189e-003
 1.25663706e+000 3.33863404e+000 3.34161850e+000 2.98446706e-003
 1.28805299e+000 3.47000704e+000 3.48175637e+000 1.17493257e-002
 1.31946891e+000 3.60485637e+000 3.62388980e+000 1.90334314e-002
 1.35088484e+000 3.74380511e+000 3.76785871e+000 2.40536041e-002
 1.38230077e+000 3.88721678e+000 3.91348887e+000 2.62720913e-002
 1.41371669e+000 4.03513731e+000 4.06059136e+000 2.54540501e-002
 1.44513262e+000 4.18726906e+000 4.20896203e+000 2.16929676e-002
 1.47654855e+000 4.34297970e+000 4.35838090e+000 1.54011993e-002
 1.50796447e+000 4.50134513e+000 4.50861158e+000 7.26645003e-003
 1.53938040e+000 4.66122211e+000 4.65940072e+000 1.82139351e-003
 1.57079633e+000 4.82134290e+000 4.81047738e+000 1.08655180e-002
 1.60221225e+000 4.98042205e+000 4.96155248e+000 1.88695724e-002
 1.63362818e+000 5.13726405e+000 5.11231819e+000 2.49458649e-002
 1.66504411e+000 5.29086019e+000 5.26244735e+000 2.84128383e-002
 1.69646003e+000 5.44046417e+000 5.41159287e+000 2.88712977e-002
 1.72787596e+000 5.58563817e+000 5.55938719e+000 2.62509813e-002
 1.75929189e+000 5.72626371e+000 5.70544161e+000 2.08220952e-002
 1.79070781e+000 5.86251590e+000 5.84934583e+000 1.31700702e-002
 1.82212374e+000 5.99480296e+000 5.99066728e+000 4.13567468e-003
 1.85353967e+000 6.12367695e+000 6.12895062e+000 5.27366352e-003
 1.88495559e+000 6.24972484e+000 6.26371715e+000 1.39923059e-002
 1.91637152e+000 6.37345099e+000 6.39446431e+000 2.10133220e-002
 1.94778745e+000 6.49516370e+000 6.52066514e+000 2.55014380e-002
 1.97920337e+000 6.61487803e+000 6.64176775e+000 2.68897217e-002
 2.01061930e+000 6.73224571e+000 6.75719486e+000 2.49491502e-002
 2.04203522e+000 6.84652049e+000 6.86634331e+000 1.98228237e-002
 2.07345115e+000 6.95656348e+000 6.96858362e+000 1.20201380e-002
 2.10486708e+000 7.06088919e+000 7.06325955e+000 2.37036358e-003
 2.13628300e+000 7.15774834e+000 7.14968773e+000 8.06060646e-003
 2.16769893e+000 7.24523979e+000 7.22715726e+000 1.80825301e-002
 2.19911486e+000 7.32144033e+000 7.29492939e+000 2.65109443e-002
 2.23053078e+000 7.38453889e+000 7.35223721e+000 3.23016746e-002
 2.26194671e+000 7.43296070e+000 7.39828542e+000 3.46752760e-002
 2.29336264e+000 7.46546750e+000 7.43225005e+000 3.32174417e-002
 2.32477856e+000 7.48122171e+000 7.45327834e+000 2.79433752e-002
 2.35619449e+000 7.47980594e+000 7.46048854e+000 1.93173961e-002
 2.38761042e+000 7.46119327e+000 7.45296991e+000 8.22336780e-003
 2.41902634e+000 7.42566911e+000 7.42978262e+000 4.11350631e-003
 2.45044227e+000 7.37371000e+000 7.38995783e+000 1.62478360e-002
 2.48185820e+000 7.30583010e+000 7.33249776e+000 2.66676617e-002
 2.51327412e+000 7.22240978e+000 7.25637583e+000 3.39660592e-002
 2.54469005e+000 7.12352343e+000 7.16053693e+000 3.70134993e-002
 2.57610598e+000 7.00878513e+000 7.04389766e+000 3.51125318e-002
 2.60752190e+000 6.87722987e+000 6.90534676e+000 2.81168875e-002
 2.63893783e+000 6.72724614e+000 6.74374551e+000 1.64993720e-002
 2.67035376e+000 6.55657153e+000 6.55792832e+000 1.35679734e-003
 2.70176968e+000 6.36235797e+000 6.34670335e+000 1.56546265e-002
 2.73318561e+000 6.14130718e+000 6.10885319e+000 3.24539868e-002
 2.76460154e+000 5.88987036e+000 5.84313575e+000 4.67346191e-002
 2.79601746e+000 5.60450048e+000 5.54828513e+000 5.62153503e-002
 2.82743339e+000 5.28193944e+000 5.22301271e+000 5.89267306e-002
 2.85884931e+000 4.91951917e+000 4.86600825e+000 5.35109251e-002
 2.89026524e+000 4.51545280e+000 4.47594118e+000 3.95116166e-002
 2.92168117e+000 4.06909193e+000 4.05146201e+000 1.76299165e-002
 2.95309709e+000 3.58112779e+000 3.59120382e+000 1.00760279e-002
 2.98451302e+000 3.05371752e+000 3.09378392e+000 4.00663947e-002
 3.01592895e+000 2.49052230e+000 2.55780566e+000 6.72833644e-002
 3.04734487e+000 1.89665048e+000 1.98186037e+000 8.52098833e-002
 3.07876080e+000 1.27850641e+000 1.36452942e+000 8.60230066e-002
 3.11017673e+000 6.43552564e-001 7.04386497e-001 6.08339332e-002
 3.14159265e+000 1.65251265e-015 2.83382392e-015 1.18131127e-015
