 0.00000000e+000 0.00000000e+000 0.00000000e+000 0.00000000e+000
 3.14159265e-002 3.70479101e-002 3.24132214e-002 4.63468877e-003
 6.28318531e-002 7.40002000e-002 6.68623449e-002 7.13785509e-003
 9.42477796e-002 1.10897572e-001 1.03409224e-001 7.48834801e-003
 1.25663706e-001 1.48016539e-001 1.42115451e-001 5.90108723e-003
 1.57079633e-001 1.85904284e-001 1.83042214e-001 2.86207079e-003
 1.88495559e-001 2.25337087e-001 2.26250143e-001 9.13056087e-004
 2.19911486e-001 2.67209516e-001 2.71799158e-001 4.58964161e-003
 2.51327412e-001 3.12379239e-001 3.19748292e-001 7.36905357e-003
 2.82743339e-001 3.61504131e-001 3.70155520e-001 8.65138883e-003
 3.14159265e-001 4.14911628e-001 4.23077568e-001 8.16594009e-003
 3.45575192e-001 4.72533870e-001 4.78569719e-001 6.03584887e-003
 3.76991118e-001 5.33927630e-001 5.36685605e-001 2.75797482e-003
 4.08407045e-001 5.98378433e-001 5.97476992e-001 9.01440958e-004
 4.39822972e-001 6.65068326e-001 6.60993554e-001 4.07477153e-003
 4.71238898e-001 7.33271057e-001 7.27282634e-001 5.98842216e-003
 5.02654825e-001 8.02530814e-001 7.96388999e-001 6.14181528e-003
 5.34070751e-001 8.72783090e-001 8.68354578e-001 4.42851247e-003
 5.65486678e-001 9.44388384e-001 9.43218198e-001 1.17018600e-003
 5.96902604e-001 1.01806872e+000 1.02101530e+000 2.94658376e-003
 6.28318531e-001 1.09475902e+000 1.10177764e+000 7.01862700e-003
 6.59734457e-001 1.17540531e+000 1.18553302e+000 1.01277061e-002
 6.91150384e-001 1.26075457e+000 1.27230491e+000 1.15503348e-002
 7.22566310e-001 1.35118417e+000 1.36211218e+000 1.09280123e-002
 7.53982237e-001 1.44661081e+000 1.45496874e+000 8.35793490e-003
 7.85398163e-001 1.54650166e+000 1.55088320e+000 4.38153902e-003
 8.16814090e-001 1.64998736e+000 1.64985847e+000 1.28895943e-004
 8.48230016e-001 1.75605346e+000 1.75189144e+000 4.16201800e-003
 8.79645943e-001 1.86376807e+000 1.85697256e+000 6.79550473e-003
 9.11061870e-001 1.97249464e+000 1.96508546e+000 7.40918198e-003
 9.42477796e-001 2.08204061e+000 2.07620652e+000 5.83408741e-003
 9.73893723e-001 2.19270638e+000 2.19030447e+000 2.40191023e-003
 1.00530965e+000 2.30522112e+000 2.30733996e+000 2.11883483e-003
 1.03672558e+000 2.42057706e+000 2.42726507e+000 6.68800457e-003
 1.06814150e+000 2.53979782e+000 2.55002291e+000 1.02250940e-002
 1.09955743e+000 2.66369177e+000 2.67554714e+000 1.18553741e-002
 1.13097336e+000 2.79264637e+000 2.80376147e+000 1.11151006e-002
 1.16238928e+000 2.92651120e+000 2.93457919e+000 8.06799039e-003
 1.19380521e+000 3.06459841e+000 3.06790264e+000 3.30422704e-003
 1.22522113e+000 3.20580345e+000 3.20362276e+000 2.18069063e-003
 1.25663706e+000 3.34882116e+000 3.34161850e+000 7.20265754e-003
 1.28805299e+000 3.49241064e+000 3.48175637e+000 1.06542751e-002
 1.31946891e+000 3.63564939e+000 3.62388980e+000 1.17595836e-002
 1.35088484e+000 3.77811865e+000 3.76785871e+000 1.02599367e-002
 1.38230077e+000 3.91997577e+000 3.91348887e+000 6.48689985e-003
 1.41371669e+000 4.06189394e+000 4.06059136e+000 1.30257928e-003
 1.44513262e+000 4.20487942e+000 4.20896203e+000 4.08261460e-003
 1.47654855e+000 4.35000423e+000 4.35838090e+000 8.37667078e-003
 1.50796447e+000 4.49811273e+000 4.50861158e+000 1.04988511e-002
 1.53938040e+000 4.64956781e+000 4.65940072e+000 9.83290487e-003
 1.57079633e+000 4.80409542e+000 4.81047738e+000 6.38196342e-003
 1.60221225e+000 4.96076539e+000 4.96155248e+000 7.87092343e-004
 1.63362818e+000 5.11811690e+000 5.11231819e+000 5.79871280e-003
 1.66504411e+000 5.27440414e+000 5.26244735e+000 1.19567967e-002
 1.69646003e+000 5.42791002e+000 5.41159287e+000 1.63171478e-002
 1.72787596e+000 5.57725873e+000 5.55938719e+000 1.78715482e-002
 1.75929189e+000 5.72165616e+000 5.70544161e+000 1.62145458e-002
 1.79070781e+000 5.86100119e+000 5.84934583e+000 1.16553588e-002
 1.82212374e+000 5.99583849e+000 5.99066728e+000 5.17121080e-003
 1.85353967e+000 6.12715809e+000 6.12895062e+000 1.79252536e-003
 1.88495559e+000 6.25608191e+000 6.26371715e+000 7.63523503e-003
 1.91637152e+000 6.38350426e+000 6.39446431e+000 1.09600499e-002
 1.94778745e+000 6.50976582e+000 6.52066514e+000 1.08993142e-002
 1.97920337e+000 6.63443597e+000 6.64176775e+000 7.33177520e-003
 2.01061930e+000 6.75625631e+000 6.75719486e+000 9.38552383e-004
 2.04203522e+000 6.87326393e+000 6.86634331e+000 6.92061951e-003
 2.07345115e+000 6.98307321e+000 6.96858362e+000 1.44895896e-002
 2.10486708e+000 7.08325828e+000 7.06325955e+000 1.99987250e-002
 2.13628300e+000 7.17175380e+000 7.14968773e+000 2.20660688e-002
 2.16769893e+000 7.24718423e+000 7.22715726e+000 2.00269698e-002
 2.19911486e+000 7.30904439e+000 7.29492939e+000 1.41150080e-002
 2.23053078e+000 7.35768456e+000 7.35223721e+000 5.44734910e-003
 2.26194671e+000 7.39409506e+000 7.39828542e+000 4.19036114e-003
 2.29336264e+000 7.41953035e+000 7.43225005e+000 1.27197066e-002
 2.32477856e+000 7.43505008e+000 7.45327834e+000 1.82282565e-002
 2.35619449e+000 7.44107673e+000 7.46048854e+000 1.94118068e-002
 2.38761042e+000 7.43707015e+000 7.45296991e+000 1.58997595e-002
 2.41902634e+000 7.42139783e+000 7.42978262e+000 8.38478608e-003
 2.45044227e+000 7.39143991e+000 7.38995783e+000 1.48207356e-003
 2.48185820e+000 7.34391697e+000 7.33249776e+000 1.14192095e-002
 2.51327412e+000 7.27537890e+000 7.25637583e+000 1.90030648e-002
 2.54469005e+000 7.18275321e+000 7.16053693e+000 2.22162796e-002
 2.57610598e+000 7.06383279e+000 7.04389766e+000 1.99351319e-002
 2.60752190e+000 6.91758933e+000 6.90534676e+000 1.22425712e-002
 2.63893783e+000 6.74423054e+000 6.74374551e+000 4.85029362e-004
 2.67035376e+000 6.54497121e+000 6.55792832e+000 1.29571111e-002
 2.70176968e+000 6.32154934e+000 6.34670335e+000 2.51540056e-002
 2.73318561e+000 6.07557752e+000 6.10885319e+000 3.32756720e-002
 2.76460154e+000 5.80786311e+000 5.84313575e+000 3.52726378e-002
 2.79601746e+000 5.51784884e+000 5.54828513e+000 3.04362949e-002
 2.82743339e+000 5.20331300e+000 5.22301271e+000 1.96997058e-002
 2.85884931e+000 4.86042671e+000 4.86600825e+000 5.58153609e-003
 2.89026524e+000 4.48420086e+000 4.47594118e+000 8.25968103e-003
 2.92168117e+000 4.06928045e+000 4.05146201e+000 1.78184425e-002
 2.95309709e+000 3.61097209e+000 3.59120382e+000 1.97682688e-002
 2.98451302e+000 3.10633709e+000 3.09378392e+000 1.25531768e-002
 3.01592895e+000 2.55515838e+000 2.55780566e+000 2.64728151e-003
 3.04734487e+000 1.96059983e+000 1.98186037e+000 2.12605424e-002
 3.07876080e+000 1.32942222e+000 1.36452942e+000 3.51072021e-002
 3.11017673e+000 6.71691376e-001 7.04386497e-001 3.26951211e-002
 3.14159265e+000 3.21124352e-015 2.83382392e-015 3.77419595e-016
