 0.00000000e+000 0.00000000e+000 0.00000000e+000 0.00000000e+000
 3.14159265e-002 3.11405590e-002 3.24132214e-002 1.27266236e-003
 6.28318531e-002 6.31972520e-002 6.68623449e-002 3.66509294e-003
 9.42477796e-002 9.70240878e-002 1.03409224e-001 6.38513646e-003
 1.25663706e-001 1.33356792e-001 1.42115451e-001 8.75865944e-003
 1.57079633e-001 1.72767978e-001 1.83042214e-001 1.02742358e-002
 1.88495559e-001 2.15637872e-001 2.26250143e-001 1.06122715e-002
 2.19911486e-001 2.62143245e-001 2.71799158e-001 9.65591311e-003
 2.51327412e-001 3.12265378e-001 3.19748292e-001 7.48291439e-003
 2.82743339e-001 3.65815976e-001 3.70155520e-001 4.33954463e-003
 3.14159265e-001 4.22478157e-001 4.23077568e-001 5.99411645e-004
 3.45575192e-001 4.81858155e-001 4.78569719e-001 3.28843607e-003
 3.76991118e-001 5.43542329e-001 5.36685605e-001 6.85672381e-003
 4.08407045e-001 6.07153587e-001 5.97476992e-001 9.67659489e-003
 4.39822972e-001 6.72401474e-001 6.60993554e-001 1.14079192e-002
 4.71238898e-001 7.39120848e-001 7.27282634e-001 1.18382136e-002
 5.02654825e-001 8.07295349e-001 7.96388999e-001 1.09063502e-002
 5.34070751e-001 8.77063424e-001 8.68354578e-001 8.70884563e-003
 5.65486678e-001 9.48706560e-001 9.43218198e-001 5.48836230e-003
 5.96902604e-001 1.02262122e+000 1.02101530e+000 1.60592013e-003
 6.28318531e-001 1.09927766e+000 1.10177764e+000 2.49997971e-003
 6.59734457e-001 1.17917026e+000 1.18553302e+000 6.36275397e-003
 6.91150384e-001 1.26276469e+000 1.27230491e+000 9.54021480e-003
 7.22566310e-001 1.35044780e+000 1.36211218e+000 1.16643755e-002
 7.53982237e-001 1.44248561e+000 1.45496874e+000 1.24831365e-002
 7.85398163e-001 1.53899392e+000 1.55088320e+000 1.18892816e-002
 8.16814090e-001 1.63992489e+000 1.64985847e+000 9.93357858e-003
 8.48230016e-001 1.74507095e+000 1.75189144e+000 6.82048549e-003
 8.79645943e-001 1.85408572e+000 1.85697256e+000 2.88683599e-003
 9.11061870e-001 1.96651974e+000 1.96508546e+000 1.43428106e-003
 9.42477796e-001 2.08186714e+000 2.07620652e+000 5.66061942e-003
 9.73893723e-001 2.19961828e+000 2.19030447e+000 9.31380537e-003
 1.00530965e+000 2.31931252e+000 2.30733996e+000 1.19725686e-002
 1.03672558e+000 2.44058543e+000 2.42726507e+000 1.33203641e-002
 1.06814150e+000 2.56320503e+000 2.55002291e+000 1.31821175e-002
 1.09955743e+000 2.68709308e+000 2.67554714e+000 1.15459373e-002
 1.13097336e+000 2.81232868e+000 2.80376147e+000 8.56720991e-003
 1.16238928e+000 2.93913355e+000 2.93457919e+000 4.55435935e-003
 1.19380521e+000 3.06784016e+000 3.06790264e+000 6.24758259e-005
 1.22522113e+000 3.19884603e+000 3.20362276e+000 4.77672855e-003
 1.25663706e+000 3.33255853e+000 3.34161850e+000 9.05997267e-003
 1.28805299e+000 3.46933636e+000 3.48175637e+000 1.24200084e-002
 1.31946891e+000 3.60943360e+000 3.62388980e+000 1.44562083e-002
 1.35088484e+000 3.75295268e+000 3.76785871e+000 1.49060380e-002
 1.38230077e+000 3.89981138e+000 3.91348887e+000 1.36774945e-002
 1.41371669e+000 4.04972776e+000 4.06059136e+000 1.08636042e-002
 1.44513262e+000 4.20222505e+000 4.20896203e+000 6.73697560e-003
 1.47654855e+000 4.35665640e+000 4.35838090e+000 1.72449718e-003
 1.50796447e+000 4.51224716e+000 4.50861158e+000 3.63558177e-003
 1.53938040e+000 4.66815072e+000 4.65940072e+000 8.74999947e-003
 1.57079633e+000 4.82351189e+000 4.81047738e+000 1.30345117e-002
 1.60221225e+000 4.97753135e+000 4.96155248e+000 1.59788715e-002
 1.63362818e+000 5.12952392e+000 5.11231819e+000 1.72057311e-002
 1.66504411e+000 5.27896423e+000 5.26244735e+000 1.65168826e-002
 1.69646003e+000 5.42551428e+000 5.41159287e+000 1.39214109e-002
 1.72787596e+000 5.56902929e+000 5.55938719e+000 9.64210012e-003
 1.75929189e+000 5.70954026e+000 5.70544161e+000 4.09864754e-003
 1.79070781e+000 5.84721451e+000 5.84934583e+000 2.13132716e-003
 1.82212374e+000 5.98229721e+000 5.99066728e+000 8.37007487e-003
 1.85353967e+000 6.11503984e+000 6.12895062e+000 1.39107756e-002
 1.88495559e+000 6.24562245e+000 6.26371715e+000 1.80946989e-002
 1.91637152e+000 6.37407794e+000 6.39446431e+000 2.03863718e-002
 1.94778745e+000 6.50022659e+000 6.52066514e+000 2.04385468e-002
 1.97920337e+000 6.62362824e+000 6.64176775e+000 1.81395072e-002
 2.01061930e+000 6.74355806e+000 6.75719486e+000 1.36368052e-002
 2.04203522e+000 6.85900954e+000 6.86634331e+000 7.33377188e-003
 2.07345115e+000 6.96872577e+000 6.96858362e+000 1.42147072e-004
 2.10486708e+000 7.07125678e+000 7.06325955e+000 7.99722987e-003
 2.13628300e+000 7.16503837e+000 7.14968773e+000 1.53506336e-002
 2.16769893e+000 7.24848477e+000 7.22715726e+000 2.13275085e-002
 2.19911486e+000 7.32008625e+000 7.29492939e+000 2.51568626e-002
 2.23053078e+000 7.37850118e+000 7.35223721e+000 2.62639662e-002
 2.26194671e+000 7.42263251e+000 7.39828542e+000 2.43470882e-002
 2.29336264e+000 7.45167945e+000 7.43225005e+000 1.94293961e-002
 2.32477856e+000 7.46515722e+000 7.45327834e+000 1.18788830e-002
 2.35619449e+000 7.46288059e+000 7.46048854e+000 2.39205530e-003
 2.38761042e+000 7.44491048e+000 7.45296991e+000 8.05942624e-003
 2.41902634e+000 7.41146641e+000 7.42978262e+000 1.83162085e-002
 2.45044227e+000 7.36281165e+000 7.38995783e+000 2.71461863e-002
 2.48185820e+000 7.29912073e+000 7.33249776e+000 3.33770344e-002
 2.51327412e+000 7.22034190e+000 7.25637583e+000 3.60339364e-002
 2.54469005e+000 7.12606829e+000 7.16053693e+000 3.44686425e-002
 2.57610598e+000 7.01543193e+000 7.04389766e+000 2.84657270e-002
 2.60752190e+000 6.88703379e+000 6.90534676e+000 1.83129661e-002
 2.63893783e+000 6.73892044e+000 6.74374551e+000 4.82506608e-003
 2.67035376e+000 6.56861491e+000 6.55792832e+000 1.06865902e-002
 2.70176968e+000 6.37320457e+000 6.34670335e+000 2.65012260e-002
 2.73318561e+000 6.14948441e+000 6.10885319e+000 4.06312242e-002
 2.76460154e+000 5.89414903e+000 5.84313575e+000 5.10132875e-002
 2.79601746e+000 5.60402208e+000 5.54828513e+000 5.57369481e-002
 2.82743339e+000 5.27630803e+000 5.22301271e+000 5.32953185e-002
 2.85884931e+000 4.90884846e+000 4.86600825e+000 4.28402097e-002
 2.89026524e+000 4.50036353e+000 4.47594118e+000 2.44223505e-002
 2.92168117e+000 4.05065959e+000 4.05146201e+000 8.02416889e-004
 2.95309709e+000 3.56078543e+000 3.59120382e+000 3.04183845e-002
 2.98451302e+000 3.03312300e+000 3.09378392e+000 6.06609136e-002
 3.01592895e+000 2.47140278e+000 2.55780566e+000 8.64028826e-002
 3.04734487e+000 1.88063921e+000 1.98186037e+000 1.01221156e-001
 3.07876080e+000 1.26698764e+000 1.36452942e+000 9.75417779e-002
 3.11017673e+000 6.37529736e-001 7.04386497e-001 6.68567608e-002
 3.14159265e+000 2.99577238e-015 2.83382392e-015 1.61948460e-016
