 0.00000000e+000 0.00000000e+000 0.00000000e+000 0.00000000e+000
 3.14159265e-002 4.53024563e-002 3.24132214e-002 1.28892349e-002
 6.28318531e-002 8.59743627e-002 6.68623449e-002 1.91120177e-002
 9.42477796e-002 1.20327110e-001 1.03409224e-001 1.69178857e-002
 1.25663706e-001 1.50813281e-001 1.42115451e-001 8.69783011e-003
 1.57079633e-001 1.82768141e-001 1.83042214e-001 2.74072656e-004
 1.88495559e-001 2.21428845e-001 2.26250143e-001 4.82129843e-003
 2.19911486e-001 2.68986495e-001 2.71799158e-001 2.81266258e-003
 2.51327412e-001 3.23413788e-001 3.19748292e-001 3.66549570e-003
 2.82743339e-001 3.79771950e-001 3.70155520e-001 9.61642949e-003
 3.14159265e-001 4.33243879e-001 4.23077568e-001 1.01663105e-002
 3.45575192e-001 4.82121113e-001 4.78569719e-001 3.55139392e-003
 3.76991118e-001 5.28989862e-001 5.36685605e-001 7.69574264e-003
 4.08407045e-001 5.79407408e-001 5.97476992e-001 1.80695843e-002
 4.39822972e-001 6.38823264e-001 6.60993554e-001 2.21702908e-002
 4.71238898e-001 7.09523814e-001 7.27282634e-001 1.77588208e-002
 5.02654825e-001 7.89366156e-001 7.96388999e-001 7.02284303e-003
 5.34070751e-001 8.73025648e-001 8.68354578e-001 4.67107004e-003
 5.65486678e-001 9.55022459e-001 9.43218198e-001 1.18042613e-002
 5.96902604e-001 1.03276801e+000 1.02101530e+000 1.17527149e-002
 6.28318531e-001 1.10787802e+000 1.10177764e+000 6.10038053e-003
 6.59734457e-001 1.18502527e+000 1.18553302e+000 5.07744594e-004
 6.91150384e-001 1.26904608e+000 1.27230491e+000 3.25882236e-003
 7.22566310e-001 1.36202439e+000 1.36211218e+000 8.77863393e-005
 7.53982237e-001 1.46206876e+000 1.45496874e+000 7.10001561e-003
 7.85398163e-001 1.56448390e+000 1.55088320e+000 1.36007052e-002
 8.16814090e-001 1.66462185e+000 1.64985847e+000 1.47633786e-002
 8.48230016e-001 1.76071357e+000 1.75189144e+000 8.82213573e-003
 8.79645943e-001 1.85500541e+000 1.85697256e+000 1.96715317e-003
 9.11061870e-001 1.95253403e+000 1.96508546e+000 1.25514282e-002
 9.42477796e-001 2.05826872e+000 2.07620652e+000 1.79378015e-002
 9.73893723e-001 2.17430476e+000 2.19030447e+000 1.59997144e-002
 1.00530965e+000 2.29874831e+000 2.30733996e+000 8.59165007e-003
 1.03672558e+000 2.42692297e+000 2.42726507e+000 3.42099886e-004
 1.06814150e+000 2.55415534e+000 2.55002291e+000 4.13242725e-003
 1.09955743e+000 2.67847421e+000 2.67554714e+000 2.92706297e-003
 1.13097336e+000 2.80162848e+000 2.80376147e+000 2.13299262e-003
 1.16238928e+000 2.92784366e+000 2.93457919e+000 6.73552321e-003
 1.19380521e+000 3.06108761e+000 3.06790264e+000 6.81503090e-003
 1.22522113e+000 3.20249961e+000 3.20362276e+000 1.12314415e-003
 1.25663706e+000 3.34952958e+000 3.34161850e+000 7.91107209e-003
 1.28805299e+000 3.49730471e+000 3.48175637e+000 1.55483446e-002
 1.31946891e+000 3.64140660e+000 3.62388980e+000 1.75167987e-002
 1.35088484e+000 3.78039848e+000 3.76785871e+000 1.25397668e-002
 1.38230077e+000 3.91659305e+000 3.91348887e+000 3.10417704e-003
 1.41371669e+000 4.05460378e+000 4.06059136e+000 5.98757747e-003
 1.44513262e+000 4.19854710e+000 4.20896203e+000 1.04149320e-002
 1.47654855e+000 4.34956683e+000 4.35838090e+000 8.81406826e-003
 1.50796447e+000 4.50515542e+000 4.50861158e+000 3.45616109e-003
 1.53938040e+000 4.66066525e+000 4.65940072e+000 1.26452800e-003
 1.57079633e+000 4.81208651e+000 4.81047738e+000 1.60912650e-003
 1.60221225e+000 4.95840511e+000 4.96155248e+000 3.14736606e-003
 1.63362818e+000 5.10210526e+000 5.11231819e+000 1.02129326e-002
 1.66504411e+000 5.24749927e+000 5.26244735e+000 1.49480724e-002
 1.69646003e+000 5.39788300e+000 5.41159287e+000 1.37098718e-002
 1.72787596e+000 5.55323568e+000 5.55938719e+000 6.15150906e-003
 1.75929189e+000 5.70987063e+000 5.70544161e+000 4.42901139e-003
 1.79070781e+000 5.86227649e+000 5.84934583e+000 1.29306575e-002
 1.82212374e+000 6.00606539e+000 5.99066728e+000 1.53981067e-002
 1.85353967e+000 6.14026231e+000 6.12895062e+000 1.13116905e-002
 1.88495559e+000 6.26754868e+000 6.26371715e+000 3.83153268e-003
 1.91637152e+000 6.39229647e+000 6.39446431e+000 2.16784328e-003
 1.94778745e+000 6.51756731e+000 6.52066514e+000 3.09783085e-003
 1.97920337e+000 6.64289549e+000 6.64176775e+000 1.12773601e-003
 2.01061930e+000 6.76422209e+000 6.75719486e+000 7.02722556e-003
 2.04203522e+000 6.87605656e+000 6.86634331e+000 9.71324961e-003
 2.07345115e+000 6.97458010e+000 6.96858362e+000 5.99647542e-003
 2.10486708e+000 7.05979906e+000 7.06325955e+000 3.46049594e-003
 2.13628300e+000 7.13539138e+000 7.14968773e+000 1.42963556e-002
 2.16769893e+000 7.20626480e+000 7.22715726e+000 2.08924535e-002
 2.19911486e+000 7.27524690e+000 7.29492939e+000 1.96824815e-002
 2.23053078e+000 7.34090004e+000 7.35223721e+000 1.13371703e-002
 2.26194671e+000 7.39782883e+000 7.39828542e+000 4.56591072e-004
 2.29336264e+000 7.43936825e+000 7.43225005e+000 7.11819334e-003
 2.32477856e+000 7.46108279e+000 7.45327834e+000 7.80445731e-003
 2.35619449e+000 7.46295882e+000 7.46048854e+000 2.47028075e-003
 2.38761042e+000 7.44889860e+000 7.45296991e+000 4.07131007e-003
 2.41902634e+000 7.42372868e+000 7.42978262e+000 6.05393734e-003
 2.45044227e+000 7.38947282e+000 7.38995783e+000 4.85015399e-004
 2.48185820e+000 7.34317103e+000 7.33249776e+000 1.06732730e-002
 2.51327412e+000 7.27768565e+000 7.25637583e+000 2.13098194e-002
 2.54469005e+000 7.18517179e+000 7.16053693e+000 2.46348600e-002
 2.57610598e+000 7.06123416e+000 7.04389766e+000 1.73364999e-002
 2.60752190e+000 6.90725539e+000 6.90534676e+000 1.90863359e-003
 2.63893783e+000 6.72934740e+000 6.74374551e+000 1.43981110e-002
 2.67035376e+000 6.53434318e+000 6.55792832e+000 2.35851403e-002
 2.70176968e+000 6.32507839e+000 6.34670335e+000 2.16249547e-002
 2.73318561e+000 6.09779636e+000 6.10885319e+000 1.10568241e-002
 2.76460154e+000 5.84341733e+000 5.84313575e+000 2.81583048e-004
 2.79601746e+000 5.55219049e+000 5.54828513e+000 3.90536088e-003
 2.82743339e+000 5.21915183e+000 5.22301271e+000 3.86088092e-003
 2.85884931e+000 4.84710024e+000 4.86600825e+000 1.89080111e-002
 2.89026524e+000 4.44500442e+000 4.47594118e+000 3.09367614e-002
 2.92168117e+000 4.02230098e+000 4.05146201e+000 2.91610285e-002
 2.95309709e+000 3.58205632e+000 3.59120382e+000 9.14749577e-003
 2.98451302e+000 3.11698438e+000 3.09378392e+000 2.32004619e-002
 3.01592895e+000 2.61113955e+000 2.55780566e+000 5.33338874e-002
 3.04734487e+000 2.04723502e+000 1.98186037e+000 6.53746543e-002
 3.07876080e+000 1.41644569e+000 1.36452942e+000 5.19162710e-002
 3.11017673e+000 7.25918870e-001 7.04386497e-001 2.15323730e-002
 3.14159265e+000 3.50460181e-015 2.83382392e-015 6.70777882e-016
