 0.00000000e+000 0.00000000e+000 0.00000000e+000 0.00000000e+000
 3.14159265e-002 2.39089141e-002 3.24132214e-002 8.50430727e-003
 6.28318531e-002 5.19548865e-002 6.68623449e-002 1.49074584e-002
 9.42477796e-002 8.70067148e-002 1.03409224e-001 1.64025095e-002
 1.25663706e-001 1.29843415e-001 1.42115451e-001 1.22720361e-002
 1.57079633e-001 1.79063522e-001 1.83042214e-001 3.97869116e-003
 1.88495559e-001 2.31744268e-001 2.26250143e-001 5.49412469e-003
 2.19911486e-001 2.84600292e-001 2.71799158e-001 1.28011344e-002
 2.51327412e-001 3.35216757e-001 3.19748292e-001 1.54684651e-002
 2.82743339e-001 3.82914671e-001 3.70155520e-001 1.27591513e-002
 3.14159265e-001 4.28950903e-001 4.23077568e-001 5.87333519e-003
 3.45575192e-001 4.76005693e-001 4.78569719e-001 2.56402569e-003
 3.76991118e-001 5.27171989e-001 5.36685605e-001 9.51361629e-003
 4.08407045e-001 5.84836564e-001 5.97476992e-001 1.26404284e-002
 4.39822972e-001 6.49869316e-001 6.60993554e-001 1.11242382e-002
 4.71238898e-001 7.21408093e-001 7.27282634e-001 5.87454140e-003
 5.02654825e-001 7.97294053e-001 7.96388999e-001 9.05054184e-004
 5.34070751e-001 8.74966796e-001 8.68354578e-001 6.61221843e-003
 5.65486678e-001 9.52462365e-001 9.43218198e-001 9.24416706e-003
 5.96902604e-001 1.02913147e+000 1.02101530e+000 8.11617584e-003
 6.28318531e-001 1.10581611e+000 1.10177764e+000 4.03846270e-003
 6.59734457e-001 1.18443985e+000 1.18553302e+000 1.09316478e-003
 6.91150384e-001 1.26719535e+000 1.27230491e+000 5.10955522e-003
 7.22566310e-001 1.35566263e+000 1.36211218e+000 6.44954815e-003
 7.53982237e-001 1.45020866e+000 1.45496874e+000 4.76007981e-003
 7.85398163e-001 1.54989752e+000 1.55088320e+000 9.85680142e-004
 8.16814090e-001 1.65293210e+000 1.64985847e+000 3.07363435e-003
 8.48230016e-001 1.75743599e+000 1.75189144e+000 5.54455501e-003
 8.79645943e-001 1.86225091e+000 1.85697256e+000 5.27834826e-003
 9.11061870e-001 1.96742361e+000 1.96508546e+000 2.33814872e-003
 9.42477796e-001 2.07418452e+000 2.07620652e+000 2.02200035e-003
 9.73893723e-001 2.18442732e+000 2.19030447e+000 5.87715830e-003
 1.00530965e+000 2.29990108e+000 2.30733996e+000 7.43887196e-003
 1.03672558e+000 2.42144424e+000 2.42726507e+000 5.82082196e-003
 1.06814150e+000 2.54857488e+000 2.55002291e+000 1.44803525e-003
 1.09955743e+000 2.67961133e+000 2.67554714e+000 4.06418975e-003
 1.13097336e+000 2.81228524e+000 2.80376147e+000 8.52376226e-003
 1.16238928e+000 2.94461017e+000 2.93457919e+000 1.00309783e-002
 1.19380521e+000 3.07566256e+000 3.06790264e+000 7.75991626e-003
 1.22522113e+000 3.20595982e+000 3.20362276e+000 2.33706491e-003
 1.25663706e+000 3.33727461e+000 3.34161850e+000 4.34389074e-003
 1.28805299e+000 3.47194409e+000 3.48175637e+000 9.81227436e-003
 1.31946891e+000 3.61193306e+000 3.62388980e+000 1.19567410e-002
 1.35088484e+000 3.75801112e+000 3.76785871e+000 9.84759122e-003
 1.38230077e+000 3.90936556e+000 3.91348887e+000 4.12331317e-003
 1.41371669e+000 4.06380727e+000 4.06059136e+000 3.21590671e-003
 1.44513262e+000 4.21849928e+000 4.20896203e+000 9.53725345e-003
 1.47654855e+000 4.37093461e+000 4.35838090e+000 1.25537177e-002
 1.50796447e+000 4.51979157e+000 4.50861158e+000 1.11799860e-002
 1.53938040e+000 4.66533912e+000 4.65940072e+000 5.93840194e-003
 1.57079633e+000 4.80923637e+000 4.81047738e+000 1.24101432e-003
 1.60221225e+000 4.95380235e+000 4.96155248e+000 7.75013261e-003
 1.63362818e+000 5.10103612e+000 5.11231819e+000 1.12820713e-002
 1.66504411e+000 5.25176222e+000 5.26244735e+000 1.06851262e-002
 1.69646003e+000 5.40522694e+000 5.41159287e+000 6.36592884e-003
 1.72787596e+000 5.55929473e+000 5.55938719e+000 9.24511062e-005
 1.75929189e+000 5.71116063e+000 5.70544161e+000 5.71901785e-003
 1.79070781e+000 5.85829478e+000 5.84934583e+000 8.94894366e-003
 1.82212374e+000 5.99924705e+000 5.99066728e+000 8.57977113e-003
 1.85353967e+000 6.13399856e+000 6.12895062e+000 5.04794417e-003
 1.88495559e+000 6.26372848e+000 6.26371715e+000 1.13328195e-005
 1.91637152e+000 6.39009852e+000 6.39446431e+000 4.36579301e-003
 1.94778745e+000 6.51434947e+000 6.52066514e+000 6.31566949e-003
 1.97920337e+000 6.63657892e+000 6.64176775e+000 5.18882850e-003
 2.01061930e+000 6.75549500e+000 6.75719486e+000 1.69986555e-003
 2.04203522e+000 6.86874700e+000 6.86634331e+000 2.40368860e-003
 2.07345115e+000 6.97369694e+000 6.96858362e+000 5.11331509e-003
 2.10486708e+000 7.06831130e+000 7.06325955e+000 5.05174430e-003
 2.13628300e+000 7.15179667e+000 7.14968773e+000 2.10893955e-003
 2.16769893e+000 7.22470058e+000 7.22715726e+000 2.45668301e-003
 2.19911486e+000 7.28841503e+000 7.29492939e+000 6.51435450e-003
 2.23053078e+000 7.34426927e+000 7.35223721e+000 7.96794095e-003
 2.26194671e+000 7.39257919e+000 7.39828542e+000 5.70623205e-003
 2.29336264e+000 7.43205767e+000 7.43225005e+000 1.92380831e-004
 2.32477856e+000 7.45986098e+000 7.45327834e+000 6.58263967e-003
 2.35619449e+000 7.47229686e+000 7.46048854e+000 1.18083254e-002
 2.38761042e+000 7.46594645e+000 7.45296991e+000 1.29765420e-002
 2.41902634e+000 7.43876323e+000 7.42978262e+000 8.98060590e-003
 2.45044227e+000 7.39069126e+000 7.38995783e+000 7.33431763e-004
 2.48185820e+000 7.32350761e+000 7.33249776e+000 8.99015075e-003
 2.51327412e+000 7.23988747e+000 7.25637583e+000 1.64883623e-002
 2.54469005e+000 7.14200490e+000 7.16053693e+000 1.85320303e-002
 2.57610598e+000 7.03019254e+000 7.04389766e+000 1.37051242e-002
 2.60752190e+000 6.90220150e+000 6.90534676e+000 3.14525960e-003
 2.63893783e+000 6.75340668e+000 6.74374551e+000 9.66117714e-003
 2.67035376e+000 6.57795689e+000 6.55792832e+000 2.00285637e-002
 2.70176968e+000 6.37049746e+000 6.34670335e+000 2.37941113e-002
 2.73318561e+000 6.12783940e+000 6.10885319e+000 1.89862078e-002
 2.76460154e+000 5.84991807e+000 5.84313575e+000 6.78232819e-003
 2.79601746e+000 5.53960573e+000 5.54828513e+000 8.67939584e-003
 2.82743339e+000 5.20134776e+000 5.22301271e+000 2.16649457e-002
 2.85884931e+000 4.83904366e+000 4.86600825e+000 2.69645846e-002
 2.89026524e+000 4.45392404e+000 4.47594118e+000 2.20171446e-002
 2.92168117e+000 4.04325358e+000 4.05146201e+000 8.20843581e-003
 2.95309709e+000 3.60047076e+000 3.59120382e+000 9.26694719e-003
 2.98451302e+000 3.11691724e+000 3.09378392e+000 2.31333183e-002
 3.01592895e+000 2.58476180e+000 2.55780566e+000 2.69561409e-002
 3.04734487e+000 2.00027450e+000 1.98186037e+000 1.84141291e-002
 3.07876080e+000 1.36641640e+000 1.36452942e+000 1.88698072e-003
 3.11017673e+000 6.93859419e-001 7.04386497e-001 1.05270784e-002
 3.14159265e+000 3.37449336e-015 2.83382392e-015 5.40669438e-016
