 0.00000000e+000 0.00000000e+000 0.00000000e+000 0.00000000e+000
 3.14159265e-002 5.81181568e-002 3.24132214e-002 2.57049354e-002
 6.28318531e-002 1.12820156e-001 6.68623449e-002 4.59578111e-002
 9.42477796e-002 1.61705616e-001 1.03409224e-001 5.82963919e-002
 1.25663706e-001 2.04159705e-001 1.42115451e-001 6.20442542e-002
 1.57079633e-001 2.41687388e-001 1.83042214e-001 5.86451742e-002
 1.88495559e-001 2.77722963e-001 2.26250143e-001 5.14728196e-002
 2.19911486e-001 3.16947508e-001 2.71799158e-001 4.51483500e-002
 2.51327412e-001 3.64262693e-001 3.19748292e-001 4.45144013e-002
 2.82743339e-001 4.23653151e-001 3.70155520e-001 5.34976310e-002
 3.14159265e-001 4.97201786e-001 4.23077568e-001 7.41242174e-002
 3.45575192e-001 5.84495069e-001 4.78569719e-001 1.05925350e-001
 3.76991118e-001 6.82573493e-001 5.36685605e-001 1.45887887e-001
 4.08407045e-001 7.86463232e-001 5.97476992e-001 1.88986239e-001
 4.39822972e-001 8.90194492e-001 6.60993554e-001 2.29200937e-001
 4.71238898e-001 9.88098752e-001 7.27282634e-001 2.60816117e-001
 5.02654825e-001 1.07610676e+000 7.96388999e-001 2.79717761e-001
 5.34070751e-001 1.15275825e+000 8.68354578e-001 2.84403677e-001
 5.65486678e-001 1.21968704e+000 9.43218198e-001 2.76468844e-001
 5.96902604e-001 1.28145130e+000 1.02101530e+000 2.60435996e-001
 6.28318531e-001 1.34471722e+000 1.10177764e+000 2.42939571e-001
 6.59734457e-001 1.41694514e+000 1.18553302e+000 2.31412118e-001
 6.91150384e-001 1.50484056e+000 1.27230491e+000 2.32535648e-001
 7.22566310e-001 1.61289300e+000 1.36211218e+000 2.50780822e-001
 7.53982237e-001 1.74231877e+000 1.45496874e+000 2.87350025e-001
 7.85398163e-001 1.89064888e+000 1.55088320e+000 3.39765684e-001
 8.16814090e-001 2.05207527e+000 1.64985847e+000 4.02216804e-001
 8.48230016e-001 2.21851172e+000 1.75189144e+000 4.66620279e-001
 8.79645943e-001 2.38117407e+000 1.85697256e+000 5.24201506e-001
 9.11061870e-001 2.53236870e+000 1.96508546e+000 5.67283241e-001
 9.42477796e-001 2.66712430e+000 2.07620652e+000 5.90917779e-001
 9.73893723e-001 2.78432273e+000 2.19030447e+000 5.94018261e-001
 1.00530965e+000 2.88707780e+000 2.30733996e+000 5.79737844e-001
 1.03672558e+000 2.98225807e+000 2.42726507e+000 5.54993002e-001
 1.06814150e+000 3.07922320e+000 2.55002291e+000 5.29200292e-001
 1.09955743e+000 3.18800647e+000 2.67554714e+000 5.12459327e-001
 1.13097336e+000 3.31729605e+000 2.80376147e+000 5.13534572e-001
 1.16238928e+000 3.47261872e+000 2.93457919e+000 5.38039537e-001
 1.19380521e+000 3.65509945e+000 3.06790264e+000 5.87196806e-001
 1.22522113e+000 3.86106355e+000 3.20362276e+000 6.57440795e-001
 1.25663706e+000 4.08258548e+000 3.34161850e+000 7.40966978e-001
 1.28805299e+000 4.30890007e+000 3.48175637e+000 8.27143704e-001
 1.31946891e+000 4.52841759e+000 3.62388980e+000 9.04527786e-001
 1.35088484e+000 4.73095713e+000 3.76785871e+000 9.63098412e-001
 1.38230077e+000 4.90976056e+000 3.91348887e+000 9.96271690e-001
 1.41371669e+000 5.06288342e+000 4.06059136e+000 1.00229206e+000
 1.44513262e+000 5.19367349e+000 4.20896203e+000 9.84711458e-001
 1.47654855e+000 5.31022208e+000 4.35838090e+000 9.51841179e-001
 1.50796447e+000 5.42387227e+000 4.50861158e+000 9.15260693e-001
 1.53938040e+000 5.54705494e+000 4.65940072e+000 8.87654218e-001
 1.57079633e+000 5.69085905e+000 4.81047738e+000 8.80381674e-001
 1.60221225e+000 5.86280191e+000 4.96155248e+000 9.01249432e-001
 1.63362818e+000 6.06523337e+000 5.11231819e+000 9.52915178e-001
 1.66504411e+000 6.29469290e+000 5.26244735e+000 1.03224555e+000
 1.69646003e+000 6.54235957e+000 5.41159287e+000 1.13076670e+000
 1.72787596e+000 6.79552744e+000 5.55938719e+000 1.23614026e+000
 1.75929189e+000 7.03984236e+000 5.70544161e+000 1.33440074e+000
 1.79070781e+000 7.26188792e+000 5.84934583e+000 1.41254209e+000
 1.82212374e+000 7.45163759e+000 5.99066728e+000 1.46097031e+000
 1.85353967e+000 7.60430989e+000 6.12895062e+000 1.47535927e+000
 1.88495559e+000 7.72127149e+000 6.26371715e+000 1.45755435e+000
 1.91637152e+000 7.80980774e+000 6.39446431e+000 1.41534343e+000
 1.94778745e+000 7.88178972e+000 6.52066514e+000 1.36112458e+000
 1.97920337e+000 7.95147177e+000 6.64176775e+000 1.30970402e+000
 2.01061930e+000 8.03281518e+000 6.75719486e+000 1.27562032e+000
 2.04203522e+000 8.13682274e+000 6.86634331e+000 1.27047943e+000
 2.07345115e+000 8.26936907e+000 6.96858362e+000 1.30078545e+000
 2.10486708e+000 8.42992284e+000 7.06325955e+000 1.36666329e+000
 2.13628300e+000 8.61139700e+000 7.14968773e+000 1.46170926e+000
 2.16769893e+000 8.80116047e+000 7.22715726e+000 1.57400322e+000
 2.19911486e+000 8.98303763e+000 7.29492939e+000 1.68810824e+000
 2.23053078e+000 9.13994639e+000 7.35223721e+000 1.78770918e+000
 2.26194671e+000 9.25671459e+000 7.39828542e+000 1.85842917e+000
 2.29336264e+000 9.32258405e+000 7.43225005e+000 1.89033400e+000
 2.32477856e+000 9.33296920e+000 7.45327834e+000 1.87969087e+000
 2.35619449e+000 9.29016812e+000 7.46048854e+000 1.82967958e+000
 2.38761042e+000 9.20290602e+000 7.45296991e+000 1.74993612e+000
 2.41902634e+000 9.08479072e+000 7.42978262e+000 1.65500810e+000
 2.45044227e+000 8.95194228e+000 7.38995783e+000 1.56198445e+000
 2.48185820e+000 8.82019373e+000 7.33249776e+000 1.48769597e+000
 2.51327412e+000 8.70232469e+000 7.25637583e+000 1.44594886e+000
 2.54469005e+000 8.60577666e+000 7.16053693e+000 1.44523973e+000
 2.57610598e+000 8.53121108e+000 7.04389766e+000 1.48731342e+000
 2.60752190e+000 8.47212740e+000 6.90534676e+000 1.56678064e+000
 2.63893783e+000 8.41558293e+000 6.74374551e+000 1.67183742e+000
 2.67035376e+000 8.34388016e+000 6.55792832e+000 1.78595184e+000
 2.70176968e+000 8.23693860e+000 6.34670335e+000 1.89023525e+000
 2.73318561e+000 8.07497077e+000 6.10885319e+000 1.96611758e+000
 2.76460154e+000 7.84104880e+000 5.84313575e+000 1.99791306e+000
 2.79601746e+000 7.52318194e+000 5.54828513e+000 1.97489681e+000
 2.82743339e+000 7.11561826e+000 5.22301271e+000 1.89260555e+000
 2.85884931e+000 6.61921725e+000 4.86600825e+000 1.75320901e+000
 2.89026524e+000 6.04089267e+000 4.47594118e+000 1.56495149e+000
 2.92168117e+000 5.39226958e+000 4.05146201e+000 1.34080757e+000
 2.95309709e+000 4.68781610e+000 3.59120382e+000 1.09661228e+000
 2.98451302e+000 3.94277932e+000 3.09378392e+000 8.48995405e-001
 3.01592895e+000 3.17126914e+000 2.55780566e+000 6.13463478e-001
 3.04734487e+000 2.38479222e+000 1.98186037e+000 4.02931848e-001
 3.07876080e+000 1.59144984e+000 1.36452942e+000 2.26920422e-001
 3.11017673e+000 7.95893462e-001 7.04386497e-001 9.15069650e-002
 3.14159265e+000 2.96608182e-015 2.83382392e-015 1.32257897e-016
