 0.00000000e+000 0.00000000e+000 0.00000000e+000 0.00000000e+000
 3.14159265e-002 -6.01622190e-001 3.24132214e-002 6.34035411e-001
 6.28318531e-002 -4.47498959e+000 6.68623449e-002 4.54185194e+000
 9.42477796e-002 -1.16809190e+001 1.03409224e-001 1.17843283e+001
 1.25663706e-001 -1.87574600e+001 1.42115451e-001 1.88995754e+001
 1.57079633e-001 -2.16038264e+001 1.83042214e-001 2.17868686e+001
 1.88495559e-001 -1.89855034e+001 2.26250143e-001 1.92117535e+001
 2.19911486e-001 -1.35255063e+001 2.71799158e-001 1.37973054e+001
 2.51327412e-001 -9.30852088e+000 3.19748292e-001 9.62826917e+000
 2.82743339e-001 -8.27970058e+000 3.70155520e-001 8.64985610e+000
 3.14159265e-001 -8.70661954e+000 4.23077568e-001 9.12969711e+000
 3.45575192e-001 -7.08438745e+000 4.78569719e-001 7.56295717e+000
 3.76991118e-001 -1.68695008e+000 5.36685605e-001 2.22363569e+000
 4.08407045e-001 5.59954547e+000 5.97476992e-001 5.00206848e+000
 4.39822972e-001 1.09877391e+001 6.60993554e-001 1.03267455e+001
 4.71238898e-001 1.25469572e+001 7.27282634e-001 1.18196745e+001
 5.02654825e-001 1.24259012e+001 7.96388999e-001 1.16295122e+001
 5.34070751e-001 1.51388423e+001 8.68354578e-001 1.42704878e+001
 5.65486678e-001 2.30767205e+001 9.43218198e-001 2.21335023e+001
 5.96902604e-001 3.32057026e+001 1.02101530e+000 3.21846873e+001
 6.28318531e-001 3.82935911e+001 1.10177764e+000 3.71918135e+001
 6.59734457e-001 3.22362321e+001 1.18553302e+000 3.10506991e+001
 6.91150384e-001 1.53001220e+001 1.27230491e+000 1.40278170e+001
 7.22566310e-001 -5.26395520e+000 1.36211218e+000 6.62606738e+000
 7.53982237e-001 -2.01607072e+001 1.45496874e+000 2.16156760e+001
 7.85398163e-001 -2.47760150e+001 1.55088320e+000 2.63268982e+001
 8.16814090e-001 -2.22007659e+001 1.64985847e+000 2.38506244e+001
 8.48230016e-001 -1.99866232e+001 1.75189144e+000 2.17385147e+001
 8.79645943e-001 -2.33245711e+001 1.85697256e+000 2.51815436e+001
 9.11061870e-001 -3.04622755e+001 1.96508546e+000 3.24273609e+001
 9.42477796e-001 -3.43534802e+001 2.07620652e+000 3.64296868e+001
 9.73893723e-001 -2.91527533e+001 2.19030447e+000 3.13430578e+001
 1.00530965e+000 -1.58157451e+001 2.30733996e+000 1.81230850e+001
 1.03672558e+000 -1.63918833e+000 2.42726507e+000 4.06645339e+000
 1.06814150e+000 6.18390002e+000 2.55002291e+000 3.63387710e+000
 1.09955743e+000 7.42775956e+000 2.67554714e+000 4.75221242e+000
 1.13097336e+000 9.71527201e+000 2.80376147e+000 6.91151053e+000
 1.16238928e+000 2.19154776e+001 2.93457919e+000 1.89808984e+001
 1.19380521e+000 4.52399453e+001 3.06790264e+000 4.21720427e+001
 1.22522113e+000 6.98690578e+001 3.20362276e+000 6.66654350e+001
 1.25663706e+000 8.08635776e+001 3.34161850e+000 7.75219591e+001
 1.28805299e+000 6.93479420e+001 3.48175637e+000 6.58661856e+001
 1.31946891e+000 3.99893656e+001 3.62388980e+000 3.63654758e+001
 1.35088484e+000 8.18083586e+000 3.76785871e+000 4.41297714e+000
 1.38230077e+000 -1.14378784e+001 3.91348887e+000 1.53513673e+001
 1.41371669e+000 -1.60752509e+001 4.06059136e+000 2.01358422e+001
 1.44513262e+000 -1.62567293e+001 4.20896203e+000 2.04656913e+001
 1.47654855e+000 -2.60633720e+001 4.35838090e+000 3.04217529e+001
 1.50796447e+000 -4.99601242e+001 4.50861158e+000 5.44687358e+001
 1.53938040e+000 -7.73139046e+001 4.65940072e+000 8.19733053e+001
 1.57079633e+000 -8.97137768e+001 4.81047738e+000 9.45242542e+001
 1.60221225e+000 -7.55686740e+001 4.96155248e+000 8.05302264e+001
 1.63362818e+000 -4.00045848e+001 5.11231819e+000 4.51169030e+001
 1.66504411e+000 -1.52315698e+000 5.26244735e+000 6.78560432e+000
 1.69646003e+000 2.22483505e+001 5.41159287e+000 1.68367576e+001
 1.72787596e+000 2.80434491e+001 5.55938719e+000 2.24840620e+001
 1.75929189e+000 2.82799499e+001 5.70544161e+000 2.25745083e+001
 1.79070781e+000 3.89259589e+001 5.84934583e+000 3.30766131e+001
 1.82212374e+000 6.42744682e+001 5.99066728e+000 5.82838009e+001
 1.85353967e+000 9.21237484e+001 6.12895062e+000 8.59947978e+001
 1.88495559e+000 1.04216534e+002 6.26371715e+000 9.79528168e+001
 1.91637152e+000 9.32371243e+001 6.39446431e+000 8.68426600e+001
 1.94778745e+000 7.08871138e+001 6.52066514e+000 6.43664486e+001
 1.97920337e+000 5.81994999e+001 6.64176775e+000 5.15577321e+001
 2.01061930e+000 6.46800918e+001 6.75719486e+000 5.79228970e+001
 2.04203522e+000 7.42558882e+001 6.86634331e+000 6.73895448e+001
 2.07345115e+000 5.27707062e+001 6.96858362e+000 4.58021225e+001
 2.10486708e+000 -2.50459611e+001 7.06325955e+000 3.21092206e+001
 2.13628300e+000 -1.48677207e+002 7.14968773e+000 1.55826894e+002
 2.16769893e+000 -2.67766750e+002 7.22715726e+000 2.74993907e+002
 2.19911486e+000 -3.18334527e+002 7.29492939e+000 3.25629456e+002
 2.23053078e+000 -2.63459105e+002 7.35223721e+000 2.70811343e+002
 2.26194671e+000 -1.19761412e+002 7.39828542e+000 1.27159697e+002
 2.29336264e+000 5.03221376e+001 7.43225005e+000 4.28898875e+001
 2.32477856e+000 1.75882018e+002 7.45327834e+000 1.68428740e+002
 2.35619449e+000 2.18109518e+002 7.46048854e+000 2.10649029e+002
 2.38761042e+000 1.86065639e+002 7.45296991e+000 1.78612669e+002
 2.41902634e+000 1.19669343e+002 7.42978262e+000 1.12239560e+002
 2.45044227e+000 5.75553682e+001 7.38995783e+000 5.01654103e+001
 2.48185820e+000 1.74823688e+001 7.33249776e+000 1.01498711e+001
 2.51327412e+000 2.86451502e+000 7.25637583e+000 4.39186081e+000
 2.54469005e+000 2.27996122e+001 7.16053693e+000 1.56390752e+001
 2.57610598e+000 9.81660839e+001 7.04389766e+000 9.11221862e+001
 2.60752190e+000 2.38123462e+002 6.90534676e+000 2.31218115e+002
 2.63893783e+000 4.02144900e+002 6.74374551e+000 3.95401155e+002
 2.67035376e+000 4.86230231e+002 6.55792832e+000 4.79672303e+002
 2.70176968e+000 3.63908288e+002 6.34670335e+000 3.57561585e+002
 2.73318561e+000 -2.74115725e+001 6.10885319e+000 3.35204257e+001
 2.76460154e+000 -6.08434223e+002 5.84313575e+000 6.14277359e+002
 2.79601746e+000 -1.15333580e+003 5.54828513e+000 1.15888409e+003
 2.82743339e+000 -1.38490551e+003 5.22301271e+000 1.39012852e+003
 2.85884931e+000 -1.12778066e+003 4.86600825e+000 1.13264666e+003
 2.89026524e+000 -4.27674357e+002 4.47594118e+000 4.32150298e+002
 2.92168117e+000 4.47338007e+002 4.05146201e+000 4.43286545e+002
 2.95309709e+000 1.13840007e+003 3.59120382e+000 1.13480887e+003
 2.98451302e+000 1.38793839e+003 3.09378392e+000 1.38484461e+003
 3.01592895e+000 1.17444827e+003 2.55780566e+000 1.17189046e+003
 3.04734487e+000 7.04039682e+002 1.98186037e+000 7.02057821e+002
 3.07876080e+000 2.64482791e+002 1.36452942e+000 2.63118261e+002
 3.11017673e+000 3.84512677e+001 7.04386497e-001 3.77468812e+001
 3.14159265e+000 3.39324954e-012 2.83382392e-015 3.39041571e-012
