 0.00000000e+000 0.00000000e+000 0.00000000e+000 0.00000000e+000
 3.14159265e-002 1.77369519e-001 3.24132214e-002 1.44956297e-001
 6.28318531e-002 1.31574750e+000 6.68623449e-002 1.24888516e+000
 9.42477796e-002 3.90564896e+000 1.03409224e-001 3.80223973e+000
 1.25663706e-001 7.69034957e+000 1.42115451e-001 7.54823411e+000
 1.57079633e-001 1.16995053e+001 1.83042214e-001 1.15164631e+001
 1.88495559e-001 1.45857507e+001 2.26250143e-001 1.43595006e+001
 2.19911486e-001 1.51347950e+001 2.71799158e-001 1.48629959e+001
 2.51327412e-001 1.27477064e+001 3.19748292e-001 1.24279581e+001
 2.82743339e-001 7.70153953e+000 3.70155520e-001 7.33138401e+000
 3.14159265e-001 1.07935353e+000 4.23077568e-001 6.56275960e-001
 3.45575192e-001 -5.60942116e+000 4.78569719e-001 6.08799088e+000
 3.76991118e-001 -1.09731091e+001 5.36685605e-001 1.15097947e+001
 4.08407045e-001 -1.42322483e+001 5.97476992e-001 1.48297253e+001
 4.39822972e-001 -1.54652246e+001 6.60993554e-001 1.61262181e+001
 4.71238898e-001 -1.55012806e+001 7.27282634e-001 1.62285632e+001
 5.02654825e-001 -1.54972873e+001 7.96388999e-001 1.62936763e+001
 5.34070751e-001 -1.63653135e+001 8.68354578e-001 1.72336681e+001
 5.65486678e-001 -1.82866632e+001 9.43218198e-001 1.92298814e+001
 5.96902604e-001 -2.05247072e+001 1.02101530e+000 2.15457225e+001
 6.28318531e-001 -2.16386262e+001 1.10177764e+000 2.27404038e+001
 6.59734457e-001 -2.00426607e+001 1.18553302e+000 2.12281938e+001
 6.91150384e-001 -1.47105958e+001 1.27230491e+000 1.59829007e+001
 7.22566310e-001 -5.75089973e+000 1.36211218e+000 7.11301191e+000
 7.53982237e-001 5.39257751e+000 1.45496874e+000 3.93760876e+000
 7.85398163e-001 1.62316422e+001 1.55088320e+000 1.46807590e+001
 8.16814090e-001 2.39516717e+001 1.64985847e+000 2.23018133e+001
 8.48230016e-001 2.63223972e+001 1.75189144e+000 2.45705058e+001
 8.79645943e-001 2.24774424e+001 1.85697256e+000 2.06204699e+001
 9.11061870e-001 1.32667301e+001 1.96508546e+000 1.13016446e+001
 9.42477796e-001 1.02849364e+000 2.07620652e+000 1.04771288e+000
 9.73893723e-001 -1.11632472e+001 2.19030447e+000 1.33535517e+001
 1.00530965e+000 -2.05202621e+001 2.30733996e+000 2.28276020e+001
 1.03672558e+000 -2.54617425e+001 2.42726507e+000 2.78890075e+001
 1.06814150e+000 -2.60877772e+001 2.55002291e+000 2.86378001e+001
 1.09955743e+000 -2.40113186e+001 2.67554714e+000 2.66868657e+001
 1.13097336e+000 -2.15929772e+001 2.80376147e+000 2.43967387e+001
 1.16238928e+000 -2.08576371e+001 2.93457919e+000 2.37922163e+001
 1.19380521e+000 -2.25134827e+001 3.06790264e+000 2.55813854e+001
 1.22522113e+000 -2.54821825e+001 3.20362276e+000 2.86858052e+001
 1.25663706e+000 -2.71776018e+001 3.34161850e+000 3.05192203e+001
 1.28805299e+000 -2.44935252e+001 3.48175637e+000 2.79752816e+001
 1.31946891e+000 -1.51762038e+001 3.62388980e+000 1.88000936e+001
 1.35088484e+000 9.27128938e-001 3.76785871e+000 2.84072978e+000
 1.38230077e+000 2.12591757e+001 3.91348887e+000 1.73456868e+001
 1.41371669e+000 4.09094503e+001 4.06059136e+000 3.68488589e+001
 1.44513262e+000 5.39335891e+001 4.20896203e+000 4.97246271e+001
 1.47654855e+000 5.52712443e+001 4.35838090e+000 5.09128634e+001
 1.50796447e+000 4.26387170e+001 4.50861158e+000 3.81301054e+001
 1.53938040e+000 1.77167027e+001 4.65940072e+000 1.30573020e+001
 1.57079633e+000 -1.38608953e+001 4.81047738e+000 1.86713727e+001
 1.60221225e+000 -4.38320178e+001 4.96155248e+000 4.87935703e+001
 1.63362818e+000 -6.36091509e+001 5.11231819e+000 6.87214691e+001
 1.66504411e+000 -6.68566615e+001 5.26244735e+000 7.21191089e+001
 1.69646003e+000 -5.14945791e+001 5.41159287e+000 5.69061719e+001
 1.72787596e+000 -2.04245648e+001 5.55938719e+000 2.59839520e+001
 1.75929189e+000 1.93244875e+001 5.70544161e+000 1.36190459e+001
 1.79070781e+000 5.87999883e+001 5.84934583e+000 5.29506425e+001
 1.82212374e+000 8.99626891e+001 5.99066728e+000 8.39720218e+001
 1.85353967e+000 1.08182823e+002 6.12895062e+000 1.02053873e+002
 1.88495559e+000 1.13495611e+002 6.26371715e+000 1.07231894e+002
 1.91637152e+000 1.10120584e+002 6.39446431e+000 1.03726120e+002
 1.94778745e+000 1.04360901e+002 6.52066514e+000 9.78402361e+001
 1.97920337e+000 1.01612843e+002 6.64176775e+000 9.49710753e+001
 2.01061930e+000 1.03610336e+002 6.75719486e+000 9.68531412e+001
 2.04203522e+000 1.07043805e+002 6.86634331e+000 1.00177461e+002
 2.07345115e+000 1.04288290e+002 6.96858362e+000 9.73197062e+001
 2.10486708e+000 8.62592821e+001 7.06325955e+000 7.91960225e+001
 2.13628300e+000 4.66121605e+001 7.14968773e+000 3.94624727e+001
 2.16769893e+000 -1.41112386e+001 7.22715726e+000 2.13383958e+001
 2.19911486e+000 -8.59727983e+001 7.29492939e+000 9.32677277e+001
 2.23053078e+000 -1.50002084e+002 7.35223721e+000 1.57354321e+002
 2.26194671e+000 -1.81853752e+002 7.39828542e+000 1.89252037e+002
 2.29336264e+000 -1.58118973e+002 7.43225005e+000 1.65551223e+002
 2.32477856e+000 -6.36806606e+001 7.45327834e+000 7.11339390e+001
 2.35619449e+000 1.02051215e+002 7.46048854e+000 9.45907263e+001
 2.38761042e+000 3.22104871e+002 7.45296991e+000 3.14651901e+002
 2.41902634e+000 5.63443820e+002 7.42978262e+000 5.56014038e+002
 2.45044227e+000 7.83093570e+002 7.38995783e+000 7.75703612e+002
 2.48185820e+000 9.37627070e+002 7.33249776e+000 9.30294572e+002
 2.51327412e+000 9.93648958e+002 7.25637583e+000 9.86392582e+002
 2.54469005e+000 9.36461043e+002 7.16053693e+000 9.29300506e+002
 2.57610598e+000 7.74440543e+002 7.04389766e+000 7.67396646e+002
 2.60752190e+000 5.37753405e+002 6.90534676e+000 5.30848059e+002
 2.63893783e+000 2.71562369e+002 6.74374551e+000 2.64818623e+002
 2.67035376e+000 2.54309407e+001 6.55792832e+000 1.88730124e+001
 2.70176968e+000 -1.58287778e+002 6.34670335e+000 1.64634481e+002
 2.73318561e+000 -2.53986755e+002 6.10885319e+000 2.60095608e+002
 2.76460154e+000 -2.57760437e+002 5.84313575e+000 2.63603573e+002
 2.79601746e+000 -1.86583574e+002 5.54828513e+000 1.92131859e+002
 2.82743339e+000 -7.21627629e+001 5.22301271e+000 7.73857756e+001
 2.85884931e+000 4.85969305e+001 4.86600825e+000 4.37309223e+001
 2.89026524e+000 1.43671863e+002 4.47594118e+000 1.39195922e+002
 2.92168117e+000 1.93670589e+002 4.05146201e+000 1.89619127e+002
 2.95309709e+000 1.95199765e+002 3.59120382e+000 1.91608561e+002
 2.98451302e+000 1.59201292e+002 3.09378392e+000 1.56107508e+002
 3.01592895e+000 1.05175713e+002 2.55780566e+000 1.02617908e+002
 3.04734487e+000 5.34272686e+001 1.98186037e+000 5.14454082e+001
 3.07876080e+000 1.79742795e+001 1.36452942e+000 1.66097501e+001
 3.11017673e+000 2.41980733e+000 7.04386497e-001 1.71542084e+000
 3.14159265e+000 7.04227506e-013 2.83382392e-015 7.01393682e-013
