 0.00000000e+000 0.00000000e+000 0.00000000e+000 0.00000000e+000
 3.14159265e-002 -6.48112957e-003 3.24132214e-002 3.88943509e-002
 6.28318531e-002 1.13444039e-002 6.68623449e-002 5.55179410e-002
 9.42477796e-002 5.92251296e-002 1.03409224e-001 4.41840947e-002
 1.25663706e-001 1.20704079e-001 1.42115451e-001 2.14113723e-002
 1.57079633e-001 1.71205542e-001 1.83042214e-001 1.18366718e-002
 1.88495559e-001 1.98344847e-001 2.26250143e-001 2.79052963e-002
 2.19911486e-001 2.12015901e-001 2.71799158e-001 5.97832571e-002
 2.51327412e-001 2.36236432e-001 3.19748292e-001 8.35118602e-002
 2.82743339e-001 2.89588777e-001 3.70155520e-001 8.05667433e-002
 3.14159265e-001 3.70265684e-001 4.23077568e-001 5.28118839e-002
 3.45575192e-001 4.57808214e-001 4.78569719e-001 2.07615048e-002
 3.76991118e-001 5.29916189e-001 5.36685605e-001 6.76941588e-003
 4.08407045e-001 5.80472745e-001 5.97476992e-001 1.70042478e-002
 4.39822972e-001 6.24107774e-001 6.60993554e-001 3.68857807e-002
 4.71238898e-001 6.83775610e-001 7.27282634e-001 4.35070246e-002
 5.02654825e-001 7.71714213e-001 7.96388999e-001 2.46747862e-002
 5.34070751e-001 8.79416448e-001 8.68354578e-001 1.10618700e-002
 5.65486678e-001 9.84678548e-001 9.43218198e-001 4.14603499e-002
 5.96902604e-001 1.06973013e+000 1.02101530e+000 4.87148288e-002
 6.28318531e-001 1.13547191e+000 1.10177764e+000 3.36942650e-002
 6.59734457e-001 1.20023878e+000 1.18553302e+000 1.47057636e-002
 6.91150384e-001 1.28433828e+000 1.27230491e+000 1.20333728e-002
 7.22566310e-001 1.39325336e+000 1.36211218e+000 3.11411834e-002
 7.53982237e-001 1.51331095e+000 1.45496874e+000 5.83422109e-002
 7.85398163e-001 1.62318793e+000 1.55088320e+000 7.23047294e-002
 8.16814090e-001 1.71156347e+000 1.64985847e+000 6.17049993e-002
 8.48230016e-001 1.78630463e+000 1.75189144e+000 3.44131953e-002
 8.79645943e-001 1.86774149e+000 1.85697256e+000 1.07689275e-002
 9.11061870e-001 1.97179821e+000 1.96508546e+000 6.71274986e-003
 9.42477796e-001 2.09703554e+000 2.07620652e+000 2.08290144e-002
 9.73893723e-001 2.22624677e+000 2.19030447e+000 3.59422919e-002
 1.00530965e+000 2.34108691e+000 2.30733996e+000 3.37469516e-002
 1.03672558e+000 2.43745241e+000 2.42726507e+000 1.01873465e-002
 1.06814150e+000 2.52885450e+000 2.55002291e+000 2.11684084e-002
 1.09955743e+000 2.63512697e+000 2.67554714e+000 4.04201785e-002
 1.13097336e+000 2.76600488e+000 2.80376147e+000 3.77565931e-002
 1.16238928e+000 2.91326900e+000 2.93457919e+000 2.13101907e-002
 1.19380521e+000 3.05789378e+000 3.06790264e+000 1.00088571e-002
 1.22522113e+000 3.18609483e+000 3.20362276e+000 1.75279264e-002
 1.25663706e+000 3.30081603e+000 3.34161850e+000 4.08024769e-002
 1.28805299e+000 3.41911048e+000 3.48175637e+000 6.26458843e-002
 1.31946891e+000 3.55771102e+000 3.62388980e+000 6.61787857e-002
 1.35088484e+000 3.71893248e+000 3.76785871e+000 4.89262327e-002
 1.38230077e+000 3.88869528e+000 3.91348887e+000 2.47935946e-002
 1.41371669e+000 4.04825584e+000 4.06059136e+000 1.23355173e-002
 1.44513262e+000 4.18974762e+000 4.20896203e+000 1.92144051e-002
 1.47654855e+000 4.32248394e+000 4.35838090e+000 3.58969564e-002
 1.50796447e+000 4.46476450e+000 4.50861158e+000 4.38470856e-002
 1.53938040e+000 4.62810753e+000 4.65940072e+000 3.12931909e-002
 1.57079633e+000 4.80718178e+000 4.81047738e+000 3.29560385e-003
 1.60221225e+000 4.98391189e+000 4.96155248e+000 2.23594114e-002
 1.63362818e+000 5.14230825e+000 5.11231819e+000 2.99900597e-002
 1.66504411e+000 5.28153860e+000 5.26244735e+000 1.90912567e-002
 1.69646003e+000 5.41621482e+000 5.41159287e+000 4.62194512e-003
 1.72787596e+000 5.56361536e+000 5.55938719e+000 4.22817582e-003
 1.75929189e+000 5.72858739e+000 5.70544161e+000 2.31457762e-002
 1.79070781e+000 5.89888552e+000 5.84934583e+000 4.95396867e-002
 1.82212374e+000 6.05496185e+000 5.99066728e+000 6.42945690e-002
 1.85353967e+000 6.18602969e+000 6.12895062e+000 5.70790750e-002
 1.88495559e+000 6.29884672e+000 6.26371715e+000 3.51295766e-002
 1.91637152e+000 6.41170068e+000 6.39446431e+000 1.72363743e-002
 1.94778745e+000 6.53853820e+000 6.52066514e+000 1.78730607e-002
 1.97920337e+000 6.67659076e+000 6.64176775e+000 3.48230133e-002
 2.01061930e+000 6.80805670e+000 6.75719486e+000 5.08618369e-002
 2.04203522e+000 6.91461642e+000 6.86634331e+000 4.82731029e-002
 2.07345115e+000 6.99264073e+000 6.96858362e+000 2.40571122e-002
 2.10486708e+000 7.05615962e+000 7.06325955e+000 7.09993311e-003
 2.13628300e+000 7.12482903e+000 7.14968773e+000 2.48587028e-002
 2.16769893e+000 7.20683758e+000 7.22715726e+000 2.03196790e-002
 2.19911486e+000 7.29120691e+000 7.29492939e+000 3.72247040e-003
 2.23053078e+000 7.35626602e+000 7.35223721e+000 4.02880656e-003
 2.26194671e+000 7.38746925e+000 7.39828542e+000 1.08161671e-002
 2.29336264e+000 7.38959588e+000 7.43225005e+000 4.26541718e-002
 2.32477856e+000 7.38275222e+000 7.45327834e+000 7.05261199e-002
 2.35619449e+000 7.38509820e+000 7.46048854e+000 7.53903426e-002
 2.38761042e+000 7.39662432e+000 7.45296991e+000 5.63455879e-002
 2.41902634e+000 7.39786896e+000 7.42978262e+000 3.19136641e-002
 2.45044227e+000 7.36520009e+000 7.38995783e+000 2.47577477e-002
 2.48185820e+000 7.29022258e+000 7.33249776e+000 4.22751789e-002
 2.51327412e+000 7.18688714e+000 7.25637583e+000 6.94886997e-002
 2.54469005e+000 7.07970686e+000 7.16053693e+000 8.08300674e-002
 2.57610598e+000 6.98230923e+000 7.04389766e+000 6.15884366e-002
 2.60752190e+000 6.88418750e+000 6.90534676e+000 2.11592510e-002
 2.63893783e+000 6.75736146e+000 6.74374551e+000 1.36159500e-002
 2.67035376e+000 6.57829071e+000 6.55792832e+000 2.03623848e-002
 2.70176968e+000 6.34718805e+000 6.34670335e+000 4.84702235e-004
 2.73318561e+000 6.08813855e+000 6.10885319e+000 2.07146380e-002
 2.76460154e+000 5.82877632e+000 5.84313575e+000 1.43594246e-002
 2.79601746e+000 5.57549493e+000 5.54828513e+000 2.72098034e-002
 2.82743339e+000 5.30490830e+000 5.22301271e+000 8.18955880e-002
 2.85884931e+000 4.97990261e+000 4.86600825e+000 1.13894366e-001
 2.89026524e+000 4.57852025e+000 4.47594118e+000 1.02579070e-001
 2.92168117e+000 4.11237870e+000 4.05146201e+000 6.09166893e-002
 2.95309709e+000 3.61840520e+000 3.59120382e+000 2.72013794e-002
 2.98451302e+000 3.12862113e+000 3.09378392e+000 3.48372106e-002
 3.01592895e+000 2.64119873e+000 2.55780566e+000 8.33930679e-002
 3.04734487e+000 2.11686269e+000 1.98186037e+000 1.35002319e-001
 3.07876080e+000 1.50623761e+000 1.36452942e+000 1.41708194e-001
 3.11017673e+000 7.89658209e-001 7.04386497e-001 8.52717117e-002
 3.14159265e+000 1.60564217e-015 2.83382392e-015 1.22818176e-015
