 0.00000000e+000 0.00000000e+000 0.00000000e+000 0.00000000e+000
 3.14159265e-002 3.37748643e-002 3.24132214e-002 1.36164292e-003
 6.28318531e-002 6.81714367e-002 6.68623449e-002 1.30909182e-003
 9.42477796e-002 1.03865421e-001 1.03409224e-001 4.56196571e-004
 1.25663706e-001 1.41560553e-001 1.42115451e-001 5.54898814e-004
 1.57079633e-001 1.81863189e-001 1.83042214e-001 1.17902406e-003
 1.88495559e-001 2.25118337e-001 2.26250143e-001 1.13180587e-003
 2.19911486e-001 2.71313158e-001 2.71799158e-001 4.85999878e-004
 2.51327412e-001 3.20130029e-001 3.19748292e-001 3.81736470e-004
 2.82743339e-001 3.71148208e-001 3.70155520e-001 9.92687534e-004
 3.14159265e-001 4.24100550e-001 4.23077568e-001 1.02298201e-003
 3.45575192e-001 4.79048283e-001 4.78569719e-001 4.78564232e-004
 3.76991118e-001 5.36373772e-001 5.36685605e-001 3.11833199e-004
 4.08407045e-001 5.96591084e-001 5.97476992e-001 8.85908724e-004
 4.39822972e-001 6.60079633e-001 6.60993554e-001 9.13921149e-004
 4.71238898e-001 7.26893744e-001 7.27282634e-001 3.88890585e-004
 5.02654825e-001 7.96759702e-001 7.96388999e-001 3.70703640e-004
 5.34070751e-001 8.69263558e-001 8.68354578e-001 9.08979884e-004
 5.65486678e-001 9.44120421e-001 9.43218198e-001 9.02223620e-004
 5.96902604e-001 1.02136645e+000 1.02101530e+000 3.51155519e-004
 6.28318531e-001 1.10135893e+000 1.10177764e+000 4.18709508e-004
 6.59734457e-001 1.18458295e+000 1.18553302e+000 9.50070339e-004
 6.91150384e-001 1.27137862e+000 1.27230491e+000 9.26283133e-004
 7.22566310e-001 1.36175134e+000 1.36211218e+000 3.60837916e-004
 7.53982237e-001 1.45537886e+000 1.45496874e+000 4.10115028e-004
 7.85398163e-001 1.55181199e+000 1.55088320e+000 9.28788882e-004
 8.16814090e-001 1.65074892e+000 1.64985847e+000 8.90454731e-004
 8.48230016e-001 1.75221804e+000 1.75189144e+000 3.26602917e-004
 8.79645943e-001 1.85655795e+000 1.85697256e+000 4.14611809e-004
 9.11061870e-001 1.96420548e+000 1.96508546e+000 8.79982394e-004
 9.42477796e-001 2.07541892e+000 2.07620652e+000 7.87605689e-004
 9.73893723e-001 2.19010442e+000 2.19030447e+000 2.00055569e-004
 1.00530965e+000 2.30785240e+000 2.30733996e+000 5.12448330e-004
 1.03672558e+000 2.42816372e+000 2.42726507e+000 8.98651694e-004
 1.06814150e+000 2.55072882e+000 2.55002291e+000 7.05912794e-004
 1.09955743e+000 2.67558859e+000 2.67554714e+000 4.14486661e-005
 1.13097336e+000 2.80307496e+000 2.80376147e+000 6.86510692e-004
 1.16238928e+000 2.93356328e+000 2.93457919e+000 1.01590758e-003
 1.19380521e+000 3.06718469e+000 3.06790264e+000 7.17948694e-004
 1.22522113e+000 3.20367514e+000 3.20362276e+000 5.23862948e-005
 1.25663706e+000 3.34245766e+000 3.34161850e+000 8.39159418e-004
 1.28805299e+000 3.48291353e+000 3.48175637e+000 1.15716608e-003
 1.31946891e+000 3.62468033e+000 3.62388980e+000 7.90528716e-004
 1.35088484e+000 3.76779377e+000 3.76785871e+000 6.49457787e-005
 1.38230077e+000 3.91258084e+000 3.91348887e+000 9.08031912e-004
 1.41371669e+000 4.05936207e+000 4.06059136e+000 1.22928961e-003
 1.44513262e+000 4.20813953e+000 4.20896203e+000 8.22497868e-004
 1.47654855e+000 4.35846137e+000 4.35838090e+000 8.04701215e-005
 1.50796447e+000 4.50955110e+000 4.50861158e+000 9.39515436e-004
 1.53938040e+000 4.66062994e+000 4.65940072e+000 1.22922403e-003
 1.57079633e+000 4.81123964e+000 4.81047738e+000 7.62257290e-004
 1.60221225e+000 4.96136670e+000 4.96155248e+000 1.85777176e-004
 1.63362818e+000 5.11128488e+000 5.11231819e+000 1.03331441e-003
 1.66504411e+000 5.26120314e+000 5.26244735e+000 1.24420599e-003
 1.69646003e+000 5.41092979e+000 5.41159287e+000 6.63079672e-004
 1.72787596e+000 5.55976067e+000 5.55938719e+000 3.73483752e-004
 1.75929189e+000 5.70666912e+000 5.70544161e+000 1.22750752e-003
 1.79070781e+000 5.85069177e+000 5.84934583e+000 1.34593627e-003
 1.82212374e+000 5.99127847e+000 5.99066728e+000 6.11192858e-004
 1.85353967e+000 6.12838718e+000 6.12895062e+000 5.63431778e-004
 1.88495559e+000 6.26225234e+000 6.26371715e+000 1.46481112e-003
 1.91637152e+000 6.39295450e+000 6.39446431e+000 1.50980677e-003
 1.94778745e+000 6.52004827e+000 6.52066514e+000 6.16869895e-004
 1.97920337e+000 6.64248223e+000 6.64176775e+000 7.14481011e-004
 2.01061930e+000 6.75887630e+000 6.75719486e+000 1.68143817e-003
 2.04203522e+000 6.86800363e+000 6.86634331e+000 1.66031871e-003
 2.07345115e+000 6.96918948e+000 6.96858362e+000 6.05857579e-004
 2.10486708e+000 7.06237427e+000 7.06325955e+000 8.85283470e-004
 2.13628300e+000 7.14778133e+000 7.14968773e+000 1.90639971e-003
 2.16769893e+000 7.22537073e+000 7.22715726e+000 1.78652454e-003
 2.19911486e+000 7.29440437e+000 7.29492939e+000 5.25015925e-004
 2.23053078e+000 7.35339929e+000 7.35223721e+000 1.16207420e-003
 2.26194671e+000 7.40052431e+000 7.39828542e+000 2.23888922e-003
 2.29336264e+000 7.43422453e+000 7.43225005e+000 1.97447348e-003
 2.32477856e+000 7.45370221e+000 7.45327834e+000 4.23873158e-004
 2.35619449e+000 7.45894477e+000 7.46048854e+000 1.54376947e-003
 2.38761042e+000 7.45024746e+000 7.45296991e+000 2.72244811e-003
 2.41902634e+000 7.42748686e+000 7.42978262e+000 2.29576095e-003
 2.45044227e+000 7.38957576e+000 7.38995783e+000 3.82072399e-004
 2.48185820e+000 7.33445332e+000 7.33249776e+000 1.95555887e-003
 2.51327412e+000 7.25966383e+000 7.25637583e+000 3.28799664e-003
 2.54469005e+000 7.16321839e+000 7.16053693e+000 2.68145867e-003
 2.57610598e+000 7.04423072e+000 7.04389766e+000 3.33053823e-004
 2.60752190e+000 6.90290924e+000 6.90534676e+000 2.43751380e-003
 2.63893783e+000 6.73984360e+000 6.74374551e+000 3.90191104e-003
 2.67035376e+000 6.55495363e+000 6.55792832e+000 2.97469752e-003
 2.70176968e+000 6.34671889e+000 6.34670335e+000 1.55437627e-005
 2.73318561e+000 6.11220599e+000 6.10885319e+000 3.35280419e-003
 2.76460154e+000 5.84798249e+000 5.84313575e+000 4.84674588e-003
 2.79601746e+000 5.55147019e+000 5.54828513e+000 3.18505557e-003
 2.82743339e+000 5.22195540e+000 5.22301271e+000 1.05730394e-003
 2.85884931e+000 4.86056468e+000 4.86600825e+000 5.44356191e-003
 2.89026524e+000 4.46903375e+000 4.47594118e+000 6.90742792e-003
 2.92168117e+000 4.04780245e+000 4.05146201e+000 3.65956090e-003
 2.95309709e+000 3.59448098e+000 3.59120382e+000 3.27716099e-003
 2.98451302e+000 3.10374012e+000 3.09378392e+000 9.95620378e-003
 3.01592895e+000 2.56910885e+000 2.55780566e+000 1.13031938e-002
 3.04734487e+000 1.98624918e+000 1.98186037e+000 4.38881279e-003
 3.07876080e+000 1.35645680e+000 1.36452942e+000 8.07261968e-003
 3.11017673e+000 6.88834645e-001 7.04386497e-001 1.55518521e-002
 3.14159265e+000 3.30333946e-015 2.83382392e-015 4.69515536e-016
