 0.00000000e+000 0.00000000e+000 0.00000000e+000 0.00000000e+000
 3.14159265e-002 3.45735886e-002 3.24132214e-002 2.16036722e-003
 6.28318531e-002 6.93919897e-002 6.68623449e-002 2.52964479e-003
 9.42477796e-002 1.04964466e-001 1.03409224e-001 1.55524178e-003
 1.25663706e-001 1.42122479e-001 1.42115451e-001 7.02813638e-006
 1.57079633e-001 1.81802730e-001 1.83042214e-001 1.23948306e-003
 1.88495559e-001 2.24675847e-001 2.26250143e-001 1.57429619e-003
 2.19911486e-001 2.70857013e-001 2.71799158e-001 9.42145337e-004
 2.51327412e-001 3.19900305e-001 3.19748292e-001 1.52013057e-004
 2.82743339e-001 3.71109956e-001 3.70155520e-001 9.54436114e-004
 3.14159265e-001 4.24001707e-001 4.23077568e-001 9.24138388e-004
 3.45575192e-001 4.78642129e-001 4.78569719e-001 7.24096466e-005
 3.76991118e-001 5.35654183e-001 5.36685605e-001 1.03142220e-003
 4.08407045e-001 5.95872975e-001 5.97476992e-001 1.60401739e-003
 4.39822972e-001 6.59850533e-001 6.60993554e-001 1.14302156e-003
 4.71238898e-001 7.27510009e-001 7.27282634e-001 2.27374489e-004
 5.02654825e-001 7.98170803e-001 7.96388999e-001 1.78180406e-003
 5.34070751e-001 8.70948178e-001 8.68354578e-001 2.59359987e-003
 5.65486678e-001 9.45302234e-001 9.43218198e-001 2.08403581e-003
 5.96902604e-001 1.02141062e+000 1.02101530e+000 3.95318319e-004
 6.28318531e-001 1.10013247e+000 1.10177764e+000 1.64517446e-003
 6.59734457e-001 1.18256762e+000 1.18553302e+000 2.96539423e-003
 6.91150384e-001 1.26945657e+000 1.27230491e+000 2.84833293e-003
 7.22566310e-001 1.36076824e+000 1.36211218e+000 1.34393505e-003
 7.53982237e-001 1.45571972e+000 1.45496874e+000 7.50978398e-004
 7.85398163e-001 1.55322216e+000 1.55088320e+000 2.33895991e-003
 8.16814090e-001 1.65249640e+000 1.64985847e+000 2.63792843e-003
 8.48230016e-001 1.75350025e+000 1.75189144e+000 1.60881213e-003
 8.79645943e-001 1.85691928e+000 1.85697256e+000 5.32851001e-005
 9.11061870e-001 1.96373120e+000 1.96508546e+000 1.35426093e-003
 9.42477796e-001 2.07460749e+000 2.07620652e+000 1.59902934e-003
 9.73893723e-001 2.18951198e+000 2.19030447e+000 7.92494177e-004
 1.00530965e+000 2.30773638e+000 2.30733996e+000 3.96422154e-004
 1.03672558e+000 2.42834690e+000 2.42726507e+000 1.08183254e-003
 1.06814150e+000 2.55076420e+000 2.55002291e+000 7.41287999e-004
 1.09955743e+000 2.67511442e+000 2.67554714e+000 4.32723325e-004
 1.13097336e+000 2.80212592e+000 2.80376147e+000 1.63555752e-003
 1.16238928e+000 2.93262468e+000 2.93457919e+000 1.95451106e-003
 1.19380521e+000 3.06693338e+000 3.06790264e+000 9.69264194e-004
 1.22522113e+000 3.20454940e+000 3.20362276e+000 9.26643031e-004
 1.25663706e+000 3.34431786e+000 3.34161850e+000 2.69935376e-003
 1.28805299e+000 3.48501791e+000 3.48175637e+000 3.26154602e-003
 1.31946891e+000 3.62602253e+000 3.62388980e+000 2.13272693e-003
 1.35088484e+000 3.76763220e+000 3.76785871e+000 2.26513113e-004
 1.38230077e+000 3.91086465e+000 3.91348887e+000 2.62421631e-003
 1.41371669e+000 4.05680273e+000 4.06059136e+000 3.78863560e-003
 1.44513262e+000 4.20587137e+000 4.20896203e+000 3.09066148e-003
 1.47654855e+000 4.35746859e+000 4.35838090e+000 9.12309855e-004
 1.50796447e+000 4.51017533e+000 4.50861158e+000 1.56374578e-003
 1.53938040e+000 4.66242973e+000 4.65940072e+000 3.02901546e-003
 1.57079633e+000 4.81327282e+000 4.81047738e+000 2.79544355e-003
 1.60221225e+000 4.96272449e+000 4.96155248e+000 1.17201394e-003
 1.63362818e+000 5.11156509e+000 5.11231819e+000 7.53097973e-004
 1.66504411e+000 5.26065330e+000 5.26244735e+000 1.79404492e-003
 1.69646003e+000 5.41019367e+000 5.41159287e+000 1.39920043e-003
 1.72787596e+000 5.55940320e+000 5.55938719e+000 1.60110622e-005
 1.75929189e+000 5.70678824e+000 5.70544161e+000 1.34662091e-003
 1.79070781e+000 5.85086915e+000 5.84934583e+000 1.52331777e-003
 1.82212374e+000 5.99090587e+000 5.99066728e+000 2.38586763e-004
 1.85353967e+000 6.12716108e+000 6.12895062e+000 1.78953274e-003
 1.88495559e+000 6.26050858e+000 6.26371715e+000 3.20856166e-003
 1.91637152e+000 6.39159668e+000 6.39446431e+000 2.86763052e-003
 1.94778745e+000 6.52006786e+000 6.52066514e+000 5.97276870e-004
 1.97920337e+000 6.64433119e+000 6.64176775e+000 2.56344212e-003
 2.01061930e+000 6.76207151e+000 6.75719486e+000 4.87665372e-003
 2.04203522e+000 6.87123605e+000 6.86634331e+000 4.89273482e-003
 2.07345115e+000 6.97092900e+000 6.96858362e+000 2.34537394e-003
 2.10486708e+000 7.06166497e+000 7.06325955e+000 1.59458666e-003
 2.13628300e+000 7.14478737e+000 7.14968773e+000 4.90036628e-003
 2.16769893e+000 7.22135027e+000 7.22715726e+000 5.80698878e-003
 2.19911486e+000 7.29110050e+000 7.29492939e+000 3.82888558e-003
 2.23053078e+000 7.35216808e+000 7.35223721e+000 6.91343490e-005
 2.26194671e+000 7.40167711e+000 7.39828542e+000 3.39168796e-003
 2.29336264e+000 7.43694624e+000 7.43225005e+000 4.69618780e-003
 2.32477856e+000 7.45657917e+000 7.45327834e+000 3.30083005e-003
 2.35619449e+000 7.46078289e+000 7.46048854e+000 2.94353096e-004
 2.38761042e+000 7.45069296e+000 7.45296991e+000 2.27694942e-003
 2.41902634e+000 7.42708325e+000 7.42978262e+000 2.69936509e-003
 2.45044227e+000 7.38923797e+000 7.38995783e+000 7.19858460e-004
 2.48185820e+000 7.33470790e+000 7.33249776e+000 2.21013556e-003
 2.51327412e+000 7.26016795e+000 7.25637583e+000 3.79211859e-003
 2.54469005e+000 7.16291653e+000 7.16053693e+000 2.37960076e-003
 2.57610598e+000 7.04211214e+000 7.04389766e+000 1.78552144e-003
 2.60752190e+000 6.89892145e+000 6.90534676e+000 6.42530087e-003
 2.63893783e+000 6.73535079e+000 6.74374551e+000 8.39472024e-003
 2.67035376e+000 6.55233231e+000 6.55792832e+000 5.59601107e-003
 2.70176968e+000 6.34816921e+000 6.34670335e+000 1.46586157e-003
 2.73318561e+000 6.11836103e+000 6.10885319e+000 9.50783743e-003
 2.76460154e+000 5.85711822e+000 5.84313575e+000 1.39824722e-002
 2.79601746e+000 5.55989193e+000 5.54828513e+000 1.16067968e-002
 2.82743339e+000 5.22554525e+000 5.22301271e+000 2.53253918e-003
 2.85884931e+000 4.85681837e+000 4.86600825e+000 9.18988036e-003
 2.89026524e+000 4.45855924e+000 4.47594118e+000 1.73819381e-002
 2.92168117e+000 4.03442324e+000 4.05146201e+000 1.70387731e-002
 2.95309709e+000 3.58373807e+000 3.59120382e+000 7.46575199e-003
 2.98451302e+000 3.10040429e+000 3.09378392e+000 6.62037429e-003
 3.01592895e+000 2.57487365e+000 2.55780566e+000 1.70679865e-002
 3.04734487e+000 1.99876283e+000 1.98186037e+000 1.69024641e-002
 3.07876080e+000 1.37024288e+000 1.36452942e+000 5.71346033e-003
 3.11017673e+000 6.97733883e-001 7.04386497e-001 6.65261407e-003
 3.14159265e+000 1.61264700e-015 2.83382392e-015 1.22117693e-015
