 0.00000000e+000 0.00000000e+000 0.00000000e+000 0.00000000e+000
 3.14159265e-002 -2.39883193e-002 3.24132214e-002 5.64015407e-002
 6.28318531e-002 -1.74779427e-001 6.68623449e-002 2.41641772e-001
 9.42477796e-002 -5.02288912e-001 1.03409224e-001 6.05698136e-001
 1.25663706e-001 -9.39552511e-001 1.42115451e-001 1.08166796e+000
 1.57079633e-001 -1.32049159e+000 1.83042214e-001 1.50353380e+000
 1.88495559e-001 -1.45086735e+000 2.26250143e-001 1.67711749e+000
 2.19911486e-001 -1.20360743e+000 2.71799158e-001 1.47540659e+000
 2.51327412e-001 -5.96895453e-001 3.19748292e-001 9.16643745e-001
 2.82743339e-001 1.82166672e-001 3.70155520e-001 1.87988849e-001
 3.14159265e-001 8.25054500e-001 4.23077568e-001 4.01976932e-001
 3.45575192e-001 1.00848298e+000 4.78569719e-001 5.29913264e-001
 3.76991118e-001 5.22653054e-001 5.36685605e-001 1.40325511e-002
 4.08407045e-001 -6.28421199e-001 5.97476992e-001 1.22589819e+000
 4.39822972e-001 -2.19682914e+000 6.60993554e-001 2.85782270e+000
 4.71238898e-001 -3.74892841e+000 7.27282634e-001 4.47621105e+000
 5.02654825e-001 -4.79709152e+000 7.96388999e-001 5.59348052e+000
 5.34070751e-001 -4.96169446e+000 8.68354578e-001 5.83004904e+000
 5.65486678e-001 -4.10651139e+000 9.43218198e-001 5.04972958e+000
 5.96902604e-001 -2.39800466e+000 1.02101530e+000 3.41901995e+000
 6.28318531e-001 -2.64956546e-001 1.10177764e+000 1.36673419e+000
 6.59734457e-001 1.72985183e+000 1.18553302e+000 5.44318812e-001
 6.91150384e-001 3.06266326e+000 1.27230491e+000 1.79035835e+000
 7.22566310e-001 3.40716853e+000 1.36211218e+000 2.04505635e+000
 7.53982237e-001 2.72453243e+000 1.45496874e+000 1.26956368e+000
 7.85398163e-001 1.25625227e+000 1.55088320e+000 2.94630926e-001
 8.16814090e-001 -5.73724756e-001 1.64985847e+000 2.22358322e+000
 8.48230016e-001 -2.30900560e+000 1.75189144e+000 4.06089704e+000
 8.79645943e-001 -3.60702752e+000 1.85697256e+000 5.46400009e+000
 9.11061870e-001 -4.32970132e+000 1.96508546e+000 6.29478678e+000
 9.42477796e-001 -4.54974100e+000 2.07620652e+000 6.62594752e+000
 9.73893723e-001 -4.47728365e+000 2.19030447e+000 6.66758812e+000
 1.00530965e+000 -4.34178414e+000 2.30733996e+000 6.64912409e+000
 1.03672558e+000 -4.27997249e+000 2.42726507e+000 6.70723755e+000
 1.06814150e+000 -4.27601223e+000 2.55002291e+000 6.82603514e+000
 1.09955743e+000 -4.17707626e+000 2.67554714e+000 6.85262340e+000
 1.13097336e+000 -3.77570808e+000 2.80376147e+000 6.57946956e+000
 1.16238928e+000 -2.92237856e+000 2.93457919e+000 5.85695774e+000
 1.19380521e+000 -1.61881735e+000 3.06790264e+000 4.68671998e+000
 1.22522113e+000 -5.01963147e-002 3.20362276e+000 3.25381907e+000
 1.25663706e+000 1.46084885e+000 3.34161850e+000 1.88076965e+000
 1.28805299e+000 2.56298869e+000 3.48175637e+000 9.18767677e-001
 1.31946891e+000 3.00559153e+000 3.62388980e+000 6.18298275e-001
 1.35088484e+000 2.73636172e+000 3.76785871e+000 1.03149700e+000
 1.38230077e+000 1.92577565e+000 3.91348887e+000 1.98771322e+000
 1.41371669e+000 9.05061070e-001 4.06059136e+000 3.15553029e+000
 1.44513262e+000 3.90410056e-002 4.20896203e+000 4.16992102e+000
 1.47654855e+000 -4.17601456e-001 4.35838090e+000 4.77598235e+000
 1.50796447e+000 -4.23356397e-001 4.50861158e+000 4.93196798e+000
 1.53938040e+000 -1.68833465e-001 4.65940072e+000 4.82823418e+000
 1.57079633e+000 2.29908424e-013 4.81047738e+000 4.81047738e+000
 1.60221225e+000 -2.71738538e-001 4.96155248e+000 5.23329102e+000
 1.63362818e+000 -1.18660780e+000 5.11231819e+000 6.29892599e+000
 1.66504411e+000 -2.68208188e+000 5.26244735e+000 7.94452923e+000
 1.69646003e+000 -4.41346914e+000 5.41159287e+000 9.82506201e+000
 1.72787596e+000 -5.84463671e+000 5.55938719e+000 1.14040239e+001
 1.75929189e+000 -6.41764285e+000 5.70544161e+000 1.21230845e+001
 1.79070781e+000 -5.74116930e+000 5.84934583e+000 1.15905151e+001
 1.82212374e+000 -3.72865162e+000 5.99066728e+000 9.71931890e+000
 1.85353967e+000 -6.34341994e-001 6.12895062e+000 6.76329261e+000
 1.88495559e+000 3.02680012e+000 6.26371715e+000 3.23691702e+000
 1.91637152e+000 6.64558887e+000 6.39446431e+000 2.51124555e-001
 1.94778745e+000 9.70842663e+000 6.52066514e+000 3.18776150e+000
 1.97920337e+000 1.19380976e+001 6.64176775e+000 5.29632985e+000
 2.01061930e+000 1.33321146e+001 6.75719486e+000 6.57491977e+000
 2.04203522e+000 1.40858026e+001 6.86634331e+000 7.21945932e+000
 2.07345115e+000 1.44343093e+001 6.96858362e+000 7.46572567e+000
 2.10486708e+000 1.44827741e+001 7.06325955e+000 7.41951453e+000
 2.13628300e+000 1.41025027e+001 7.14968773e+000 6.95281493e+000
 2.16769893e+000 1.29483938e+001 7.22715726e+000 5.72123656e+000
 2.19911486e+000 1.06061710e+001 7.29492939e+000 3.31124159e+000
 2.23053078e+000 6.82399964e+000 7.35223721e+000 5.28237572e-001
 2.26194671e+000 1.74236624e+000 7.39828542e+000 5.65591919e+000
 2.29336264e+000 -3.97471554e+000 7.43225005e+000 1.14069656e+001
 2.32477856e+000 -9.17872298e+000 7.45327834e+000 1.66320013e+001
 2.35619449e+000 -1.24627174e+001 7.46048854e+000 1.99232060e+001
 2.38761042e+000 -1.25254037e+001 7.45296991e+000 1.99783736e+001
 2.41902634e+000 -8.56993817e+000 7.42978262e+000 1.59997208e+001
 2.45044227e+000 -6.11966146e-001 7.38995783e+000 8.00192398e+000
 2.48185820e+000 1.04096079e+001 7.33249776e+000 3.07711012e+000
 2.51327412e+000 2.27698747e+001 7.25637583e+000 1.55134989e+001
 2.54469005e+000 3.43189930e+001 7.16053693e+000 2.71584560e+001
 2.57610598e+000 4.29731596e+001 7.04389766e+000 3.59292619e+001
 2.60752190e+000 4.72001709e+001 6.90534676e+000 4.02948241e+001
 2.63893783e+000 4.63649158e+001 6.74374551e+000 3.96211703e+001
 2.67035376e+000 4.08424685e+001 6.55792832e+000 3.42845401e+001
 2.70176968e+000 3.18762684e+001 6.34670335e+000 2.55295651e+001
 2.73318561e+000 2.12332114e+001 6.10885319e+000 1.51243583e+001
 2.76460154e+000 1.07625274e+001 5.84313575e+000 4.91939169e+000
 2.79601746e+000 1.98459828e+000 5.54828513e+000 3.56368685e+000
 2.82743339e+000 -4.18455394e+000 5.22301271e+000 9.40756665e+000
 2.85884931e+000 -7.51805425e+000 4.86600825e+000 1.23840625e+001
 2.89026524e+000 -8.37927874e+000 4.47594118e+000 1.28552199e+001
 2.92168117e+000 -7.49863726e+000 4.05146201e+000 1.15500993e+001
 2.95309709e+000 -5.71191243e+000 3.59120382e+000 9.30311624e+000
 2.98451302e+000 -3.74110905e+000 3.09378392e+000 6.83489297e+000
 3.01592895e+000 -2.06833960e+000 2.55780566e+000 4.62614526e+000
 3.04734487e+000 -9.11705861e-001 1.98186037e+000 2.89356623e+000
 3.07876080e+000 -2.76190781e-001 1.36452942e+000 1.64072020e+000
 3.11017673e+000 -3.48479332e-002 7.04386497e-001 7.39234430e-001
 3.14159265e+000 -6.30108829e-014 2.83382392e-015 6.58447068e-014
