 0.00000000e+000 0.00000000e+000 0.00000000e+000 0.00000000e+000
 3.14159265e-002 1.75588796e-002 3.24132214e-002 1.48543417e-002
 6.28318531e-002 2.89715242e-001 6.68623449e-002 2.22852897e-001
 9.42477796e-002 9.94640670e-001 1.03409224e-001 8.91231445e-001
 1.25663706e-001 2.17623370e+000 1.42115451e-001 2.03411825e+000
 1.57079633e-001 3.71916573e+000 1.83042214e-001 3.53612351e+000
 1.88495559e-001 5.36356562e+000 2.26250143e-001 5.13731547e+000
 2.19911486e-001 6.75692177e+000 2.71799158e-001 6.48512261e+000
 2.51327412e-001 7.53208552e+000 3.19748292e-001 7.21233723e+000
 2.82743339e-001 7.39400751e+000 3.70155520e-001 7.02385199e+000
 3.14159265e-001 6.19545947e+000 4.23077568e-001 5.77238190e+000
 3.45575192e-001 3.98405414e+000 4.78569719e-001 3.50548442e+000
 3.76991118e-001 1.00894997e+000 5.36685605e-001 4.72264370e-001
 4.08407045e-001 -2.31561175e+000 5.97476992e-001 2.91308874e+000
 4.39822972e-001 -5.48327855e+000 6.60993554e-001 6.14427210e+000
 4.71238898e-001 -7.99025986e+000 7.27282634e-001 8.71754249e+000
 5.02654825e-001 -9.43193199e+000 7.96388999e-001 1.02283210e+001
 5.34070751e-001 -9.58095127e+000 8.68354578e-001 1.04493058e+001
 5.65486678e-001 -8.43027682e+000 9.43218198e-001 9.37349501e+000
 5.96902604e-001 -6.19198518e+000 1.02101530e+000 7.21300048e+000
 6.28318531e-001 -3.25225822e+000 1.10177764e+000 4.35403586e+000
 6.59734457e-001 -9.23514619e-002 1.18553302e+000 1.27788448e+000
 6.91150384e-001 2.80737589e+000 1.27230491e+000 1.53507098e+000
 7.22566310e-001 5.05977531e+000 1.36211218e+000 3.69766313e+000
 7.53982237e-001 6.43999545e+000 1.45496874e+000 4.98502671e+000
 7.85398163e-001 6.91709487e+000 1.55088320e+000 5.36621167e+000
 8.16814090e-001 6.64237738e+000 1.64985847e+000 4.99251891e+000
 8.48230016e-001 5.89831986e+000 1.75189144e+000 4.14642842e+000
 8.79645943e-001 5.02070776e+000 1.85697256e+000 3.16373520e+000
 9.11061870e-001 4.31245458e+000 1.96508546e+000 2.34736912e+000
 9.42477796e-001 3.96924620e+000 2.07620652e+000 1.89303967e+000
 9.73893723e-001 4.03424367e+000 2.19030447e+000 1.84393920e+000
 1.00530965e+000 4.39225292e+000 2.30733996e+000 2.08491297e+000
 1.03672558e+000 4.80456033e+000 2.42726507e+000 2.37729527e+000
 1.06814150e+000 4.97612247e+000 2.55002291e+000 2.42609956e+000
 1.09955743e+000 4.63914423e+000 2.67554714e+000 1.96359708e+000
 1.13097336e+000 3.63303857e+000 2.80376147e+000 8.29277095e-001
 1.16238928e+000 1.96128444e+000 2.93457919e+000 9.73294742e-001
 1.19380521e+000 -1.89284542e-001 3.06790264e+000 3.25718718e+000
 1.22522113e+000 -2.47280685e+000 3.20362276e+000 5.67642960e+000
 1.25663706e+000 -4.44842466e+000 3.34161850e+000 7.79004316e+000
 1.28805299e+000 -5.67085619e+000 3.48175637e+000 9.15261256e+000
 1.31946891e+000 -5.78790091e+000 3.62388980e+000 9.41179072e+000
 1.35088484e+000 -4.62313978e+000 3.76785871e+000 8.39099850e+000
 1.38230077e+000 -2.22482672e+000 3.91348887e+000 6.13831559e+000
 1.41371669e+000 1.13096735e+000 4.06059136e+000 2.92962401e+000
 1.44513262e+000 4.98501625e+000 4.20896203e+000 7.76054219e-001
 1.47654855e+000 8.77893710e+000 4.35838090e+000 4.42055620e+000
 1.50796447e+000 1.19612290e+001 4.50861158e+000 7.45261741e+000
 1.53938040e+000 1.40929274e+001 4.65940072e+000 9.43352672e+000
 1.57079633e+000 1.49302260e+001 4.81047738e+000 1.01197486e+001
 1.60221225e+000 1.44662197e+001 4.96155248e+000 9.50466725e+000
 1.63362818e+000 1.29227584e+001 5.11231819e+000 7.81044024e+000
 1.66504411e+000 1.06943468e+001 5.26244735e+000 5.43189943e+000
 1.69646003e+000 8.25667681e+000 5.41159287e+000 2.84508393e+000
 1.72787596e+000 6.06033746e+000 5.55938719e+000 5.00950279e-001
 1.75929189e+000 4.43369022e+000 5.70544161e+000 1.27175139e+000
 1.79070781e+000 3.51698384e+000 5.84934583e+000 2.33236199e+000
 1.82212374e+000 3.24284358e+000 5.99066728e+000 2.74782370e+000
 1.85353967e+000 3.36778172e+000 6.12895062e+000 2.76116889e+000
 1.88495559e+000 3.54763199e+000 6.26371715e+000 2.71608516e+000
 1.91637152e+000 3.43943445e+000 6.39446431e+000 2.95502986e+000
 1.94778745e+000 2.80566474e+000 6.52066514e+000 3.71500040e+000
 1.97920337e+000 1.59540477e+000 6.64176775e+000 5.04636298e+000
 2.01061930e+000 -1.84697083e-002 6.75719486e+000 6.77566457e+000
 2.04203522e+000 -1.65759578e+000 6.86634331e+000 8.52393910e+000
 2.07345115e+000 -2.81104675e+000 6.96858362e+000 9.77963037e+000
 2.10486708e+000 -2.94930743e+000 7.06325955e+000 1.00125670e+001
 2.13628300e+000 -1.65557117e+000 7.14968773e+000 8.80525890e+000
 2.16769893e+000 1.25466980e+000 7.22715726e+000 5.97248746e+000
 2.19911486e+000 5.65385228e+000 7.29492939e+000 1.64107711e+000
 2.23053078e+000 1.10833424e+001 7.35223721e+000 3.73110519e+000
 2.26194671e+000 1.68040958e+001 7.39828542e+000 9.40581035e+000
 2.29336264e+000 2.19113282e+001 7.43225005e+000 1.44790781e+001
 2.32477856e+000 2.54935837e+001 7.45327834e+000 1.80403054e+001
 2.35619449e+000 2.68062037e+001 7.46048854e+000 1.93457152e+001
 2.38761042e+000 2.54247265e+001 7.45296991e+000 1.79717566e+001
 2.41902634e+000 2.13463113e+001 7.42978262e+000 1.39165286e+001
 2.45044227e+000 1.50165551e+001 7.38995783e+000 7.62659728e+000
 2.48185820e+000 7.27329846e+000 7.33249776e+000 5.91993011e-002
 2.51327412e+000 -7.84633964e-001 7.25637583e+000 8.04100980e+000
 2.54469005e+000 -7.98067428e+000 7.16053693e+000 1.51412112e+001
 2.57610598e+000 -1.32618713e+001 7.04389766e+000 2.03057690e+001
 2.60752190e+000 -1.58803683e+001 6.90534676e+000 2.27857151e+001
 2.63893783e+000 -1.55204433e+001 6.74374551e+000 2.22641888e+001
 2.67035376e+000 -1.23469691e+001 6.55792832e+000 1.89048974e+001
 2.70176968e+000 -6.96646183e+000 6.34670335e+000 1.33131652e+001
 2.73318561e+000 -3.09002815e-001 6.10885319e+000 6.41785600e+000
 2.76460154e+000 6.54524171e+000 5.84313575e+000 7.02105964e-001
 2.79601746e+000 1.25605722e+001 5.54828513e+000 7.01228712e+000
 2.82743339e+000 1.69234342e+001 5.22301271e+000 1.17004215e+001
 2.85884931e+000 1.91693690e+001 4.86600825e+000 1.43033607e+001
 2.89026524e+000 1.92362991e+001 4.47594118e+000 1.47603580e+001
 2.92168117e+000 1.74366508e+001 4.05146201e+000 1.33851888e+001
 2.95309709e+000 1.43575480e+001 3.59120382e+000 1.07663442e+001
 2.98451302e+000 1.07128546e+001 3.09378392e+000 7.61907067e+000
 3.01592895e+000 7.18016800e+000 2.55780566e+000 4.62236234e+000
 3.04734487e+000 4.25809022e+000 1.98186037e+000 2.27622986e+000
 3.07876080e+000 2.17380971e+000 1.36452942e+000 8.09280287e-001
 3.11017673e+000 8.59420599e-001 7.04386497e-001 1.55034101e-001
 3.14159265e+000 2.79779982e-015 2.83382392e-015 3.60240990e-017
