 0.00000000e+000 0.00000000e+000 0.00000000e+000 0.00000000e+000
 3.14159265e-002 3.06348724e-002 3.24132214e-002 1.77834900e-003
 6.28318531e-002 6.22354794e-002 6.68623449e-002 4.62686548e-003
 9.42477796e-002 9.57004001e-002 1.03409224e-001 7.70882423e-003
 1.25663706e-001 1.31800382e-001 1.42115451e-001 1.03150693e-002
 1.57079633e-001 1.71129973e-001 1.83042214e-001 1.19122402e-002
 1.88495559e-001 2.14076043e-001 2.26250143e-001 1.21741003e-002
 2.19911486e-001 2.60806073e-001 2.71799158e-001 1.09930844e-002
 2.51327412e-001 3.11277114e-001 3.19748292e-001 8.47117842e-003
 2.82743339e-001 3.65264208e-001 3.70155520e-001 4.89131179e-003
 3.14159265e-001 4.22405172e-001 4.23077568e-001 6.72396561e-004
 3.45575192e-001 4.82256955e-001 4.78569719e-001 3.68723616e-003
 3.76991118e-001 5.44357724e-001 5.36685605e-001 7.67211897e-003
 4.08407045e-001 6.08288235e-001 5.97476992e-001 1.08112429e-002
 4.39822972e-001 6.73726244e-001 6.60993554e-001 1.27326896e-002
 4.71238898e-001 7.40488438e-001 7.27282634e-001 1.32058032e-002
 5.02654825e-001 8.08555741e-001 7.96388999e-001 1.21667422e-002
 5.34070751e-001 8.78079590e-001 8.68354578e-001 9.72501162e-003
 5.65486678e-001 9.49368779e-001 9.43218198e-001 6.15058074e-003
 5.96902604e-001 1.02285852e+000 1.02101530e+000 1.84322288e-003
 6.28318531e-001 1.09906522e+000 1.10177764e+000 2.71242559e-003
 6.59734457e-001 1.17853191e+000 1.18553302e+000 7.00110495e-003
 6.91150384e-001 1.26177038e+000 1.27230491e+000 1.05345257e-002
 7.22566310e-001 1.34920614e+000 1.36211218e+000 1.29060359e-002
 7.53982237e-001 1.44113234e+000 1.45496874e+000 1.38364076e-002
 7.85398163e-001 1.53767746e+000 1.55088320e+000 1.32057414e-002
 8.16814090e-001 1.63879049e+000 1.64985847e+000 1.10679753e-002
 8.48230016e-001 1.74424510e+000 1.75189144e+000 7.64634133e-003
 8.79645943e-001 1.85366240e+000 1.85697256e+000 3.31015987e-003
 9.11061870e-001 1.96655009e+000 1.96508546e+000 1.46462902e-003
 9.42477796e-001 2.08235355e+000 2.07620652e+000 6.14703015e-003
 9.73893723e-001 2.20051363e+000 2.19030447e+000 1.02091518e-002
 1.00530965e+000 2.32052465e+000 2.30733996e+000 1.31846970e-002
 1.03672558e+000 2.44198649e+000 2.42726507e+000 1.47214292e-002
 1.06814150e+000 2.56464474e+000 2.55002291e+000 1.46218325e-002
 1.09955743e+000 2.68841454e+000 2.67554714e+000 1.28673908e-002
 1.13097336e+000 2.81338509e+000 2.80376147e+000 9.62361524e-003
 1.16238928e+000 2.93980417e+000 2.93457919e+000 5.22498269e-003
 1.19380521e+000 3.06804374e+000 3.06790264e+000 1.41100499e-004
 1.22522113e+000 3.19855021e+000 3.20362276e+000 5.07254652e-003
 1.25663706e+000 3.33178431e+000 3.34161850e+000 9.83419406e-003
 1.28805299e+000 3.46815690e+000 3.48175637e+000 1.35994660e-002
 1.31946891e+000 3.60796752e+000 3.62388980e+000 1.59222820e-002
 1.35088484e+000 3.75135237e+000 3.76785871e+000 1.65063405e-002
 1.38230077e+000 3.89824748e+000 3.91348887e+000 1.52413870e-002
 1.41371669e+000 4.04837137e+000 4.06059136e+000 1.22199939e-002
 1.44513262e+000 4.20122946e+000 4.20896203e+000 7.73257418e-003
 1.47654855e+000 4.35614026e+000 4.35838090e+000 2.24063674e-003
 1.50796447e+000 4.51228095e+000 4.50861158e+000 3.66937187e-003
 1.53938040e+000 4.66874787e+000 4.65940072e+000 9.34715283e-003
 1.57079633e+000 4.82462575e+000 4.81047738e+000 1.41483641e-002
 1.60221225e+000 4.97905833e+000 4.96155248e+000 1.75058465e-002
 1.63362818e+000 5.13131279e+000 5.11231819e+000 1.89946042e-002
 1.66504411e+000 5.28083067e+000 5.26244735e+000 1.83833245e-002
 1.69646003e+000 5.42725932e+000 5.41159287e+000 1.56664444e-002
 1.72787596e+000 5.57045985e+000 5.55938719e+000 1.10726672e-002
 1.75929189e+000 5.71048983e+000 5.70544161e+000 5.04821564e-003
 1.79070781e+000 5.84756158e+000 5.84934583e+000 1.78425050e-003
 1.82212374e+000 5.98197978e+000 5.99066728e+000 8.68749717e-003
 1.85353967e+000 6.11406415e+000 6.12895062e+000 1.48864643e-002
 1.88495559e+000 6.24406494e+000 6.26371715e+000 1.96522033e-002
 1.91637152e+000 6.37208006e+000 6.39446431e+000 2.23842533e-002
 1.94778745e+000 6.49798261e+000 6.52066514e+000 2.26825302e-002
 1.97920337e+000 6.62136719e+000 6.64176775e+000 2.04005556e-002
 2.01061930e+000 6.74152137e+000 6.75719486e+000 1.56734921e-002
 2.04203522e+000 6.85742648e+000 6.86634331e+000 8.91683446e-003
 2.07345115e+000 6.96778910e+000 6.96858362e+000 7.94525521e-004
 2.10486708e+000 7.07110112e+000 7.06325955e+000 7.84156801e-003
 2.13628300e+000 7.16572351e+000 7.14968773e+000 1.60357767e-002
 2.16769893e+000 7.24998584e+000 7.22715726e+000 2.28285781e-002
 2.19911486e+000 7.32229194e+000 7.29492939e+000 2.73625550e-002
 2.23053078e+000 7.38122062e+000 7.35223721e+000 2.89834032e-002
 2.26194671e+000 7.42561037e+000 7.39828542e+000 2.73249523e-002
 2.29336264e+000 7.45461827e+000 7.43225005e+000 2.23682149e-002
 2.32477856e+000 7.46774493e+000 7.45327834e+000 1.44665920e-002
 2.35619449e+000 7.46482093e+000 7.46048854e+000 4.33238895e-003
 2.38761042e+000 7.44595338e+000 7.45296991e+000 7.01652360e-003
 2.41902634e+000 7.41143555e+000 7.42978262e+000 1.83470653e-002
 2.45044227e+000 7.36162631e+000 7.38995783e+000 2.83315222e-002
 2.48185820e+000 7.29680974e+000 7.33249776e+000 3.56880223e-002
 2.51327412e+000 7.21704798e+000 7.25637583e+000 3.93278506e-002
 2.54469005e+000 7.12204203e+000 7.16053693e+000 3.84948970e-002
 2.57610598e+000 7.01101549e+000 7.04389766e+000 3.28821718e-002
 2.60752190e+000 6.88263540e+000 6.90534676e+000 2.27113569e-002
 2.63893783e+000 6.73498176e+000 6.74374551e+000 8.76374920e-003
 2.67035376e+000 6.56557378e+000 6.55792832e+000 7.64545695e-003
 2.70176968e+000 6.37145643e+000 6.34670335e+000 2.47530863e-002
 2.73318561e+000 6.14934574e+000 6.10885319e+000 4.04925545e-002
 2.76460154e+000 5.89582609e+000 5.84313575e+000 5.26903432e-002
 2.79601746e+000 5.60758787e+000 5.54828513e+000 5.93027352e-002
 2.82743339e+000 5.28168975e+000 5.22301271e+000 5.86770422e-002
 2.85884931e+000 4.91582683e+000 4.86600825e+000 4.98185814e-002
 2.89026524e+000 4.50858430e+000 4.47594118e+000 3.26431222e-002
 2.92168117e+000 4.05965663e+000 4.05146201e+000 8.19461845e-003
 2.95309709e+000 3.57001361e+000 3.59120382e+000 2.11902102e-002
 2.98451302e+000 3.04199835e+000 3.09378392e+000 5.17855713e-002
 3.01592895e+000 2.47934661e+000 2.55780566e+000 7.84590555e-002
 3.04734487e+000 1.88712262e+000 1.98186037e+000 9.47377482e-002
 3.07876080e+000 1.27157265e+000 1.36452942e+000 9.29567684e-002
 3.11017673e+000 6.39903636e-001 7.04386497e-001 6.44828607e-002
 3.14159265e+000 3.01493919e-015 2.83382392e-015 1.81115272e-016
