 0.00000000e+000 0.00000000e+000 0.00000000e+000 0.00000000e+000
 3.14159265e-002 4.07370479e-002 3.24132214e-002 8.32382648e-003
 6.28318531e-002 7.97615992e-002 6.68623449e-002 1.28992543e-002
 9.42477796e-002 1.15590676e-001 1.03409224e-001 1.21814522e-002
 1.25663706e-001 1.47176659e-001 1.42115451e-001 5.06120748e-003
 1.57079633e-001 1.74068059e-001 1.83042214e-001 8.97415457e-003
 1.88495559e-001 1.96508242e-001 2.26250143e-001 2.97419007e-002
 2.19911486e-001 2.15461150e-001 2.71799158e-001 5.63380080e-002
 2.51327412e-001 2.32560233e-001 3.19748292e-001 8.71880593e-002
 2.82743339e-001 2.49984393e-001 3.70155520e-001 1.20171127e-001
 3.14159265e-001 2.70271984e-001 4.23077568e-001 1.52805584e-001
 3.45575192e-001 2.96090219e-001 4.78569719e-001 1.82479500e-001
 3.76991118e-001 3.29982014e-001 5.36685605e-001 2.06703592e-001
 4.08407045e-001 3.74114901e-001 5.97476992e-001 2.23362091e-001
 4.39822972e-001 4.30056968e-001 6.60993554e-001 2.30936586e-001
 4.71238898e-001 4.98602641e-001 7.27282634e-001 2.28679993e-001
 5.02654825e-001 5.79666875e-001 7.96388999e-001 2.16722123e-001
 5.34070751e-001 6.72260127e-001 8.68354578e-001 1.96094451e-001
 5.65486678e-001 7.74549067e-001 9.43218198e-001 1.68669131e-001
 5.96902604e-001 8.83999956e-001 1.02101530e+000 1.37015343e-001
 6.28318531e-001 9.97593679e-001 1.10177764e+000 1.04183965e-001
 6.59734457e-001 1.11209441e+000 1.18553302e+000 7.34386100e-002
 6.91150384e-001 1.22434834e+000 1.27230491e+000 4.79565666e-002
 7.22566310e-001 1.33158556e+000 1.36211218e+000 3.05266150e-002
 7.53982237e-001 1.43169704e+000 1.45496874e+000 2.32717059e-002
 7.85398163e-001 1.52346026e+000 1.55088320e+000 2.74229398e-002
 8.16814090e-001 1.60669119e+000 1.64985847e+000 4.31672825e-002
 8.48230016e-001 1.68230613e+000 1.75189144e+000 6.95853108e-002
 8.79645943e-001 1.75228504e+000 1.85697256e+000 1.04687523e-001
 9.11061870e-001 1.81953642e+000 1.96508546e+000 1.45549044e-001
 9.42477796e-001 1.88767286e+000 2.07620652e+000 1.88533664e-001
 9.73893723e-001 1.96071456e+000 2.19030447e+000 2.29589909e-001
 1.00530965e+000 2.04274506e+000 2.30733996e+000 2.64594900e-001
 1.03672558e+000 2.13754817e+000 2.42726507e+000 2.89716899e-001
 1.06814150e+000 2.24825791e+000 2.55002291e+000 3.01765004e-001
 1.09955743e+000 2.37705237e+000 2.67554714e+000 2.98494774e-001
 1.13097336e+000 2.52491986e+000 2.80376147e+000 2.78841613e-001
 1.16238928e+000 2.69151981e+000 2.93457919e+000 2.43059373e-001
 1.19380521e+000 2.87515334e+000 3.06790264e+000 1.92749295e-001
 1.22522113e+000 3.07284921e+000 3.20362276e+000 1.30773548e-001
 1.25663706e+000 3.28056104e+000 3.34161850e+000 6.10574676e-002
 1.28805299e+000 3.49346212e+000 3.48175637e+000 1.17057570e-002
 1.31946891e+000 3.70631528e+000 3.62388980e+000 8.24254794e-002
 1.35088484e+000 3.91388841e+000 3.76785871e+000 1.46029693e-001
 1.38230077e+000 4.11138172e+000 3.91348887e+000 1.97892847e-001
 1.41371669e+000 4.29483098e+000 4.06059136e+000 2.34239618e-001
 1.44513262e+000 4.46145209e+000 4.20896203e+000 2.52490059e-001
 1.47654855e+000 4.60989658e+000 4.35838090e+000 2.51515684e-001
 1.50796447e+000 4.74039435e+000 4.50861158e+000 2.31782765e-001
 1.53938040e+000 4.85476870e+000 4.65940072e+000 1.95367976e-001
 1.57079633e+000 4.95631912e+000 4.81047738e+000 1.45841742e-001
 1.60221225e+000 5.04957791e+000 4.96155248e+000 8.80254316e-002
 1.63362818e+000 5.13995721e+000 5.11231819e+000 2.76390205e-002
 1.66504411e+000 5.23331246e+000 5.26244735e+000 2.91348849e-002
 1.69646003e+000 5.33545544e+000 5.41159287e+000 7.61374299e-002
 1.72787596e+000 5.45165486e+000 5.55938719e+000 1.07732327e-001
 1.75929189e+000 5.58616425e+000 5.70544161e+000 1.19277362e-001
 1.79070781e+000 5.74181556e+000 5.84934583e+000 1.07530271e-001
 1.82212374e+000 5.91971216e+000 5.99066728e+000 7.09551202e-002
 1.85353967e+000 6.11904800e+000 6.12895062e+000 9.90261691e-003
 1.88495559e+000 6.33706996e+000 6.26371715e+000 7.33528090e-002
 1.91637152e+000 6.56918967e+000 6.39446431e+000 1.74725359e-001
 1.94778745e+000 6.80923943e+000 6.52066514e+000 2.88574294e-001
 1.97920337e+000 7.04985553e+000 6.64176775e+000 4.08087780e-001
 2.01061930e+000 7.28296220e+000 6.75719486e+000 5.25767336e-001
 2.04203522e+000 7.50032117e+000 6.86634331e+000 6.33977861e-001
 2.07345115e+000 7.69410621e+000 6.96858362e+000 7.25522590e-001
 2.10486708e+000 7.85745931e+000 7.06325955e+000 7.94199758e-001
 2.13628300e+000 7.98498613e+000 7.14968773e+000 8.35298402e-001
 2.16769893e+000 8.07315188e+000 7.22715726e+000 8.45994621e-001
 2.19911486e+000 8.12054585e+000 7.29492939e+000 8.25616466e-001
 2.23053078e+000 8.12799210e+000 7.35223721e+000 7.75754893e-001
 2.26194671e+000 8.09849470e+000 7.39828542e+000 7.00209275e-001
 2.29336264e+000 8.03701805e+000 7.43225005e+000 6.04767996e-001
 2.32477856e+000 7.95011507e+000 7.45327834e+000 4.96836735e-001
 2.35619449e+000 7.84542690e+000 7.46048854e+000 3.84938364e-001
 2.38761042e+000 7.73108797e+000 7.45296991e+000 2.78118067e-001
 2.41902634e+000 7.61507727e+000 7.42978262e+000 1.85294651e-001
 2.45044227e+000 7.50456137e+000 7.38995783e+000 1.14603538e-001
 2.48185820e+000 7.40527603e+000 7.33249776e+000 7.27782654e-002
 2.51327412e+000 7.32099123e+000 7.25637583e+000 6.46153942e-002
 2.54469005e+000 7.25309954e+000 7.16053693e+000 9.25626103e-002
 2.57610598e+000 7.20035963e+000 7.04389766e+000 1.56461966e-001
 2.60752190e+000 7.15881679e+000 6.90534676e+000 2.53470039e-001
 2.63893783e+000 7.12191061e+000 6.74374551e+000 3.78165100e-001
 2.67035376e+000 7.08076723e+000 6.55792832e+000 5.22838912e-001
 2.70176968e+000 7.02466173e+000 6.34670335e+000 6.77958380e-001
 2.73318561e+000 6.94162397e+000 6.10885319e+000 8.32770784e-001
 2.76460154e+000 6.81915222e+000 5.84313575e+000 9.76016472e-001
 2.79601746e+000 6.64499054e+000 5.54828513e+000 1.09670541e+000
 2.82743339e+000 6.40792195e+000 5.22301271e+000 1.18490924e+000
 2.85884931e+000 6.09852714e+000 4.86600825e+000 1.23251890e+000
 2.89026524e+000 5.70986058e+000 4.47594118e+000 1.23391940e+000
 2.92168117e+000 5.23800035e+000 4.05146201e+000 1.18653833e+000
 2.95309709e+000 4.68243544e+000 3.59120382e+000 1.09123162e+000
 2.98451302e+000 4.04626446e+000 3.09378392e+000 9.52480544e-001
 3.01592895e+000 3.33619063e+000 2.55780566e+000 7.78384971e-001
 3.04734487e+000 2.56231098e+000 1.98186037e+000 5.80450616e-001
 3.07876080e+000 1.73770993e+000 1.36452942e+000 3.73180515e-001
 3.11017673e+000 8.77879618e-001 7.04386497e-001 1.73493121e-001
 3.14159265e+000 2.07192451e-015 2.83382392e-015 7.61899418e-016
