 0.00000000e+000 0.00000000e+000 0.00000000e+000 0.00000000e+000
 3.14159265e-002 2.96525224e-002 3.24132214e-002 2.76069900e-003
 6.28318531e-002 6.15959306e-002 6.68623449e-002 5.26641433e-003
 9.42477796e-002 9.74720353e-002 1.03409224e-001 5.93718903e-003
 1.25663706e-001 1.37856190e-001 1.42115451e-001 4.25926114e-003
 1.57079633e-001 1.82217422e-001 1.83042214e-001 8.24791797e-004
 1.88495559e-001 2.29262434e-001 2.26250143e-001 3.01229081e-003
 2.19911486e-001 2.77529179e-001 2.71799158e-001 5.73002115e-003
 2.51327412e-001 3.26006377e-001 3.19748292e-001 6.25808462e-003
 2.82743339e-001 3.74550403e-001 3.70155520e-001 4.39488330e-003
 3.14159265e-001 4.23951330e-001 4.23077568e-001 8.73761943e-004
 3.45575192e-001 4.75634423e-001 4.78569719e-001 2.93529560e-003
 3.76991118e-001 5.31120795e-001 5.36685605e-001 5.56480972e-003
 4.08407045e-001 5.91459262e-001 5.97476992e-001 6.01773046e-003
 4.39822972e-001 6.56848068e-001 6.60993554e-001 4.14548611e-003
 4.71238898e-001 7.26588598e-001 7.27282634e-001 6.94036118e-004
 5.02654825e-001 7.99383739e-001 7.96388999e-001 2.99474029e-003
 5.34070751e-001 8.73861235e-001 8.68354578e-001 5.50665682e-003
 5.65486678e-001 9.49117715e-001 9.43218198e-001 5.89951746e-003
 5.96902604e-001 1.02507388e+000 1.02101530e+000 4.05858269e-003
 6.28318531e-001 1.10250662e+000 1.10177764e+000 7.28971981e-004
 6.59734457e-001 1.18274973e+000 1.18553302e+000 2.78328859e-003
 6.91150384e-001 1.26718269e+000 1.27230491e+000 5.12221767e-003
 7.22566310e-001 1.35670695e+000 1.36211218e+000 5.40523220e-003
 7.53982237e-001 1.45141187e+000 1.45496874e+000 3.55686980e-003
 7.85398163e-001 1.55055684e+000 1.55088320e+000 3.26361651e-004
 8.16814090e-001 1.65287237e+000 1.64985847e+000 3.01389829e-003
 8.48230016e-001 1.75705995e+000 1.75189144e+000 5.16850774e-003
 8.79645943e-001 1.86229433e+000 1.85697256e+000 5.32176621e-003
 9.11061870e-001 1.96853341e+000 1.96508546e+000 3.44795113e-003
 9.42477796e-001 2.07651735e+000 2.07620652e+000 3.10831827e-004
 9.73893723e-001 2.18746045e+000 2.19030447e+000 2.84401978e-003
 1.00530965e+000 2.30255883e+000 2.30733996e+000 4.78112829e-003
 1.03672558e+000 2.42250743e+000 2.42726507e+000 4.75763884e-003
 1.06814150e+000 2.54721467e+000 2.55002291e+000 2.80824000e-003
 1.09955743e+000 2.67582419e+000 2.67554714e+000 2.77040535e-004
 1.13097336e+000 2.80703228e+000 2.80376147e+000 3.27080520e-003
 1.16238928e+000 2.93957420e+000 2.93457919e+000 4.99501417e-003
 1.19380521e+000 3.07268686e+000 3.06790264e+000 4.78421965e-003
 1.22522113e+000 3.20636623e+000 3.20362276e+000 2.74347881e-003
 1.25663706e+000 3.34131930e+000 3.34161850e+000 2.99207677e-004
 1.28805299e+000 3.47863092e+000 3.48175637e+000 3.12544987e-003
 1.31946891e+000 3.61927840e+000 3.62388980e+000 4.61140956e-003
 1.35088484e+000 3.76368578e+000 3.76785871e+000 4.17293633e-003
 1.38230077e+000 3.91149388e+000 3.91348887e+000 1.99499080e-003
 1.41371669e+000 4.06163627e+000 4.06059136e+000 1.04490859e-003
 1.44513262e+000 4.21269030e+000 4.20896203e+000 3.72827267e-003
 1.47654855e+000 4.36336327e+000 4.35838090e+000 4.98237279e-003
 1.50796447e+000 4.51292017e+000 4.50861158e+000 4.30858573e-003
 1.53938040e+000 4.66138251e+000 4.65940072e+000 1.98179423e-003
 1.57079633e+000 4.80941836e+000 4.81047738e+000 1.05902371e-003
 1.60221225e+000 4.95796630e+000 4.96155248e+000 3.58617914e-003
 1.63362818e+000 5.10774258e+000 5.11231819e+000 4.57560876e-003
 1.66504411e+000 5.25882762e+000 5.26244735e+000 3.61973024e-003
 1.69646003e+000 5.41049792e+000 5.41159287e+000 1.09495436e-003
 1.72787596e+000 5.56137224e+000 5.55938719e+000 1.98505070e-003
 1.75929189e+000 5.70981558e+000 5.70544161e+000 4.37397041e-003
 1.79070781e+000 5.85444087e+000 5.84934583e+000 5.09503779e-003
 1.82212374e+000 5.99450693e+000 5.99066728e+000 3.83964690e-003
 1.85353967e+000 6.13005107e+000 6.12895062e+000 1.10045782e-003
 1.88495559e+000 6.26169889e+000 6.26371715e+000 2.01825245e-003
 1.91637152e+000 6.39022323e+000 6.39446431e+000 4.24107738e-003
 1.94778745e+000 6.51602653e+000 6.52066514e+000 4.63860372e-003
 1.97920337e+000 6.63875474e+000 6.64176775e+000 3.01300448e-003
 2.01061930e+000 6.75720170e+000 6.75719486e+000 6.84293976e-006
 2.04203522e+000 6.86954871e+000 6.86634331e+000 3.20539641e-003
 2.07345115e+000 6.97384920e+000 6.96858362e+000 5.26557423e-003
 2.10486708e+000 7.06856693e+000 7.06325955e+000 5.30737561e-003
 2.13628300e+000 7.15294951e+000 7.14968773e+000 3.26178178e-003
 2.16769893e+000 7.22707991e+000 7.22715726e+000 7.73470335e-005
 2.19911486e+000 7.29157507e+000 7.29492939e+000 3.35431684e-003
 2.23053078e+000 7.34704343e+000 7.35223721e+000 5.19377914e-003
 2.26194671e+000 7.39351525e+000 7.39828542e+000 4.77016934e-003
 2.29336264e+000 7.43007835e+000 7.43225005e+000 2.17170169e-003
 2.32477856e+000 7.45487715e+000 7.45327834e+000 1.59880947e-003
 2.35619449e+000 7.46549054e+000 7.46048854e+000 5.00200329e-003
 2.38761042e+000 7.45955013e+000 7.45296991e+000 6.58021989e-003
 2.41902634e+000 7.43535501e+000 7.42978262e+000 5.57239117e-003
 2.45044227e+000 7.39222912e+000 7.38995783e+000 2.27128805e-003
 2.48185820e+000 7.33045884e+000 7.33249776e+000 2.03891698e-003
 2.51327412e+000 7.25081222e+000 7.25637583e+000 5.56361692e-003
 2.54469005e+000 7.15381290e+000 7.16053693e+000 6.72403160e-003
 2.57610598e+000 7.03905419e+000 7.04389766e+000 4.84347675e-003
 2.60752190e+000 6.90484164e+000 6.90534676e+000 5.05118147e-004
 2.63893783e+000 6.74833895e+000 6.74374551e+000 4.59344700e-003
 2.67035376e+000 6.56619854e+000 6.55792832e+000 8.27022111e-003
 2.70176968e+000 6.35545731e+000 6.34670335e+000 8.75396005e-003
 2.73318561e+000 6.11434908e+000 6.10885319e+000 5.49588990e-003
 2.76460154e+000 5.84268501e+000 5.84313575e+000 4.50739487e-004
 2.79601746e+000 5.54159291e+000 5.54828513e+000 6.69222023e-003
 2.82743339e+000 5.21264418e+000 5.22301271e+000 1.03685244e-002
 2.85884931e+000 4.85664916e+000 4.86600825e+000 9.35909074e-003
 2.89026524e+000 4.47257420e+000 4.47594118e+000 3.36698116e-003
 2.92168117e+000 4.05705398e+000 4.05146201e+000 5.59197110e-003
 2.95309709e+000 3.60481867e+000 3.59120382e+000 1.36148568e-002
 2.98451302e+000 3.11006919e+000 3.09378392e+000 1.62852693e-002
 3.01592895e+000 2.56850456e+000 2.55780566e+000 1.06988999e-002
 3.04734487e+000 1.97944661e+000 1.98186037e+000 2.41375343e-003
 3.07876080e+000 1.34741193e+000 1.36452942e+000 1.71174922e-002
 3.11017673e+000 6.82592702e-001 7.04386497e-001 2.17937950e-002
 3.14159265e+000 3.28618946e-015 2.83382392e-015 4.52365534e-016
