 0.00000000e+000 0.00000000e+000 0.00000000e+000 0.00000000e+000
 3.14159265e-002 3.99795939e-002 3.24132214e-002 7.56637250e-003
 6.28318531e-002 7.93701028e-002 6.68623449e-002 1.25077578e-002
 9.42477796e-002 1.17806425e-001 1.03409224e-001 1.43972007e-002
 1.25663706e-001 1.55319011e-001 1.42115451e-001 1.32035596e-002
 1.57079633e-001 1.92412410e-001 1.83042214e-001 9.37019607e-003
 1.88495559e-001 2.30031171e-001 2.26250143e-001 3.78102755e-003
 2.19911486e-001 2.69418951e-001 2.71799158e-001 2.38020651e-003
 2.51327412e-001 3.11900953e-001 3.19748292e-001 7.84733930e-003
 2.82743339e-001 3.58637457e-001 3.70155520e-001 1.15180632e-002
 3.14159265e-001 4.10403275e-001 4.23077568e-001 1.26742935e-002
 3.45575192e-001 4.67442760e-001 4.78569719e-001 1.11269589e-002
 3.76991118e-001 5.29433762e-001 5.36685605e-001 7.25184342e-003
 4.08407045e-001 5.95570076e-001 5.97476992e-001 1.90691627e-003
 4.39822972e-001 6.64745887e-001 6.60993554e-001 3.75233248e-003
 4.71238898e-001 7.35803086e-001 7.27282634e-001 8.52045168e-003
 5.02654825e-001 8.07788333e-001 7.96388999e-001 1.13993340e-002
 5.34070751e-001 8.80164306e-001 8.68354578e-001 1.18097281e-002
 5.65486678e-001 9.52929458e-001 9.43218198e-001 9.71126026e-003
 5.96902604e-001 1.02662049e+000 1.02101530e+000 5.60519307e-003
 6.28318531e-001 1.10219742e+000 1.10177764e+000 4.19774588e-004
 6.59734457e-001 1.18083673e+000 1.18553302e+000 4.69629205e-003
 6.91150384e-001 1.26367824e+000 1.27230491e+000 8.62666915e-003
 7.22566310e-001 1.35158128e+000 1.36211218e+000 1.05308974e-002
 7.53982237e-001 1.44494349e+000 1.45496874e+000 1.00252547e-002
 7.85398163e-001 1.54362157e+000 1.55088320e+000 7.26162251e-003
 8.16814090e-001 1.64697079e+000 1.64985847e+000 2.88767715e-003
 8.48230016e-001 1.75399343e+000 1.75189144e+000 2.10199386e-003
 8.79645943e-001 1.86356273e+000 1.85697256e+000 6.59017073e-003
 9.11061870e-001 1.97467191e+000 1.96508546e+000 9.58645399e-003
 9.42477796e-001 2.08665285e+000 2.07620652e+000 1.04463243e-002
 9.73893723e-001 2.19931574e+000 2.19030447e+000 9.01126609e-003
 1.00530965e+000 2.31297917e+000 2.30733996e+000 5.63921735e-003
 1.03672558e+000 2.42838428e+000 2.42726507e+000 1.11921704e-003
 1.06814150e+000 2.54651294e+000 2.55002291e+000 3.50997200e-003
 1.09955743e+000 2.66835108e+000 2.67554714e+000 7.19606274e-003
 1.13097336e+000 2.79465056e+000 2.80376147e+000 9.11091677e-003
 1.16238928e+000 2.92574301e+000 2.93457919e+000 8.83617919e-003
 1.19380521e+000 3.06144742e+000 3.06790264e+000 6.45522241e-003
 1.22522113e+000 3.20109180e+000 3.20362276e+000 2.53096003e-003
 1.25663706e+000 3.34364361e+000 3.34161850e+000 2.02510332e-003
 1.28805299e+000 3.48791900e+000 3.48175637e+000 6.16262943e-003
 1.31946891e+000 3.63282303e+000 3.62388980e+000 8.93322209e-003
 1.35088484e+000 3.77756611e+000 3.76785871e+000 9.70739478e-003
 1.38230077e+000 3.92180715e+000 3.91348887e+000 8.31827785e-003
 1.41371669e+000 4.06569058e+000 4.06059136e+000 5.09921892e-003
 1.44513262e+000 4.20976858e+000 4.20896203e+000 8.06546763e-004
 1.47654855e+000 4.35482586e+000 4.35838090e+000 3.55504057e-003
 1.50796447e+000 4.50164691e+000 4.50861158e+000 6.96467589e-003
 1.53938040e+000 4.65077876e+000 4.65940072e+000 8.62195738e-003
 1.57079633e+000 4.80234382e+000 4.81047738e+000 8.13355837e-003
 1.60221225e+000 4.95594599e+000 4.96155248e+000 5.60649368e-003
 1.63362818e+000 5.11069232e+000 5.11231819e+000 1.62587040e-003
 1.66504411e+000 5.26532598e+000 5.26244735e+000 2.87863533e-003
 1.69646003e+000 5.41844051e+000 5.41159287e+000 6.84763808e-003
 1.72787596e+000 5.56872640e+000 5.55938719e+000 9.33921057e-003
 1.75929189e+000 5.71519291e+000 5.70544161e+000 9.75129384e-003
 1.79070781e+000 5.85731312e+000 5.84934583e+000 7.96728889e-003
 1.82212374e+000 5.99505713e+000 5.99066728e+000 4.38984552e-003
 1.85353967e+000 6.12880389e+000 6.12895062e+000 1.46724638e-004
 1.88495559e+000 6.25915020e+000 6.26371715e+000 4.56694371e-003
 1.91637152e+000 6.38665947e+000 6.39446431e+000 7.80483725e-003
 1.94778745e+000 6.51160793e+000 6.52066514e+000 9.05720573e-003
 1.97920337e+000 6.63378763e+000 6.64176775e+000 7.98012135e-003
 2.01061930e+000 6.75241366e+000 6.75719486e+000 4.78119659e-003
 2.04203522e+000 6.86615993e+000 6.86634331e+000 1.83384100e-004
 2.07345115e+000 6.97331813e+000 6.96858362e+000 4.73451166e-003
 2.10486708e+000 7.07204598e+000 7.06325955e+000 8.78642961e-003
 2.13628300e+000 7.16064843e+000 7.14968773e+000 1.09606973e-002
 2.16769893e+000 7.23782643e+000 7.22715726e+000 1.06691731e-002
 2.19911486e+000 7.30283317e+000 7.29492939e+000 7.90378663e-003
 2.23053078e+000 7.35549722e+000 7.35223721e+000 3.26000556e-003
 2.26194671e+000 7.39610193e+000 7.39828542e+000 2.18348834e-003
 2.29336264e+000 7.42514381e+000 7.43225005e+000 7.10624531e-003
 2.32477856e+000 7.44302184e+000 7.45327834e+000 1.02564941e-002
 2.35619449e+000 7.44972866e+000 7.46048854e+000 1.07598835e-002
 2.38761042e+000 7.44461707e+000 7.45296991e+000 8.35284032e-003
 2.41902634e+000 7.42630175e+000 7.42978262e+000 3.48087386e-003
 2.45044227e+000 7.39272710e+000 7.38995783e+000 2.76926228e-003
 2.48185820e+000 7.34139509e+000 7.33249776e+000 8.89732703e-003
 2.51327412e+000 7.26970889e+000 7.25637583e+000 1.33330566e-002
 2.54469005e+000 7.17535802e+000 7.16053693e+000 1.48210869e-002
 2.57610598e+000 7.05665592e+000 7.04389766e+000 1.27582535e-002
 2.60752190e+000 6.91274558e+000 6.90534676e+000 7.39882461e-003
 2.63893783e+000 6.74361299e+000 6.74374551e+000 1.32513620e-004
 2.67035376e+000 6.54988798e+000 6.55792832e+000 8.04034630e-003
 2.70176968e+000 6.33245950e+000 6.34670335e+000 1.42438459e-002
 2.73318561e+000 6.09197786e+000 6.10885319e+000 1.68753334e-002
 2.76460154e+000 5.82834927e+000 5.84313575e+000 1.47864748e-002
 2.79601746e+000 5.54034181e+000 5.54828513e+000 7.94332029e-003
 2.82743339e+000 5.22541032e+000 5.22301271e+000 2.39760866e-003
 2.85884931e+000 4.87981373e+000 4.86600825e+000 1.38054826e-002
 2.89026524e+000 4.49904566e+000 4.47594118e+000 2.31044797e-002
 2.92168117e+000 4.07853841e+000 4.05146201e+000 2.70763947e-002
 2.95309709e+000 3.61454308e+000 3.59120382e+000 2.33392608e-002
 2.98451302e+000 3.10504608e+000 3.09378392e+000 1.12621637e-002
 3.01592895e+000 2.55056353e+000 2.55780566e+000 7.24213401e-003
 3.04734487e+000 1.95466532e+000 1.98186037e+000 2.71950464e-002
 3.07876080e+000 1.32411868e+000 1.36452942e+000 4.04107426e-002
 3.11017673e+000 6.68600600e-001 7.04386497e-001 3.57858967e-002
 3.14159265e+000 1.82207671e-015 2.83382392e-015 1.01174722e-015
