 0.00000000e+000 0.00000000e+000 0.00000000e+000 0.00000000e+000
 3.14159265e-002 -1.58387229e+000 3.24132214e-002 1.61628551e+000
 6.28318531e-002 -1.11148848e+001 6.68623449e-002 1.11817471e+001
 9.42477796e-002 -2.98862414e+001 1.03409224e-001 2.99896506e+001
 1.25663706e-001 -5.03938800e+001 1.42115451e-001 5.05359955e+001
 1.57079633e-001 -6.03316844e+001 1.83042214e-001 6.05147266e+001
 1.88495559e-001 -5.03871561e+001 2.26250143e-001 5.06134063e+001
 2.19911486e-001 -2.09398582e+001 2.71799158e-001 2.12116573e+001
 2.51327412e-001 1.67482577e+001 3.19748292e-001 1.64285094e+001
 2.82743339e-001 4.59659069e+001 3.70155520e-001 4.55957514e+001
 3.14159265e-001 5.36144403e+001 4.23077568e-001 5.31913627e+001
 3.45575192e-001 3.75254558e+001 4.78569719e-001 3.70468860e+001
 3.76991118e-001 7.54287195e+000 5.36685605e-001 7.00618635e+000
 4.08407045e-001 -2.04318353e+001 5.97476992e-001 2.10293123e+001
 4.39822972e-001 -3.39369866e+001 6.60993554e-001 3.45979801e+001
 4.71238898e-001 -3.12316174e+001 7.27282634e-001 3.19589000e+001
 5.02654825e-001 -2.18256891e+001 7.96388999e-001 2.26220781e+001
 5.34070751e-001 -1.97918513e+001 8.68354578e-001 2.06602059e+001
 5.65486678e-001 -3.38828961e+001 9.43218198e-001 3.48261143e+001
 5.96902604e-001 -6.06403880e+001 1.02101530e+000 6.16614033e+001
 6.28318531e-001 -8.50922936e+001 1.10177764e+000 8.61940713e+001
 6.59734457e-001 -8.91299294e+001 1.18553302e+000 9.03154624e+001
 6.91150384e-001 -6.28730417e+001 1.27230491e+000 6.41453466e+001
 7.22566310e-001 -1.21904123e+001 1.36211218e+000 1.35525244e+001
 7.53982237e-001 4.25360131e+001 1.45496874e+000 4.10810444e+001
 7.85398163e-001 7.63171865e+001 1.55088320e+000 7.47663033e+001
 8.16814090e-001 7.28527149e+001 1.64985847e+000 7.12028564e+001
 8.48230016e-001 3.36566013e+001 1.75189144e+000 3.19047098e+001
 8.79645943e-001 -2.24308669e+001 1.85697256e+000 2.42878394e+001
 9.11061870e-001 -6.93707675e+001 1.96508546e+000 7.13358529e+001
 9.42477796e-001 -8.80966712e+001 2.07620652e+000 9.01728777e+001
 9.73893723e-001 -7.66306248e+001 2.19030447e+000 7.88209293e+001
 1.00530965e+000 -5.02393374e+001 2.30733996e+000 5.25466774e+001
 1.03672558e+000 -3.14582039e+001 2.42726507e+000 3.38854690e+001
 1.06814150e+000 -3.57930240e+001 2.55002291e+000 3.83430469e+001
 1.09955743e+000 -6.16089683e+001 2.67554714e+000 6.42845155e+001
 1.13097336e+000 -9.04411046e+001 2.80376147e+000 9.32448661e+001
 1.16238928e+000 -9.79120433e+001 2.93457919e+000 1.00846622e+002
 1.19380521e+000 -6.90879172e+001 3.06790264e+000 7.21558199e+001
 1.22522113e+000 -9.19553439e+000 3.20362276e+000 1.23991571e+001
 1.25663706e+000 5.70081566e+001 3.34161850e+000 5.36665381e+001
 1.28805299e+000 9.75015492e+001 3.48175637e+000 9.40197928e+001
 1.31946891e+000 9.03558455e+001 3.62388980e+000 8.67319557e+001
 1.35088484e+000 3.63963957e+001 3.76785871e+000 3.26285370e+001
 1.38230077e+000 -4.02695149e+001 3.91348887e+000 4.41830038e+001
 1.41371669e+000 -1.04552611e+002 4.06059136e+000 1.08613203e+002
 1.44513262e+000 -1.28867135e+002 4.20896203e+000 1.33076097e+002
 1.47654855e+000 -1.07475365e+002 4.35838090e+000 1.11833746e+002
 1.50796447e+000 -5.85592592e+001 4.50861158e+000 6.30678708e+001
 1.53938040e+000 -1.28233487e+001 4.65940072e+000 1.74827494e+001
 1.57079633e+000 4.81047738e+000 4.81047738e+000 5.79092330e-011
 1.60221225e+000 -1.02323903e+001 4.96155248e+000 1.51939428e+001
 1.63362818e+000 -3.99640897e+001 5.11231819e+000 4.50764079e+001
 1.66504411e+000 -5.54579053e+001 5.26244735e+000 6.07203527e+001
 1.69646003e+000 -3.56319801e+001 5.41159287e+000 4.10435730e+001
 1.72787596e+000 1.79571091e+001 5.55938719e+000 1.23977219e+001
 1.75929189e+000 7.95142376e+001 5.70544161e+000 7.38087960e+001
 1.79070781e+000 1.12370344e+002 5.84934583e+000 1.06520998e+002
 1.82212374e+000 9.03117840e+001 5.99066728e+000 8.43211167e+001
 1.85353967e+000 1.48136444e+001 6.12895062e+000 8.68469381e+000
 1.88495559e+000 -8.21688135e+001 6.26371715e+000 8.84325306e+001
 1.91637152e+000 -1.52444009e+002 6.39446431e+000 1.58838474e+002
 1.94778745e+000 -1.55891281e+002 6.52066514e+000 1.62411946e+002
 1.97920337e+000 -8.18715602e+001 6.64176775e+000 8.85133280e+001
 2.01061930e+000 4.41144994e+001 6.75719486e+000 3.73573045e+001
 2.04203522e+000 1.72587503e+002 6.86634331e+000 1.65721160e+002
 2.07345115e+000 2.54855522e+002 6.96858362e+000 2.47886938e+002
 2.10486708e+000 2.67103438e+002 7.06325955e+000 2.60040178e+002
 2.13628300e+000 2.20701791e+002 7.14968773e+000 2.13552103e+002
 2.16769893e+000 1.53120396e+002 7.22715726e+000 1.45893239e+002
 2.19911486e+000 1.04606384e+002 7.29492939e+000 9.73114543e+001
 2.23053078e+000 9.38984132e+001 7.35223721e+000 8.65461760e+001
 2.26194671e+000 1.07102829e+002 7.39828542e+000 9.97045433e+001
 2.29336264e+000 1.06786557e+002 7.43225005e+000 9.93543067e+001
 2.32477856e+000 5.70506222e+001 7.45327834e+000 4.95973439e+001
 2.35619449e+000 -4.90434509e+001 7.46048854e+000 5.65039395e+001
 2.38761042e+000 -1.75585760e+002 7.45296991e+000 1.83038730e+002
 2.41902634e+000 -2.53013505e+002 7.42978262e+000 2.60443287e+002
 2.45044227e+000 -2.08095487e+002 7.38995783e+000 2.15485445e+002
 2.48185820e+000 -1.18541719e+000 7.33249776e+000 8.51791495e+000
 2.51327412e+000 3.47501707e+002 7.25637583e+000 3.40245331e+002
 2.54469005e+000 7.56477107e+002 7.16053693e+000 7.49316570e+002
 2.57610598e+000 1.10892519e+003 7.04389766e+000 1.10188129e+003
 2.60752190e+000 1.29567908e+003 6.90534676e+000 1.28877373e+003
 2.63893783e+000 1.25688548e+003 6.74374551e+000 1.25014173e+003
 2.67035376e+000 1.00459422e+003 6.55792832e+000 9.98036294e+002
 2.70176968e+000 6.17163551e+002 6.34670335e+000 6.10816848e+002
 2.73318561e+000 2.08774184e+002 6.10885319e+000 2.02665331e+002
 2.76460154e+000 -1.12367840e+002 5.84313575e+000 1.18210976e+002
 2.79601746e+000 -2.79870890e+002 5.54828513e+000 2.85419176e+002
 2.82743339e+000 -2.85769840e+002 5.22301271e+000 2.90992853e+002
 2.85884931e+000 -1.73822349e+002 4.86600825e+000 1.78688357e+002
 2.89026524e+000 -1.52087249e+001 4.47594118e+000 1.96846661e+001
 2.92168117e+000 1.21485117e+002 4.05146201e+000 1.17433655e+002
 2.95309709e+000 1.93693393e+002 3.59120382e+000 1.90102189e+002
 2.98451302e+000 1.93986364e+002 3.09378392e+000 1.90892580e+002
 3.01592895e+000 1.44039300e+002 2.55780566e+000 1.41481494e+002
 3.04734487e+000 7.86126872e+001 1.98186037e+000 7.66308268e+001
 3.07876080e+000 2.76314537e+001 1.36452942e+000 2.62669243e+001
 3.11017673e+000 3.80961154e+000 7.04386497e-001 3.10522505e+000
 3.14159265e+000 -1.53012553e-012 2.83382392e-015 1.53295935e-012
