 0.00000000e+000 0.00000000e+000 0.00000000e+000 0.00000000e+000
 3.14159265e-002 1.50642463e-002 3.24132214e-002 1.73489751e-002
 6.28318531e-002 3.65015686e-002 6.68623449e-002 3.03607763e-002
 9.42477796e-002 6.86517858e-002 1.03409224e-001 3.47574385e-002
 1.25663706e-001 1.12524266e-001 1.42115451e-001 2.95911851e-002
 1.57079633e-001 1.65698446e-001 1.83042214e-001 1.73437675e-002
 1.88495559e-001 2.23438368e-001 2.26250143e-001 2.81177551e-003
 2.19911486e-001 2.80589051e-001 2.71799158e-001 8.78989337e-003
 2.51327412e-001 3.33539222e-001 3.19748292e-001 1.37909301e-002
 2.82743339e-001 3.81522179e-001 3.70155520e-001 1.13666593e-002
 3.14159265e-001 4.26787022e-001 4.23077568e-001 3.70945348e-003
 3.45575192e-001 4.73605499e-001 4.78569719e-001 4.96421968e-003
 3.76991118e-001 5.26520262e-001 5.36685605e-001 1.01653430e-002
 4.08407045e-001 5.88521551e-001 5.97476992e-001 8.95544125e-003
 4.39822972e-001 6.59856403e-001 6.60993554e-001 1.13715106e-003
 4.71238898e-001 7.37923386e-001 7.27282634e-001 1.06407514e-002
 5.02654825e-001 8.18284866e-001 7.96388999e-001 2.18958668e-002
 5.34070751e-001 8.96399813e-001 8.68354578e-001 2.80452348e-002
 5.65486678e-001 9.69406834e-001 9.43218198e-001 2.61886366e-002
 5.96902604e-001 1.03727247e+000 1.02101530e+000 1.62571737e-002
 6.28318531e-001 1.10286718e+000 1.10177764e+000 1.08953464e-003
 6.59734457e-001 1.17094404e+000 1.18553302e+000 1.45889820e-002
 6.91150384e-001 1.24641406e+000 1.27230491e+000 2.58908513e-002
 7.22566310e-001 1.33257655e+000 1.36211218e+000 2.95356258e-002
 7.53982237e-001 1.42997366e+000 1.45496874e+000 2.49950808e-002
 7.85398163e-001 1.53629281e+000 1.55088320e+000 1.45903912e-002
 8.16814090e-001 1.64733612e+000 1.64985847e+000 2.52234977e-003
 8.48230016e-001 1.75866818e+000 1.75189144e+000 6.77674571e-003
 8.79645943e-001 1.86729956e+000 1.85697256e+000 1.03270038e-002
 9.11061870e-001 1.97275953e+000 1.96508546e+000 7.67406842e-003
 9.42477796e-001 2.07715638e+000 2.07620652e+000 9.49854209e-004
 9.73893723e-001 2.18422094e+000 2.19030447e+000 6.08353466e-003
 1.00530965e+000 2.29772345e+000 2.30733996e+000 9.61650792e-003
 1.03672558e+000 2.41989334e+000 2.42726507e+000 7.37172464e-003
 1.06814150e+000 2.55046429e+000 2.55002291e+000 4.41380148e-004
 1.09955743e+000 2.68671722e+000 2.67554714e+000 1.11700752e-002
 1.13097336e+000 2.82450106e+000 2.80376147e+000 2.07395888e-002
 1.16238928e+000 2.95982819e+000 2.93457919e+000 2.52490081e-002
 1.19380521e+000 3.09041757e+000 3.06790264e+000 2.25149351e-002
 1.22522113e+000 3.21658064e+000 3.20362276e+000 1.29578797e-002
 1.25663706e+000 3.34110290e+000 3.34161850e+000 5.15602551e-004
 1.28805299e+000 3.46816710e+000 3.48175637e+000 1.35892620e-002
 1.31946891e+000 3.60173740e+000 3.62388980e+000 2.21524042e-002
 1.35088484e+000 3.74403323e+000 3.76785871e+000 2.38254828e-002
 1.38230077e+000 3.89468420e+000 3.91348887e+000 1.88046731e-002
 1.41371669e+000 4.05088893e+000 4.06059136e+000 9.70242649e-003
 1.44513262e+000 4.20850686e+000 4.20896203e+000 4.55168027e-004
 1.47654855e+000 4.36364619e+000 4.35838090e+000 5.26529257e-003
 1.50796447e+000 4.51411832e+000 4.50861158e+000 5.50674379e-003
 1.53938040e+000 4.66018350e+000 4.65940072e+000 7.82778678e-004
 1.57079633e+000 4.80429392e+000 4.81047738e+000 6.18346508e-003
 1.60221225e+000 4.94993856e+000 4.96155248e+000 1.16139169e-002
 1.63362818e+000 5.10005136e+000 5.11231819e+000 1.22668279e-002
 1.66504411e+000 5.25562044e+000 5.26244735e+000 6.82690548e-003
 1.69646003e+000 5.41506032e+000 5.41159287e+000 3.46744867e-003
 1.72787596e+000 5.57460920e+000 5.55938719e+000 1.52220151e-002
 1.75929189e+000 5.72960735e+000 5.70544161e+000 2.41657306e-002
 1.79070781e+000 5.87615959e+000 5.84934583e+000 2.68137619e-002
 1.82212374e+000 6.01252557e+000 5.99066728e+000 2.18582860e-002
 1.85353967e+000 6.13968060e+000 6.12895062e+000 1.07299801e-002
 1.88495559e+000 6.26081215e+000 6.26371715e+000 2.90499399e-003
 1.91637152e+000 6.37993599e+000 6.39446431e+000 1.45283167e-002
 1.94778745e+000 6.50016821e+000 6.52066514e+000 2.04969280e-002
 1.97920337e+000 6.62233353e+000 6.64176775e+000 1.94342161e-002
 2.01061930e+000 6.74446604e+000 6.75719486e+000 1.27288227e-002
 2.04203522e+000 6.86241097e+000 6.86634331e+000 3.93234181e-003
 2.07345115e+000 6.97129992e+000 6.96858362e+000 2.71629861e-003
 2.10486708e+000 7.06731784e+000 7.06325955e+000 4.05829027e-003
 2.13628300e+000 7.14905194e+000 7.14968773e+000 6.35793420e-004
 2.16769893e+000 7.21786486e+000 7.22715726e+000 9.29240081e-003
 2.19911486e+000 7.27711413e+000 7.29492939e+000 1.78152554e-002
 2.23053078e+000 7.33050004e+000 7.35223721e+000 2.17371742e-002
 2.26194671e+000 7.38018456e+000 7.39828542e+000 1.81008589e-002
 2.29336264e+000 7.42543780e+000 7.43225005e+000 6.81225314e-003
 2.32477856e+000 7.46238298e+000 7.45327834e+000 9.10464394e-003
 2.35619449e+000 7.48499114e+000 7.46048854e+000 2.45026019e-002
 2.38761042e+000 7.48698122e+000 7.45296991e+000 3.40113095e-002
 2.41902634e+000 7.46390462e+000 7.42978262e+000 3.41220029e-002
 2.45044227e+000 7.41458966e+000 7.38995783e+000 2.46318258e-002
 2.48185820e+000 7.34134117e+000 7.33249776e+000 8.84340913e-003
 2.51327412e+000 7.24876085e+000 7.25637583e+000 7.61498188e-003
 2.54469005e+000 7.14159739e+000 7.16053693e+000 1.89395456e-002
 2.57610598e+000 7.02244168e+000 7.04389766e+000 2.14559855e-002
 2.60752190e+000 6.89018458e+000 6.90534676e+000 1.51621725e-002
 2.63893783e+000 6.73989799e+000 6.74374551e+000 3.84751289e-003
 2.67035376e+000 6.56426872e+000 6.55792832e+000 6.34039854e-003
 2.70176968e+000 6.35610244e+000 6.34670335e+000 9.39909359e-003
 2.73318561e+000 6.11095720e+000 6.10885319e+000 2.10401541e-003
 2.76460154e+000 5.82884960e+000 5.84313575e+000 1.42861461e-002
 2.79601746e+000 5.51426650e+000 5.54828513e+000 3.40186341e-002
 2.82743339e+000 5.17432407e+000 5.22301271e+000 4.86886339e-002
 2.85884931e+000 4.81563007e+000 4.86600825e+000 5.03781800e-002
 2.89026524e+000 4.44096032e+000 4.47594118e+000 3.49808653e-002
 2.92168117e+000 4.04703807e+000 4.05146201e+000 4.42393716e-003
 2.95309709e+000 3.62441454e+000 3.59120382e+000 3.32107212e-002
 2.98451302e+000 3.15977052e+000 3.09378392e+000 6.59866076e-002
 3.01592895e+000 2.64011627e+000 2.55780566e+000 8.23106090e-002
 3.04734487e+000 2.05765319e+000 1.98186037e+000 7.57928248e-002
 3.07876080e+000 1.41373757e+000 1.36452942e+000 4.92081513e-002
 3.11017673e+000 7.20582213e-001 7.04386497e-001 1.61957162e-002
 3.14159265e+000 3.62331937e-015 2.83382392e-015 7.89495451e-016
