 0.00000000e+000 0.00000000e+000 0.00000000e+000 0.00000000e+000
 3.14159265e-002 3.46637422e-002 3.24132214e-002 2.25052079e-003
 6.28318531e-002 6.95282249e-002 6.68623449e-002 2.66587997e-003
 9.42477796e-002 1.05096150e-001 1.03409224e-001 1.68692531e-003
 1.25663706e-001 1.42238784e-001 1.42115451e-001 1.23332395e-004
 1.57079633e-001 1.81950214e-001 1.83042214e-001 1.09199919e-003
 1.88495559e-001 2.24927236e-001 2.26250143e-001 1.32290685e-003
 2.19911486e-001 2.71244892e-001 2.71799158e-001 5.54265810e-004
 2.51327412e-001 3.20357557e-001 3.19748292e-001 6.09264714e-004
 2.82743339e-001 3.71461956e-001 3.70155520e-001 1.30643587e-003
 3.14159265e-001 4.24029020e-001 4.23077568e-001 9.51451492e-004
 3.45575192e-001 4.78190661e-001 4.78569719e-001 3.79058282e-004
 3.76991118e-001 5.34737078e-001 5.36685605e-001 1.94852721e-003
 4.08407045e-001 5.94705661e-001 5.97476992e-001 2.77133176e-003
 4.39822972e-001 6.58791122e-001 6.60993554e-001 2.20243197e-003
 4.71238898e-001 7.26925909e-001 7.27282634e-001 3.56725315e-004
 5.02654825e-001 7.98291947e-001 7.96388999e-001 1.90294851e-003
 5.34070751e-001 8.71775421e-001 8.68354578e-001 3.42084275e-003
 5.65486678e-001 9.46611376e-001 9.43218198e-001 3.39317855e-003
 5.96902604e-001 1.02284413e+000 1.02101530e+000 1.82883446e-003
 6.28318531e-001 1.10132938e+000 1.10177764e+000 4.48262637e-004
 6.59734457e-001 1.18326974e+000 1.18553302e+000 2.26328106e-003
 6.91150384e-001 1.26955128e+000 1.27230491e+000 2.75363039e-003
 7.22566310e-001 1.36026904e+000 1.36211218e+000 1.84314103e-003
 7.53982237e-001 1.45471976e+000 1.45496874e+000 2.48983816e-004
 7.85398163e-001 1.55186285e+000 1.55088320e+000 9.79650410e-004
 8.16814090e-001 1.65097008e+000 1.64985847e+000 1.11161168e-003
 8.48230016e-001 1.75206981e+000 1.75189144e+000 1.78370515e-004
 8.79645943e-001 1.85591392e+000 1.85697256e+000 1.05864211e-003
 9.11061870e-001 1.96348456e+000 1.96508546e+000 1.60090341e-003
 9.42477796e-001 2.07534012e+000 2.07620652e+000 8.66401418e-004
 9.73893723e-001 2.19120436e+000 2.19030447e+000 8.99882716e-004
 1.00530965e+000 2.31006200e+000 2.30733996e+000 2.72204752e-003
 1.03672558e+000 2.43071979e+000 2.42726507e+000 3.45472119e-003
 1.06814150e+000 2.55250472e+000 2.55002291e+000 2.48180366e-003
 1.09955743e+000 2.67567727e+000 2.67554714e+000 1.30129037e-004
 1.13097336e+000 2.80129726e+000 2.80376147e+000 2.46421348e-003
 1.16238928e+000 2.93060340e+000 2.93457919e+000 3.97578897e-003
 1.19380521e+000 3.06426238e+000 3.06790264e+000 3.64026287e-003
 1.22522113e+000 3.20193003e+000 3.20362276e+000 1.69272898e-003
 1.25663706e+000 3.34238948e+000 3.34161850e+000 7.70980946e-004
 1.28805299e+000 3.48419057e+000 3.48175637e+000 2.43420348e-003
 1.31946891e+000 3.62641334e+000 3.62388980e+000 2.52353855e-003
 1.35088484e+000 3.76909981e+000 3.76785871e+000 1.24109853e-003
 1.38230077e+000 3.91309298e+000 3.91348887e+000 3.95891169e-004
 1.41371669e+000 4.05937888e+000 4.06059136e+000 1.21248282e-003
 1.44513262e+000 4.20833179e+000 4.20896203e+000 6.30236654e-004
 1.47654855e+000 4.35932894e+000 4.35838090e+000 9.48045388e-004
 1.50796447e+000 4.51098312e+000 4.50861158e+000 2.37153409e-003
 1.53938040e+000 4.66186580e+000 4.65940072e+000 2.46508401e-003
 1.57079633e+000 4.81128507e+000 4.81047738e+000 8.07692092e-004
 1.60221225e+000 4.95963239e+000 4.96155248e+000 1.92009546e-003
 1.63362818e+000 5.10805947e+000 5.11231819e+000 4.25872233e-003
 1.66504411e+000 5.25764901e+000 5.26244735e+000 4.79833418e-003
 1.69646003e+000 5.40856078e+000 5.41159287e+000 3.03209630e-003
 1.72787596e+000 5.55967071e+000 5.55938719e+000 2.83521985e-004
 1.75929189e+000 5.70894308e+000 5.70544161e+000 3.50146261e-003
 1.79070781e+000 5.85434180e+000 5.84934583e+000 4.99597185e-003
 1.82212374e+000 5.99475509e+000 5.99066728e+000 4.08781180e-003
 1.85353967e+000 6.13038223e+000 6.12895062e+000 1.43161596e-003
 1.88495559e+000 6.26233869e+000 6.26371715e+000 1.37845335e-003
 1.91637152e+000 6.39170067e+000 6.39446431e+000 2.76364482e-003
 1.94778745e+000 6.51855578e+000 6.52066514e+000 2.10935909e-003
 1.97920337e+000 6.64163899e+000 6.64176775e+000 1.28763963e-004
 2.01061930e+000 6.75879169e+000 6.75719486e+000 1.59683116e-003
 2.04203522e+000 6.86798321e+000 6.86634331e+000 1.63990131e-003
 2.07345115e+000 6.96827513e+000 6.96858362e+000 3.08496139e-004
 2.10486708e+000 7.06011663e+000 7.06325955e+000 3.14292783e-003
 2.13628300e+000 7.14474456e+000 7.14968773e+000 4.94317380e-003
 2.16769893e+000 7.22300684e+000 7.22715726e+000 4.15042075e-003
 2.19911486e+000 7.29430670e+000 7.29492939e+000 6.22683624e-004
 2.23053078e+000 7.35633624e+000 7.35223721e+000 4.09902607e-003
 2.26194671e+000 7.40582627e+000 7.39828542e+000 7.54084651e-003
 2.29336264e+000 7.43993160e+000 7.43225005e+000 7.68154664e-003
 2.32477856e+000 7.45745686e+000 7.45327834e+000 4.17852618e-003
 2.35619449e+000 7.45917176e+000 7.46048854e+000 1.31678113e-003
 2.38761042e+000 7.44696707e+000 7.45296991e+000 6.00284086e-003
 2.41902634e+000 7.42228715e+000 7.42978262e+000 7.49546853e-003
 2.45044227e+000 7.38473838e+000 7.38995783e+000 5.21944898e-003
 2.48185820e+000 7.33172098e+000 7.33249776e+000 7.76782840e-004
 2.51327412e+000 7.25936307e+000 7.25637583e+000 2.98723922e-003
 2.54469005e+000 7.16426037e+000 7.16053693e+000 3.72343993e-003
 2.57610598e+000 7.04499781e+000 7.04389766e+000 1.10014947e-003
 2.60752190e+000 6.90248870e+000 6.90534676e+000 2.85805481e-003
 2.63893783e+000 6.73881952e+000 6.74374551e+000 4.92598524e-003
 2.67035376e+000 6.55518751e+000 6.55792832e+000 2.74081244e-003
 2.70176968e+000 6.35013950e+000 6.34670335e+000 3.43614908e-003
 2.73318561e+000 6.11926473e+000 6.10885319e+000 1.04115394e-002
 2.76460154e+000 5.85673120e+000 5.84313575e+000 1.35954546e-002
 2.79601746e+000 5.55797180e+000 5.54828513e+000 9.68667157e-003
 2.82743339e+000 5.22203534e+000 5.22301271e+000 9.77365245e-004
 2.85884931e+000 4.85211680e+000 4.86600825e+000 1.38914468e-002
 2.89026524e+000 4.45365842e+000 4.47594118e+000 2.22827647e-002
 2.92168117e+000 4.03075962e+000 4.05146201e+000 2.07023874e-002
 2.95309709e+000 3.58273433e+000 3.59120382e+000 8.46949110e-003
 2.98451302e+000 3.10286470e+000 3.09378392e+000 9.08078698e-003
 3.01592895e+000 2.58051062e+000 2.55780566e+000 2.27049625e-002
 3.04734487e+000 2.00611405e+000 1.98186037e+000 2.42536852e-002
 3.07876080e+000 1.37708054e+000 1.36452942e+000 1.25511217e-002
 3.11017673e+000 7.01840366e-001 7.04386497e-001 2.54613092e-003
 3.14159265e+000 1.61750561e-015 2.83382392e-015 1.21631831e-015
