 0.00000000e+000 0.00000000e+000 0.00000000e+000 0.00000000e+000
 3.14159265e-002 2.79244520e-002 3.24132214e-002 4.48876939e-003
 6.28318531e-002 5.83828432e-002 6.68623449e-002 8.47950171e-003
 9.42477796e-002 9.31987433e-002 1.03409224e-001 1.02104810e-002
 1.25663706e-001 1.33030789e-001 1.42115451e-001 9.08466218e-003
 1.57079633e-001 1.77333041e-001 1.83042214e-001 5.70917246e-003
 1.88495559e-001 2.24733174e-001 2.26250143e-001 1.51696885e-003
 2.19911486e-001 2.73675674e-001 2.71799158e-001 1.87651595e-003
 2.51327412e-001 3.23081439e-001 3.19748292e-001 3.33314707e-003
 2.82743339e-001 3.72775523e-001 3.70155520e-001 2.62000301e-003
 3.14159265e-001 4.23529932e-001 4.23077568e-001 4.52363324e-004
 3.45575192e-001 4.76720698e-001 4.78569719e-001 1.84902060e-003
 3.76991118e-001 5.33748220e-001 5.36685605e-001 2.93738541e-003
 4.08407045e-001 5.95459031e-001 5.97476992e-001 2.01796144e-003
 4.39822972e-001 6.61801846e-001 6.60993554e-001 8.08291470e-004
 4.71238898e-001 7.31853919e-001 7.27282634e-001 4.57128406e-003
 5.02654825e-001 8.04204561e-001 7.96388999e-001 7.81556237e-003
 5.34070751e-001 8.77540099e-001 8.68354578e-001 9.18552074e-003
 5.65486678e-001 9.51194859e-001 9.43218198e-001 7.97666063e-003
 5.96902604e-001 1.02544707e+000 1.02101530e+000 4.43177239e-003
 6.28318531e-001 1.10144071e+000 1.10177764e+000 3.36930050e-004
 6.59734457e-001 1.18076356e+000 1.18553302e+000 4.76945798e-003
 6.91150384e-001 1.26484868e+000 1.27230491e+000 7.45622742e-003
 7.22566310e-001 1.35443700e+000 1.36211218e+000 7.67518026e-003
 7.53982237e-001 1.44931420e+000 1.45496874e+000 5.65454325e-003
 7.85398163e-001 1.54842593e+000 1.55088320e+000 2.45726528e-003
 8.16814090e-001 1.65032426e+000 1.64985847e+000 4.65796374e-004
 8.48230016e-001 1.75376566e+000 1.75189144e+000 1.87422507e-003
 8.79645943e-001 1.85821950e+000 1.85697256e+000 1.24693984e-003
 9.11061870e-001 1.96408103e+000 1.96508546e+000 1.00443235e-003
 9.42477796e-001 2.07250050e+000 2.07620652e+000 3.70602273e-003
 9.73893723e-001 2.18489424e+000 2.19030447e+000 5.41023196e-003
 1.00530965e+000 2.30233258e+000 2.30733996e+000 5.00737183e-003
 1.03672558e+000 2.42505176e+000 2.42726507e+000 2.21330547e-003
 1.06814150e+000 2.55229054e+000 2.55002291e+000 2.26762759e-003
 1.09955743e+000 2.68252461e+000 2.67554714e+000 6.97747020e-003
 1.13097336e+000 2.81401301e+000 2.80376147e+000 1.02515330e-002
 1.16238928e+000 2.94544385e+000 2.93457919e+000 1.08646627e-002
 1.19380521e+000 3.07642316e+000 3.06790264e+000 8.52052158e-003
 1.22522113e+000 3.20760844e+000 3.20362276e+000 3.98568075e-003
 1.25663706e+000 3.34042726e+000 3.34161850e+000 1.19123935e-003
 1.28805299e+000 3.47648588e+000 3.48175637e+000 5.27048138e-003
 1.31946891e+000 3.61689814e+000 3.62388980e+000 6.99166892e-003
 1.35088484e+000 3.76180081e+000 3.76785871e+000 6.05790365e-003
 1.38230077e+000 3.91025124e+000 3.91348887e+000 3.23763192e-003
 1.41371669e+000 4.06055299e+000 4.06059136e+000 3.83668294e-005
 1.44513262e+000 4.21088452e+000 4.20896203e+000 1.92249061e-003
 1.47654855e+000 4.35998103e+000 4.35838090e+000 1.60012873e-003
 1.50796447e+000 4.50759329e+000 4.50861158e+000 1.01829456e-003
 1.53938040e+000 4.65453061e+000 4.65940072e+000 4.87010545e-003
 1.57079633e+000 4.80225841e+000 4.81047738e+000 8.21897490e-003
 1.60221225e+000 4.95219996e+000 4.96155248e+000 9.35251635e-003
 1.63362818e+000 5.10501618e+000 5.11231819e+000 7.30201392e-003
 1.66504411e+000 5.26015421e+000 5.26244735e+000 2.29313970e-003
 1.69646003e+000 5.41585754e+000 5.41159287e+000 4.26466491e-003
 1.72787596e+000 5.56965071e+000 5.55938719e+000 1.02635230e-002
 1.75929189e+000 5.71912229e+000 5.70544161e+000 1.36806727e-002
 1.79070781e+000 5.86270430e+000 5.84934583e+000 1.33584671e-002
 1.82212374e+000 6.00013769e+000 5.99066728e+000 9.47041306e-003
 1.85353967e+000 6.13242855e+000 6.12895062e+000 3.47793002e-003
 1.88495559e+000 6.26129654e+000 6.26371715e+000 2.42060525e-003
 1.91637152e+000 6.38832017e+000 6.39446431e+000 6.14414357e-003
 1.94778745e+000 6.51411100e+000 6.52066514e+000 6.55413794e-003
 1.97920337e+000 6.63784921e+000 6.64176775e+000 3.91853627e-003
 2.01061930e+000 6.75737913e+000 6.75719486e+000 1.84265719e-004
 2.04203522e+000 6.86984588e+000 6.86634331e+000 3.50256820e-003
 2.07345115e+000 6.97263557e+000 6.96858362e+000 4.05194780e-003
 2.10486708e+000 7.06424874e+000 7.06325955e+000 9.89189073e-004
 2.13628300e+000 7.14474742e+000 7.14968773e+000 4.94031001e-003
 2.16769893e+000 7.21557055e+000 7.22715726e+000 1.15867044e-002
 2.19911486e+000 7.27875704e+000 7.29492939e+000 1.61723422e-002
 2.23053078e+000 7.33585579e+000 7.35223721e+000 1.63814194e-002
 2.26194671e+000 7.38694309e+000 7.39828542e+000 1.13423333e-002
 2.29336264e+000 7.43014824e+000 7.43225005e+000 2.10181181e-003
 2.32477856e+000 7.46190852e+000 7.45327834e+000 8.63018661e-003
 2.35619449e+000 7.47789691e+000 7.46048854e+000 1.74083675e-002
 2.38761042e+000 7.47429584e+000 7.45296991e+000 2.13259372e-002
 2.41902634e+000 7.44893382e+000 7.42978262e+000 1.91511959e-002
 2.45044227e+000 7.40182714e+000 7.38995783e+000 1.18693098e-002
 2.48185820e+000 7.33487717e+000 7.33249776e+000 2.37940842e-003
 2.51327412e+000 7.25079183e+000 7.25637583e+000 5.58400314e-003
 2.54469005e+000 7.15161221e+000 7.16053693e+000 8.92471885e-003
 2.57610598e+000 7.03740672e+000 7.04389766e+000 6.49094478e-003
 2.60752190e+000 6.90566878e+000 6.90534676e+000 3.22022972e-004
 2.63893783e+000 6.75171508e+000 6.74374551e+000 7.96957323e-003
 2.67035376e+000 6.57000874e+000 6.55792832e+000 1.20804142e-002
 2.70176968e+000 6.35596015e+000 6.34670335e+000 9.25680340e-003
 2.73318561e+000 6.10753069e+000 6.10885319e+000 1.32249787e-003
 2.76460154e+000 5.82597866e+000 5.84313575e+000 1.71570870e-002
 2.79601746e+000 5.51535636e+000 5.54828513e+000 3.29287695e-002
 2.82743339e+000 5.18080990e+000 5.22301271e+000 4.22028064e-002
 2.85884931e+000 4.82619775e+000 4.86600825e+000 3.98104987e-002
 2.89026524e+000 4.45186042e+000 4.47594118e+000 2.40807662e-002
 2.92168117e+000 4.05341470e+000 4.05146201e+000 1.95268422e-003
 2.95309709e+000 3.62217597e+000 3.59120382e+000 3.09721483e-002
 2.98451302e+000 3.14730465e+000 3.09378392e+000 5.35207349e-002
 3.01592895e+000 2.61918944e+000 2.55780566e+000 6.13837783e-002
 3.04734487e+000 2.03311726e+000 1.98186037e+000 5.12568965e-002
 3.07876080e+000 1.39210334e+000 1.36452942e+000 2.75739184e-002
 3.11017673e+000 7.07937390e-001 7.04386497e-001 3.55089313e-003
 3.14159265e+000 1.68331754e-015 2.83382392e-015 1.15050638e-015
