 0.00000000e+000 0.00000000e+000 0.00000000e+000 0.00000000e+000
 3.14159265e-002 2.03711416e-002 3.24132214e-002 1.20420798e-002
 6.28318531e-002 4.27779295e-002 6.68623449e-002 2.40844154e-002
 9.42477796e-002 6.90853482e-002 1.03409224e-001 3.43238761e-002
 1.25663706e-001 1.00833577e-001 1.42115451e-001 4.12818740e-002
 1.57079633e-001 1.39115253e-001 1.83042214e-001 4.39269604e-002
 1.88495559e-001 1.84495922e-001 2.26250143e-001 4.17542214e-002
 2.19911486e-001 2.36985209e-001 2.71799158e-001 3.48139490e-002
 2.51327412e-001 2.96061228e-001 3.19748292e-001 2.36870638e-002
 2.82743339e-001 3.60745516e-001 3.70155520e-001 9.41000375e-003
 3.14159265e-001 4.29720807e-001 4.23077568e-001 6.64323857e-003
 3.45575192e-001 5.01479781e-001 4.78569719e-001 2.29100615e-002
 3.76991118e-001 5.74489908e-001 5.36685605e-001 3.78043033e-002
 4.08407045e-001 6.47357989e-001 5.97476992e-001 4.98809961e-002
 4.39822972e-001 7.18978088e-001 6.60993554e-001 5.79845335e-002
 4.71238898e-001 7.88648324e-001 7.27282634e-001 6.13656898e-002
 5.02654825e-001 8.56145100e-001 7.96388999e-001 5.97561008e-002
 5.34070751e-001 9.21747691e-001 8.68354578e-001 5.33931128e-002
 5.65486678e-001 9.86211097e-001 9.43218198e-001 4.29928988e-002
 5.96902604e-001 1.05069023e+000 1.02101530e+000 2.96749274e-002
 6.28318531e-001 1.11662338e+000 1.10177764e+000 1.48457345e-002
 6.59734457e-001 1.18558702e+000 1.18553302e+000 5.39990216e-005
 6.91150384e-001 1.25913667e+000 1.27230491e+000 1.31682338e-002
 7.22566310e-001 1.33865018e+000 1.36211218e+000 2.34620003e-002
 7.53982237e-001 1.42518910e+000 1.45496874e+000 2.97796423e-002
 7.85398163e-001 1.51939239e+000 1.55088320e+000 3.14908024e-002
 8.16814090e-001 1.62141298e+000 1.64985847e+000 2.84454846e-002
 8.48230016e-001 1.73090359e+000 1.75189144e+000 2.09878483e-002
 8.79645943e-001 1.84705315e+000 1.85697256e+000 9.91941415e-003
 9.11061870e-001 1.96866996e+000 1.96508546e+000 3.58449812e-003
 9.42477796e-001 2.09430305e+000 2.07620652e+000 1.80965278e-002
 9.73893723e-001 2.22238924e+000 2.19030447e+000 3.20847681e-002
 1.00530965e+000 2.35141087e+000 2.30733996e+000 4.40709177e-002
 1.03672558e+000 2.48004798e+000 2.42726507e+000 5.27829103e-002
 1.06814150e+000 2.60730931e+000 2.55002291e+000 5.72863932e-002
 1.09955743e+000 2.73262870e+000 2.67554714e+000 5.70815583e-002
 1.13097336e+000 2.85591682e+000 2.80376147e+000 5.21553446e-002
 1.16238928e+000 2.97756275e+000 2.93457919e+000 4.29835647e-002
 1.19380521e+000 3.09838526e+000 3.06790264e+000 3.04826158e-002
 1.22522113e+000 3.21953834e+000 3.20362276e+000 1.59155889e-002
 1.25663706e+000 3.34238078e+000 3.34161850e+000 7.62273685e-004
 1.28805299e+000 3.46832266e+000 3.48175637e+000 1.34337058e-002
 1.31946891e+000 3.59866481e+000 3.62388980e+000 2.52249928e-002
 1.35088484e+000 3.73444733e+000 3.76785871e+000 3.34113827e-002
 1.38230077e+000 3.87632297e+000 3.91348887e+000 3.71658987e-002
 1.41371669e+000 4.02446844e+000 4.06059136e+000 3.61229183e-002
 1.44513262e+000 4.17854300e+000 4.20896203e+000 3.04190275e-002
 1.47654855e+000 4.33769883e+000 4.35838090e+000 2.06820683e-002
 1.50796447e+000 4.50064244e+000 4.50861158e+000 7.96913804e-003
 1.53938040e+000 4.66574117e+000 4.65940072e+000 6.34044878e-003
 1.57079633e+000 4.83116393e+000 4.81047738e+000 2.06865467e-002
 1.60221225e+000 4.99504208e+000 4.96155248e+000 3.34895947e-002
 1.63362818e+000 5.15563374e+000 5.11231819e+000 4.33155516e-002
 1.66504411e+000 5.31147466e+000 5.26244735e+000 4.90273154e-002
 1.69646003e+000 5.46149968e+000 5.41159287e+000 4.99068101e-002
 1.72787596e+000 5.60512196e+000 5.55938719e+000 4.57347710e-002
 1.75929189e+000 5.74226109e+000 5.70544161e+000 3.68194722e-002
 1.79070781e+000 5.87331663e+000 5.84934583e+000 2.39707999e-002
 1.82212374e+000 5.99908895e+000 5.99066728e+000 8.42166455e-003
 1.85353967e+000 6.12065483e+000 6.12895062e+000 8.29578925e-003
 1.88495559e+000 6.23921020e+000 6.26371715e+000 2.45069491e-002
 1.91637152e+000 6.35589565e+000 6.39446431e+000 3.85686631e-002
 1.94778745e+000 6.47162264e+000 6.52066514e+000 4.90424990e-002
 1.97920337e+000 6.58691847e+000 6.64176775e+000 5.48492826e-002
 2.01061930e+000 6.70180637e+000 6.75719486e+000 5.53884914e-002
 2.04203522e+000 6.81573389e+000 6.86634331e+000 5.06094253e-002
 2.07345115e+000 6.92755780e+000 6.96858362e+000 4.10258165e-002
 2.10486708e+000 7.03558832e+000 7.06325955e+000 2.76712394e-002
 2.13628300e+000 7.13768898e+000 7.14968773e+000 1.19987547e-002
 2.16769893e+000 7.23142318e+000 7.22715726e+000 4.26591765e-003
 2.19911486e+000 7.31423276e+000 7.29492939e+000 1.93033720e-002
 2.23053078e+000 7.38363084e+000 7.35223721e+000 3.13936255e-002
 2.26194671e+000 7.43738884e+000 7.39828542e+000 3.91034188e-002
 2.29336264e+000 7.47369788e+000 7.43225005e+000 4.14478247e-002
 2.32477856e+000 7.49128671e+000 7.45327834e+000 3.80083707e-002
 2.35619449e+000 7.48948239e+000 7.46048854e+000 2.89938466e-002
 2.38761042e+000 7.46820537e+000 7.45296991e+000 1.52354634e-002
 2.41902634e+000 7.42789716e+000 7.42978262e+000 1.88545658e-003
 2.45044227e+000 7.36938567e+000 7.38995783e+000 2.05721589e-002
 2.48185820e+000 7.29370000e+000 7.33249776e+000 3.87977574e-002
 2.51327412e+000 7.20185214e+000 7.25637583e+000 5.45236928e-002
 2.54469005e+000 7.09460724e+000 7.16053693e+000 6.59296911e-002
 2.57610598e+000 6.97226632e+000 7.04389766e+000 7.16313427e-002
 2.60752190e+000 6.83448530e+000 6.90534676e+000 7.08614563e-002
 2.63893783e+000 6.68015182e+000 6.74374551e+000 6.35936874e-002
 2.67035376e+000 6.50733687e+000 6.55792832e+000 5.05914509e-002
 2.70176968e+000 6.31333191e+000 6.34670335e+000 3.33714365e-002
 2.73318561e+000 6.09477459e+000 6.10885319e+000 1.40786037e-002
 2.76460154e+000 5.84785806e+000 5.84313575e+000 4.72231794e-003
 2.79601746e+000 5.56861095e+000 5.54828513e+000 2.03258169e-002
 2.82743339e+000 5.25322770e+000 5.22301271e+000 3.02149934e-002
 2.85884931e+000 4.89842402e+000 4.86600825e+000 3.24157734e-002
 2.89026524e+000 4.50178817e+000 4.47594118e+000 2.58469874e-002
 2.92168117e+000 4.06209847e+000 4.05146201e+000 1.06364551e-002
 2.95309709e+000 3.57957876e+000 3.59120382e+000 1.16250594e-002
 2.98451302e+000 3.05606799e+000 3.09378392e+000 3.77159301e-002
 3.01592895e+000 2.49508638e+000 2.55780566e+000 6.27192785e-002
 3.04734487e+000 1.90178883e+000 1.98186037e+000 8.00715351e-002
 3.07876080e+000 1.28280507e+000 1.36452942e+000 8.17243449e-002
 3.11017673e+000 6.45975496e-001 7.04386497e-001 5.84110012e-002
 3.14159265e+000 3.15339688e-015 2.83382392e-015 3.19572952e-016
