 0.00000000e+000 0.00000000e+000 0.00000000e+000 0.00000000e+000
 3.14159265e-002 6.65133051e-002 3.24132214e-002 3.41000837e-002
 6.28318531e-002 1.28784288e-001 6.68623449e-002 6.19219435e-002
 9.42477796e-002 1.83316068e-001 1.03409224e-001 7.99068439e-002
 1.25663706e-001 2.27972902e-001 1.42115451e-001 8.58574507e-002
 1.57079633e-001 2.62360488e-001 1.83042214e-001 7.93182743e-002
 1.88495559e-001 2.87908592e-001 2.26250143e-001 6.16584486e-002
 2.19911486e-001 3.07647830e-001 2.71799158e-001 3.58486724e-002
 2.51327412e-001 3.25726706e-001 3.19748292e-001 5.97841362e-003
 2.82743339e-001 3.46759094e-001 3.70155520e-001 2.33964260e-002
 3.14159265e-001 3.75118270e-001 4.23077568e-001 4.79592980e-002
 3.45575192e-001 4.14297121e-001 4.78569719e-001 6.42725985e-002
 3.76991118e-001 4.66435874e-001 5.36685605e-001 7.02497314e-002
 4.08407045e-001 5.32083285e-001 5.97476992e-001 6.53937075e-002
 4.39822972e-001 6.10212631e-001 6.60993554e-001 5.07809239e-002
 4.71238898e-001 6.98469301e-001 7.27282634e-001 2.88133333e-002
 5.02654825e-001 7.93590749e-001 7.96388999e-001 2.79824948e-003
 5.34070751e-001 8.91918064e-001 8.68354578e-001 2.35634860e-002
 5.65486678e-001 9.89914011e-001 9.43218198e-001 4.66958133e-002
 5.96902604e-001 1.08461363e+000 1.02101530e+000 6.35983341e-002
 6.28318531e-001 1.17395593e+000 1.10177764e+000 7.21782813e-002
 6.59734457e-001 1.25697233e+000 1.18553302e+000 7.14393087e-002
 6.91150384e-001 1.33383318e+000 1.27230491e+000 6.15282696e-002
 7.22566310e-001 1.40577187e+000 1.36211218e+000 4.36596858e-002
 7.53982237e-001 1.47491540e+000 1.45496874e+000 1.99466552e-002
 7.85398163e-001 1.54405012e+000 1.55088320e+000 6.83307451e-003
 8.16814090e-001 1.61634521e+000 1.64985847e+000 3.35132584e-002
 8.48230016e-001 1.69504878e+000 1.75189144e+000 5.68426596e-002
 8.79645943e-001 1.78316666e+000 1.85697256e+000 7.38059006e-002
 9.11061870e-001 1.88313489e+000 1.96508546e+000 8.19505708e-002
 9.42477796e-001 1.99650463e+000 2.07620652e+000 7.97018956e-002
 9.73893723e-001 2.12367014e+000 2.19030447e+000 6.66343384e-002
 1.00530965e+000 2.26368218e+000 2.30733996e+000 4.36577715e-002
 1.03672558e+000 2.41419516e+000 2.42726507e+000 1.30699078e-002
 1.06814150e+000 2.57159137e+000 2.55002291e+000 2.15684589e-002
 1.09955743e+000 2.73130758e+000 2.67554714e+000 5.57604321e-002
 1.13097336e+000 2.88835742e+000 2.80376147e+000 8.45959499e-002
 1.16238928e+000 3.03800405e+000 2.93457919e+000 1.03424859e-001
 1.19380521e+000 3.17649695e+000 3.06790264e+000 1.08594309e-001
 1.22522113e+000 3.30175660e+000 3.20362276e+000 9.81338420e-002
 1.25663706e+000 3.41387753e+000 3.34161850e+000 7.22590294e-002
 1.28805299e+000 3.51533301e+000 3.48175637e+000 3.35766462e-002
 1.31946891e+000 3.61080255e+000 3.62388980e+000 1.30872586e-002
 1.35088484e+000 3.70660407e+000 3.76785871e+000 6.12546416e-002
 1.38230077e+000 3.80978526e+000 3.91348887e+000 1.03703607e-001
 1.41371669e+000 3.92699974e+000 4.06059136e+000 1.33591617e-001
 1.44513262e+000 4.06334888e+000 4.20896203e+000 1.45613149e-001
 1.47654855e+000 4.22139482e+000 4.35838090e+000 1.36986076e-001
 1.50796447e+000 4.40053760e+000 4.50861158e+000 1.08073986e-001
 1.53938040e+000 4.59689709e+000 4.65940072e+000 6.25036305e-002
 1.57079633e+000 4.80375655e+000 4.81047738e+000 6.72083106e-003
 1.60221225e+000 5.01252255e+000 4.96155248e+000 5.09700684e-002
 1.63362818e+000 5.21405581e+000 5.11231819e+000 1.01737622e-001
 1.66504411e+000 5.40014863e+000 5.26244735e+000 1.37701287e-001
 1.69646003e+000 5.56488476e+000 5.41159287e+000 1.53291887e-001
 1.72787596e+000 5.70562711e+000 5.55938719e+000 1.46239925e-001
 1.75929189e+000 5.82343850e+000 5.70544161e+000 1.17996882e-001
 1.79070781e+000 5.92284116e+000 5.84934583e+000 7.34953301e-002
 1.82212374e+000 6.01094447e+000 5.99066728e+000 2.02771873e-002
 1.85353967e+000 6.09609254e+000 6.12895062e+000 3.28580726e-002
 1.88495559e+000 6.18628064e+000 6.26371715e+000 7.74365033e-002
 1.91637152e+000 6.28763970e+000 6.39446431e+000 1.06824610e-001
 1.94778745e+000 6.40328110e+000 6.52066514e+000 1.17384033e-001
 1.97920337e+000 6.53272778e+000 6.64176775e+000 1.09039969e-001
 2.01061930e+000 6.67204435e+000 6.75719486e+000 8.51505095e-002
 2.04203522e+000 6.81464042e+000 6.86634331e+000 5.17028883e-002
 2.07345115e+000 6.95258432e+000 6.96858362e+000 1.59992997e-002
 2.10486708e+000 7.07815810e+000 7.06325955e+000 1.48985433e-002
 2.13628300e+000 7.18533131e+000 7.14968773e+000 3.56435746e-002
 2.16769893e+000 7.27084328e+000 7.22715726e+000 4.36860222e-002
 2.19911486e+000 7.33466101e+000 7.29492939e+000 3.97316251e-002
 2.23053078e+000 7.37970789e+000 7.35223721e+000 2.74706821e-002
 2.26194671e+000 7.41091231e+000 7.39828542e+000 1.26268913e-002
 2.29336264e+000 7.43377277e+000 7.43225005e+000 1.52272072e-003
 2.32477856e+000 7.45274693e+000 7.45327834e+000 5.31401226e-004
 2.35619449e+000 7.46982049e+000 7.46048854e+000 9.33195212e-003
 2.38761042e+000 7.48358645e+000 7.45296991e+000 3.06165436e-002
 2.41902634e+000 7.48906790e+000 7.42978262e+000 5.92852847e-002
 2.45044227e+000 7.47836627e+000 7.38995783e+000 8.84084364e-002
 2.48185820e+000 7.44204132e+000 7.33249776e+000 1.09543561e-001
 2.51327412e+000 7.37096548e+000 7.25637583e+000 1.14589644e-001
 2.54469005e+000 7.25827735e+000 7.16053693e+000 9.77404164e-002
 2.57610598e+000 7.10101533e+000 7.04389766e+000 5.71176676e-002
 2.60752190e+000 6.90105366e+000 6.90534676e+000 4.29309173e-003
 2.63893783e+000 6.66508597e+000 6.74374551e+000 7.86595372e-002
 2.67035376e+000 6.40358383e+000 6.55792832e+000 1.54344489e-001
 2.70176968e+000 6.12886556e+000 6.34670335e+000 2.17837790e-001
 2.73318561e+000 5.85260191e+000 6.10885319e+000 2.56251275e-001
 2.76460154e+000 5.58322198e+000 5.84313575e+000 2.59913766e-001
 2.79601746e+000 5.32373303e+000 5.54828513e+000 2.24552105e-001
 2.82743339e+000 5.07042001e+000 5.22301271e+000 1.52592695e-001
 2.85884931e+000 4.81274770e+000 4.86600825e+000 5.32605451e-002
 2.89026524e+000 4.53457582e+000 4.47594118e+000 5.86346351e-002
 2.92168117e+000 4.21655379e+000 4.05146201e+000 1.65091775e-001
 2.95309709e+000 3.83933226e+000 3.59120382e+000 2.48128438e-001
 2.98451302e+000 3.38705848e+000 3.09378392e+000 2.93274561e-001
 3.01592895e+000 2.85054616e+000 2.55780566e+000 2.92740495e-001
 3.04734487e+000 2.22954447e+000 1.98186037e+000 2.47684104e-001
 3.07876080e+000 1.53367250e+000 1.36452942e+000 1.69143080e-001
 3.11017673e+000 7.81809620e-001 7.04386497e-001 7.74231230e-002
 3.14159265e+000 4.00414766e-015 2.83382392e-015 1.17032373e-015
