 0.00000000e+000 0.00000000e+000 0.00000000e+000 0.00000000e+000
 3.14159265e-002 5.39169870e-002 3.24132214e-002 2.15037656e-002
 6.28318531e-002 1.07653355e-001 6.68623449e-002 4.07910105e-002
 9.42477796e-002 1.61039722e-001 1.03409224e-001 5.76304981e-002
 1.25663706e-001 2.13928828e-001 1.42115451e-001 7.18133765e-002
 1.57079633e-001 2.66205733e-001 1.83042214e-001 8.31635192e-002
 1.88495559e-001 3.17797011e-001 2.26250143e-001 9.15468680e-002
 2.19911486e-001 3.68678643e-001 2.71799158e-001 9.68794851e-002
 2.51327412e-001 4.18882353e-001 3.19748292e-001 9.91340609e-002
 2.82743339e-001 4.68500189e-001 3.70155520e-001 9.83446691e-002
 3.14159265e-001 5.17687175e-001 4.23077568e-001 9.46096069e-002
 3.45575192e-001 5.66661936e-001 4.78569719e-001 8.80922171e-002
 3.76991118e-001 6.15705250e-001 5.36685605e-001 7.90196449e-002
 4.08407045e-001 6.65156535e-001 5.97476992e-001 6.76795425e-002
 4.39822972e-001 7.15408348e-001 6.60993554e-001 5.44147940e-002
 4.71238898e-001 7.66899026e-001 7.27282634e-001 3.96163918e-002
 5.02654825e-001 8.20103650e-001 7.96388999e-001 2.37146508e-002
 5.34070751e-001 8.75523573e-001 8.68354578e-001 7.16899472e-003
 5.65486678e-001 9.33674794e-001 9.43218198e-001 9.54340391e-003
 5.96902604e-001 9.95075483e-001 1.02101530e+000 2.59398156e-002
 6.28318531e-001 1.06023301e+000 1.10177764e+000 4.15446327e-002
 6.59734457e-001 1.12963084e+000 1.18553302e+000 5.59021730e-002
 6.91150384e-001 1.20371567e+000 1.27230491e+000 6.85892373e-002
 7.22566310e-001 1.28288513e+000 1.36211218e+000 7.92270513e-002
 7.53982237e-001 1.36747651e+000 1.45496874e+000 8.74922349e-002
 7.85398163e-001 1.45775673e+000 1.55088320e+000 9.31264630e-002
 8.16814090e-001 1.55391395e+000 1.64985847e+000 9.59445156e-002
 8.48230016e-001 1.65605098e+000 1.75189144e+000 9.58404532e-002
 8.79645943e-001 1.76418086e+000 1.85697256e+000 9.27917040e-002
 9.11061870e-001 1.87822456e+000 1.96508546e+000 8.68609033e-002
 9.42477796e-001 1.99801114e+000 2.07620652e+000 7.81953858e-002
 9.73893723e-001 2.12328018e+000 2.19030447e+000 6.70242969e-002
 1.00530965e+000 2.25368660e+000 2.30733996e+000 5.36533527e-002
 1.03672558e+000 2.38880772e+000 2.42726507e+000 3.84573474e-002
 1.06814150e+000 2.52815234e+000 2.55002291e+000 2.18705685e-002
 1.09955743e+000 2.67117180e+000 2.67554714e+000 4.37534408e-003
 1.13097336e+000 2.81727247e+000 2.80376147e+000 1.35109988e-002
 1.16238928e+000 2.96582962e+000 2.93457919e+000 3.12504347e-002
 1.19380521e+000 3.11620207e+000 3.06790264e+000 4.82994289e-002
 1.22522113e+000 3.26774737e+000 3.20362276e+000 6.41246107e-002
 1.25663706e+000 3.41983701e+000 3.34161850e+000 7.82185062e-002
 1.28805299e+000 3.57187126e+000 3.48175637e+000 9.01148917e-002
 1.31946891e+000 3.72329314e+000 3.62388980e+000 9.94033329e-002
 1.35088484e+000 3.87360120e+000 3.76785871e+000 1.05742485e-001
 1.38230077e+000 4.02236062e+000 3.91348887e+000 1.08871749e-001
 1.41371669e+000 4.16921229e+000 4.06059136e+000 1.08620927e-001
 1.44513262e+000 4.31387958e+000 4.20896203e+000 1.04917547e-001
 1.47654855e+000 4.45617249e+000 4.35838090e+000 9.77915913e-002
 1.50796447e+000 4.59598902e+000 4.50861158e+000 8.73774388e-002
 1.53938040e+000 4.73331359e+000 4.65940072e+000 7.39128709e-002
 1.57079633e+000 4.86821248e+000 4.81047738e+000 5.77350980e-002
 1.60221225e+000 5.00082630e+000 4.96155248e+000 3.92738216e-002
 1.63362818e+000 5.13135962e+000 5.11231819e+000 1.90414348e-002
 1.66504411e+000 5.26006789e+000 5.26244735e+000 2.37945720e-003
 1.69646003e+000 5.38724193e+000 5.41159287e+000 2.43509395e-002
 1.72787596e+000 5.51319040e+000 5.55938719e+000 4.61967826e-002
 1.75929189e+000 5.63822048e+000 5.70544161e+000 6.72211351e-002
 1.79070781e+000 5.76261737e+000 5.84934583e+000 8.67284606e-002
 1.82212374e+000 5.88662306e+000 5.99066728e+000 1.04044219e-001
 1.85353967e+000 6.01041486e+000 6.12895062e+000 1.18535755e-001
 1.88495559e+000 6.13408431e+000 6.26371715e+000 1.29632836e-001
 1.91637152e+000 6.25761705e+000 6.39446431e+000 1.36847265e-001
 1.94778745e+000 6.38087414e+000 6.52066514e+000 1.39791002e-001
 1.97920337e+000 6.50357550e+000 6.64176775e+000 1.38192250e-001
 2.01061930e+000 6.62528589e+000 6.75719486e+000 1.31908975e-001
 2.04203522e+000 6.74540392e+000 6.86634331e+000 1.20939395e-001
 2.07345115e+000 6.86315461e+000 6.96858362e+000 1.05429014e-001
 2.10486708e+000 6.97758569e+000 7.06325955e+000 8.56738617e-002
 2.13628300e+000 7.08756808e+000 7.14968773e+000 6.21196538e-002
 2.16769893e+000 7.19180056e+000 7.22715726e+000 3.53567014e-002
 2.19911486e+000 7.28881891e+000 7.29492939e+000 6.11047497e-003
 2.23053078e+000 7.37700938e+000 7.35223721e+000 2.47721695e-002
 2.26194671e+000 7.45462641e+000 7.39828542e+000 5.63409929e-002
 2.29336264e+000 7.51981445e+000 7.43225005e+000 8.75643973e-002
 2.32477856e+000 7.57063350e+000 7.45327834e+000 1.17355164e-001
 2.35619449e+000 7.60508805e+000 7.46048854e+000 1.44599512e-001
 2.38761042e+000 7.62115889e+000 7.45296991e+000 1.68188980e-001
 2.41902634e+000 7.61683721e+000 7.42978262e+000 1.87054589e-001
 2.45044227e+000 7.59016047e+000 7.38995783e+000 2.00202637e-001
 2.48185820e+000 7.53924922e+000 7.33249776e+000 2.06751458e-001
 2.51327412e+000 7.46234425e+000 7.25637583e+000 2.05968416e-001
 2.54469005e+000 7.35784332e+000 7.16053693e+000 1.97306393e-001
 2.57610598e+000 7.22433667e+000 7.04389766e+000 1.80439010e-001
 2.60752190e+000 7.06064059e+000 6.90534676e+000 1.55293838e-001
 2.63893783e+000 6.86582838e+000 6.74374551e+000 1.22082875e-001
 2.67035376e+000 6.63925792e+000 6.55792832e+000 8.13295974e-002
 2.70176968e+000 6.38059531e+000 6.34670335e+000 3.38919648e-002
 2.73318561e+000 6.08983400e+000 6.10885319e+000 1.90191860e-002
 2.76460154e+000 5.76730891e+000 5.84313575e+000 7.58268378e-002
 2.79601746e+000 5.41370517e+000 5.54828513e+000 1.34579963e-001
 2.82743339e+000 5.03006125e+000 5.22301271e+000 1.92951455e-001
 2.85884931e+000 4.61776626e+000 4.86600825e+000 2.48241985e-001
 2.89026524e+000 4.17855132e+000 4.47594118e+000 2.97389857e-001
 2.92168117e+000 3.71447522e+000 4.05146201e+000 3.36986794e-001
 2.95309709e+000 3.22790433e+000 3.59120382e+000 3.63299484e-001
 2.98451302e+000 2.72148731e+000 3.09378392e+000 3.72296605e-001
 3.01592895e+000 2.19812473e+000 2.55780566e+000 3.59680927e-001
 3.04734487e+000 1.66093437e+000 1.98186037e+000 3.20926000e-001
 3.07876080e+000 1.11321257e+000 1.36452942e+000 2.51316844e-001
 3.11017673e+000 5.58392529e-001 7.04386497e-001 1.45993968e-001
 3.14159265e+000 2.58011305e-015 2.83382392e-015 2.53710875e-016
