 0.00000000e+000 0.00000000e+000 0.00000000e+000 0.00000000e+000
 3.14159265e-002 3.16853024e-002 3.24132214e-002 7.27918945e-004
 6.28318531e-002 6.42548386e-002 6.68623449e-002 2.60750626e-003
 9.42477796e-002 9.85325930e-002 1.03409224e-001 4.87663128e-003
 1.25663706e-001 1.35227901e-001 1.42115451e-001 6.88755000e-003
 1.57079633e-001 1.74892158e-001 1.83042214e-001 8.15005513e-003
 1.88495559e-001 2.17890761e-001 2.26250143e-001 8.35938225e-003
 2.19911486e-001 2.64392869e-001 2.71799158e-001 7.40628849e-003
 2.51327412e-001 3.14379768e-001 3.19748292e-001 5.36852452e-003
 2.82743339e-001 3.67670720e-001 3.70155520e-001 2.48480051e-003
 3.14159265e-001 4.23963460e-001 4.23077568e-001 8.85891648e-004
 3.45575192e-001 4.82884993e-001 4.78569719e-001 4.31527406e-003
 3.76991118e-001 5.44047360e-001 5.36685605e-001 7.36175499e-003
 4.08407045e-001 6.07102565e-001 5.97476992e-001 9.62557210e-003
 4.39822972e-001 6.71790991e-001 6.60993554e-001 1.07974361e-002
 4.71238898e-001 7.37978358e-001 7.27282634e-001 1.06957231e-002
 5.02654825e-001 8.05677491e-001 7.96388999e-001 9.28849267e-003
 5.34070751e-001 8.75052796e-001 8.68354578e-001 6.69821824e-003
 5.65486678e-001 9.46407140e-001 9.43218198e-001 3.18894218e-003
 5.96902604e-001 1.02015272e+000 1.02101530e+000 8.62580612e-004
 6.28318531e-001 1.09676914e+000 1.10177764e+000 5.00850328e-003
 6.59734457e-001 1.17675334e+000 1.18553302e+000 8.77968147e-003
 6.91150384e-001 1.26056672e+000 1.27230491e+000 1.17381920e-002
 7.22566310e-001 1.34858534e+000 1.36211218e+000 1.35268392e-002
 7.53982237e-001 1.44105851e+000 1.45496874e+000 1.39102314e-002
 7.85398163e-001 1.53808030e+000 1.55088320e+000 1.28028984e-002
 8.16814090e-001 1.63957717e+000 1.64985847e+000 1.02812981e-002
 8.48230016e-001 1.74531317e+000 1.75189144e+000 6.57826879e-003
 8.79645943e-001 1.85491220e+000 1.85697256e+000 2.06036144e-003
 9.11061870e-001 1.96789513e+000 1.96508546e+000 2.80967464e-003
 9.42477796e-001 2.08372789e+000 2.07620652e+000 7.52136789e-003
 9.73893723e-001 2.20187534e+000 2.19030447e+000 1.15708647e-002
 1.00530965e+000 2.32185531e+000 2.30733996e+000 1.45153550e-002
 1.03672558e+000 2.44328680e+000 2.42726507e+000 1.60217319e-002
 1.06814150e+000 2.56592709e+000 2.55002291e+000 1.59041783e-002
 1.09955743e+000 2.68969364e+000 2.67554714e+000 1.41464949e-002
 1.13097336e+000 2.81466803e+000 2.80376147e+000 1.09065559e-002
 1.16238928e+000 2.94108134e+000 2.93457919e+000 6.50215370e-003
 1.19380521e+000 3.06928211e+000 3.06790264e+000 1.37947025e-003
 1.22522113e+000 3.19969004e+000 3.20362276e+000 3.93271255e-003
 1.25663706e+000 3.33274012e+000 3.34161850e+000 8.87838252e-003
 1.28805299e+000 3.46882290e+000 3.48175637e+000 1.29334662e-002
 1.31946891e+000 3.60822729e+000 3.62388980e+000 1.56625155e-002
 1.35088484e+000 3.75109193e+000 3.76785871e+000 1.67667881e-002
 1.38230077e+000 3.89737046e+000 3.91348887e+000 1.61184071e-002
 1.41371669e+000 4.04681468e+000 4.06059136e+000 1.37766759e-002
 1.44513262e+000 4.19897757e+000 4.20896203e+000 9.98445905e-003
 1.47654855e+000 4.35323627e+000 4.35838090e+000 5.14462904e-003
 1.50796447e+000 4.50883286e+000 4.50861158e+000 2.21281913e-004
 1.53938040e+000 4.66492885e+000 4.65940072e+000 5.52813554e-003
 1.57079633e+000 4.82066767e+000 4.81047738e+000 1.01902921e-002
 1.60221225e+000 4.97523860e+000 4.96155248e+000 1.36861144e-002
 1.63362818e+000 5.12793510e+000 5.11231819e+000 1.56169061e-002
 1.66504411e+000 5.27820108e+000 5.26244735e+000 1.57537369e-002
 1.69646003e+000 5.42565961e+000 5.41159287e+000 1.40667346e-002
 1.72787596e+000 5.57012035e+000 5.55938719e+000 1.07331610e-002
 1.75929189e+000 5.71156438e+000 5.70544161e+000 6.12276098e-003
 1.79070781e+000 5.85010712e+000 5.84934583e+000 7.61283191e-004
 1.82212374e+000 5.98594273e+000 5.99066728e+000 4.72455256e-003
 1.85353967e+000 6.11927537e+000 6.12895062e+000 9.67524887e-003
 1.88495559e+000 6.25024426e+000 6.26371715e+000 1.34728847e-002
 1.91637152e+000 6.37885061e+000 6.39446431e+000 1.56137024e-002
 1.94778745e+000 6.50489425e+000 6.52066514e+000 1.57708835e-002
 1.97920337e+000 6.62792755e+000 6.64176775e+000 1.38401951e-002
 2.01061930e+000 6.74723214e+000 6.75719486e+000 9.96272505e-003
 2.04203522e+000 6.86182219e+000 6.86634331e+000 4.52112507e-003
 2.07345115e+000 6.97047516e+000 6.96858362e+000 1.89153620e-003
 2.10486708e+000 7.07178787e+000 7.06325955e+000 8.52831910e-003
 2.13628300e+000 7.16425328e+000 7.14968773e+000 1.45655476e-002
 2.16769893e+000 7.24635053e+000 7.22715726e+000 1.91932731e-002
 2.19911486e+000 7.31663938e+000 7.29492939e+000 2.17099937e-002
 2.23053078e+000 7.37384880e+000 7.35223721e+000 2.16115866e-002
 2.26194671e+000 7.41694986e+000 7.39828542e+000 1.86644347e-002
 2.29336264e+000 7.44520383e+000 7.43225005e+000 1.29537773e-002
 2.32477856e+000 7.45817868e+000 7.45327834e+000 4.90034738e-003
 2.35619449e+000 7.45572975e+000 7.46048854e+000 4.75879277e-003
 2.38761042e+000 7.43794404e+000 7.45296991e+000 1.50258665e-002
 2.41902634e+000 7.40505123e+000 7.42978262e+000 2.47313856e-002
 2.45044227e+000 7.35730799e+000 7.38995783e+000 3.26498380e-002
 2.48185820e+000 7.29486562e+000 7.33249776e+000 3.76321393e-002
 2.51327412e+000 7.21763336e+000 7.25637583e+000 3.87424706e-002
 2.54469005e+000 7.12515124e+000 7.16053693e+000 3.53856889e-002
 2.57610598e+000 7.01648638e+000 7.04389766e+000 2.74112823e-002
 2.60752190e+000 6.89016584e+000 6.90534676e+000 1.51809165e-002
 2.63893783e+000 6.74415655e+000 6.74374551e+000 4.11042829e-004
 2.67035376e+000 6.57589952e+000 6.55792832e+000 1.79712001e-002
 2.70176968e+000 6.38240122e+000 6.34670335e+000 3.56978727e-002
 2.73318561e+000 6.16038018e+000 6.10885319e+000 5.15269871e-002
 2.76460154e+000 5.90646206e+000 5.84313575e+000 6.33263180e-002
 2.79601746e+000 5.61741182e+000 5.54828513e+000 6.91266935e-002
 2.82743339e+000 5.29038766e+000 5.22301271e+000 6.73749562e-002
 2.85884931e+000 4.92319899e+000 4.86600825e+000 5.71907427e-002
 2.89026524e+000 4.51454896e+000 4.47594118e+000 3.86077753e-002
 2.92168117e+000 4.06424254e+000 4.05146201e+000 1.27805295e-002
 2.95309709e+000 3.57334269e+000 3.59120382e+000 1.78611269e-002
 2.98451302e+000 3.04426038e+000 3.09378392e+000 4.95235336e-002
 3.01592895e+000 2.48076881e+000 2.55780566e+000 7.70368520e-002
 3.04734487e+000 1.88793723e+000 1.98186037e+000 9.39231383e-002
 3.07876080e+000 1.27198591e+000 1.36452942e+000 9.25435093e-002
 3.11017673e+000 6.40069290e-001 7.04386497e-001 6.43172068e-002
 3.14159265e+000 3.01014688e-015 2.83382392e-015 1.76322955e-016
