 0.00000000e+000 0.00000000e+000 0.00000000e+000 0.00000000e+000
 3.14159265e-002 -2.39043199e-001 3.24132214e-002 2.71456420e-001
 6.28318531e-002 -1.84551985e+000 6.68623449e-002 1.91238220e+000
 9.42477796e-002 -4.57344691e+000 1.03409224e-001 4.67685613e+000
 1.25663706e-001 -6.40774606e+000 1.42115451e-001 6.54986151e+000
 1.57079633e-001 -5.10493964e+000 1.83042214e-001 5.28798185e+000
 1.88495559e-001 -2.23442844e-001 2.26250143e-001 4.49692987e-001
 2.19911486e-001 6.05133653e+000 2.71799158e-001 5.77953737e+000
 2.51327412e-001 1.00945145e+001 3.19748292e-001 9.77476617e+000
 2.82743339e-001 9.27487289e+000 3.70155520e-001 8.90471737e+000
 3.14159265e-001 3.85138879e+000 4.23077568e-001 3.42831122e+000
 3.45575192e-001 -3.09539196e+000 4.78569719e-001 3.57396168e+000
 3.76991118e-001 -7.67168814e+000 5.36685605e-001 8.20837374e+000
 4.08407045e-001 -7.66616900e+000 5.97476992e-001 8.26364599e+000
 4.39822972e-001 -3.77066731e+000 6.60993554e-001 4.43166086e+000
 4.71238898e-001 1.22764212e+000 7.27282634e-001 5.00359483e-001
 5.02654825e-001 4.52699000e+000 7.96388999e-001 3.73060100e+000
 5.34070751e-001 5.06537578e+000 8.68354578e-001 4.19702120e+000
 5.65486678e-001 3.76344220e+000 9.43218198e-001 2.82022400e+000
 5.96902604e-001 2.32991897e+000 1.02101530e+000 1.30890367e+000
 6.28318531e-001 1.76960808e+000 1.10177764e+000 6.67830437e-001
 6.59734457e-001 1.79795645e+000 1.18553302e+000 6.12423432e-001
 6.91150384e-001 1.47464221e+000 1.27230491e+000 2.02337301e-001
 7.22566310e-001 3.27152568e-001 1.36211218e+000 1.03495961e+000
 7.53982237e-001 -1.09296326e+000 1.45496874e+000 2.54793200e+000
 7.85398163e-001 -1.68217225e+000 1.55088320e+000 3.23305545e+000
 8.16814090e-001 -7.99484776e-001 1.64985847e+000 2.44934324e+000
 8.48230016e-001 1.12512499e+000 1.75189144e+000 6.26766448e-001
 8.79645943e-001 2.93839947e+000 1.85697256e+000 1.08142691e+000
 9.11061870e-001 3.74103253e+000 1.96508546e+000 1.77594707e+000
 9.42477796e-001 3.60169615e+000 2.07620652e+000 1.52548963e+000
 9.73893723e-001 3.35924547e+000 2.19030447e+000 1.16894100e+000
 1.00530965e+000 3.69875077e+000 2.30733996e+000 1.39141081e+000
 1.03672558e+000 4.36725973e+000 2.42726507e+000 1.93999467e+000
 1.06814150e+000 4.30468240e+000 2.55002291e+000 1.75465949e+000
 1.09955743e+000 2.65830951e+000 2.67554714e+000 1.72376301e-002
 1.13097336e+000 -1.81934723e-001 2.80376147e+000 2.98569620e+000
 1.16238928e+000 -2.50524226e+000 2.93457919e+000 5.43982144e+000
 1.19380521e+000 -2.38855327e+000 3.06790264e+000 5.45645591e+000
 1.22522113e+000 7.91775188e-001 3.20362276e+000 2.41184757e+000
 1.25663706e+000 5.65402205e+000 3.34161850e+000 2.31240354e+000
 1.28805299e+000 9.56181338e+000 3.48175637e+000 6.08005701e+000
 1.31946891e+000 1.03569247e+001 3.62388980e+000 6.73303494e+000
 1.35088484e+000 7.80725031e+000 3.76785871e+000 4.03939159e+000
 1.38230077e+000 3.69479690e+000 3.91348887e+000 2.18691971e-001
 1.41371669e+000 5.05228371e-001 4.06059136e+000 3.55536299e+000
 1.44513262e+000 -2.61547763e-001 4.20896203e+000 4.47050979e+000
 1.47654855e+000 1.10030450e+000 4.35838090e+000 3.25807640e+000
 1.50796447e+000 3.08649006e+000 4.50861158e+000 1.42212152e+000
 1.53938040e+000 4.35861425e+000 4.65940072e+000 3.00786474e-001
 1.57079633e+000 4.74135904e+000 4.81047738e+000 6.91183441e-002
 1.60221225e+000 5.07626800e+000 4.96155248e+000 1.14715522e-001
 1.63362818e+000 6.17509722e+000 5.11231819e+000 1.06277903e+000
 1.66504411e+000 7.86592453e+000 5.26244735e+000 2.60347718e+000
 1.69646003e+000 9.00109113e+000 5.41159287e+000 3.58949826e+000
 1.72787596e+000 8.43018265e+000 5.55938719e+000 2.87079546e+000
 1.75929189e+000 6.08807669e+000 5.70544161e+000 3.82635078e-001
 1.79070781e+000 3.23615212e+000 5.84934583e+000 2.61319372e+000
 1.82212374e+000 1.61108713e+000 5.99066728e+000 4.37958015e+000
 1.85353967e+000 2.16130336e+000 6.12895062e+000 3.96764726e+000
 1.88495559e+000 4.39631959e+000 6.26371715e+000 1.86739756e+000
 1.91637152e+000 6.85306468e+000 6.39446431e+000 4.58600369e-001
 1.94778745e+000 8.25125741e+000 6.52066514e+000 1.73059227e+000
 1.97920337e+000 8.36595469e+000 6.64176775e+000 1.72418694e+000
 2.01061930e+000 7.94132302e+000 6.75719486e+000 1.18412816e+000
 2.04203522e+000 7.82572321e+000 6.86634331e+000 9.59379902e-001
 2.07345115e+000 8.16431974e+000 6.96858362e+000 1.19573612e+000
 2.10486708e+000 8.37144624e+000 7.06325955e+000 1.30818669e+000
 2.13628300e+000 7.84345528e+000 7.14968773e+000 6.93767552e-001
 2.16769893e+000 6.66982649e+000 7.22715726e+000 5.57330763e-001
 2.19911486e+000 5.61160080e+000 7.29492939e+000 1.68332859e+000
 2.23053078e+000 5.34429270e+000 7.35223721e+000 2.00794451e+000
 2.26194671e+000 5.73036686e+000 7.39828542e+000 1.66791856e+000
 2.29336264e+000 5.93715331e+000 7.43225005e+000 1.49509674e+000
 2.32477856e+000 5.42454025e+000 7.45327834e+000 2.02873809e+000
 2.35619449e+000 4.87763937e+000 7.46048854e+000 2.58284917e+000
 2.38761042e+000 5.98430313e+000 7.45296991e+000 1.46866677e+000
 2.41902634e+000 9.87838060e+000 7.42978262e+000 2.44859798e+000
 2.45044227e+000 1.54068254e+001 7.38995783e+000 8.01686753e+000
 2.48185820e+000 1.89299156e+001 7.33249776e+000 1.15974178e+001
 2.51327412e+000 1.64300703e+001 7.25637583e+000 9.17369450e+000
 2.54469005e+000 6.81078292e+000 7.16053693e+000 3.49754013e-001
 2.57610598e+000 -6.10205889e+000 7.04389766e+000 1.31459566e+001
 2.60752190e+000 -1.48874710e+001 6.90534676e+000 2.17928178e+001
 2.63893783e+000 -1.29644311e+001 6.74374551e+000 1.97081766e+001
 2.67035376e+000 5.95461645e-001 6.55792832e+000 5.96246668e+000
 2.70176968e+000 1.93921649e+001 6.34670335e+000 1.30454615e+001
 2.73318561e+000 3.28620886e+001 6.10885319e+000 2.67532354e+001
 2.76460154e+000 3.26539216e+001 5.84313575e+000 2.68107858e+001
 2.79601746e+000 1.81005829e+001 5.54828513e+000 1.25522978e+001
 2.82743339e+000 -3.02125684e+000 5.22301271e+000 8.24426955e+000
 2.85884931e+000 -1.91745009e+001 4.86600825e+000 2.40405091e+001
 2.89026524e+000 -2.21681456e+001 4.47594118e+000 2.66440868e+001
 2.92168117e+000 -1.19502573e+001 4.05146201e+000 1.60017193e+001
 2.95309709e+000 4.03473126e+000 3.59120382e+000 4.43527446e-001
 2.98451302e+000 1.62287450e+001 3.09378392e+000 1.31349611e+001
 3.01592895e+000 1.91332095e+001 2.55780566e+000 1.65754038e+001
 3.04734487e+000 1.39916454e+001 1.98186037e+000 1.20097850e+001
 3.07876080e+000 6.47330604e+000 1.36452942e+000 5.10877662e+000
 3.11017673e+000 1.59394193e+000 7.04386497e-001 8.89555430e-001
 3.14159265e+000 6.95016294e-014 2.83382392e-015 6.66678054e-014
