 0.00000000e+000 0.00000000e+000 0.00000000e+000 0.00000000e+000
 3.14159265e-002 3.77867869e-002 3.24132214e-002 5.37356549e-003
 6.28318531e-002 7.70354015e-002 6.68623449e-002 1.01730566e-002
 9.42477796e-002 1.19094695e-001 1.03409224e-001 1.56854704e-002
 1.25663706e-001 1.65098743e-001 1.42115451e-001 2.29832916e-002
 1.57079633e-001 2.15886262e-001 1.83042214e-001 3.28440489e-002
 1.88495559e-001 2.71949089e-001 2.26250143e-001 4.56989463e-002
 2.19911486e-001 3.33414603e-001 2.71799158e-001 6.16154449e-002
 2.51327412e-001 4.00063485e-001 3.19748292e-001 8.03151927e-002
 2.82743339e-001 4.71380609e-001 3.70155520e-001 1.01225089e-001
 3.14159265e-001 5.46633459e-001 4.23077568e-001 1.23555891e-001
 3.45575192e-001 6.24969709e-001 4.78569719e-001 1.46399990e-001
 3.76991118e-001 7.05523660e-001 5.36685605e-001 1.68838055e-001
 4.08407045e-001 7.87520409e-001 5.97476992e-001 1.90043417e-001
 4.39822972e-001 8.70366932e-001 6.60993554e-001 2.09373377e-001
 4.71238898e-001 9.53720695e-001 7.27282634e-001 2.26438061e-001
 5.02654825e-001 1.03752887e+000 7.96388999e-001 2.41139871e-001
 5.34070751e-001 1.12203430e+000 8.68354578e-001 2.53679724e-001
 5.65486678e-001 1.20774799e+000 9.43218198e-001 2.64529793e-001
 5.96902604e-001 1.29539133e+000 1.02101530e+000 2.74376032e-001
 6.28318531e-001 1.38581461e+000 1.10177764e+000 2.84036969e-001
 6.59734457e-001 1.47990080e+000 1.18553302e+000 2.94367787e-001
 6.91150384e-001 1.57846515e+000 1.27230491e+000 3.06160241e-001
 7.22566310e-001 1.68216163e+000 1.36211218e+000 3.20049447e-001
 7.53982237e-001 1.79140656e+000 1.45496874e+000 3.36437815e-001
 7.85398163e-001 1.90632777e+000 1.55088320e+000 3.55444573e-001
 8.16814090e-001 2.02674506e+000 1.64985847e+000 3.76886597e-001
 8.48230016e-001 2.15218431e+000 1.75189144e+000 4.00292869e-001
 8.79645943e-001 2.28192383e+000 1.85697256e+000 4.24951274e-001
 9.11061870e-001 2.41506833e+000 1.96508546e+000 4.49982874e-001
 9.42477796e-001 2.55064233e+000 2.07620652e+000 4.74435810e-001
 9.73893723e-001 2.68769321e+000 2.19030447e+000 4.97388731e-001
 1.00530965e+000 2.82539245e+000 2.30733996e+000 5.18052492e-001
 1.03672558e+000 2.96312401e+000 2.42726507e+000 5.35858943e-001
 1.06814150e+000 3.10054977e+000 2.55002291e+000 5.50526854e-001
 1.09955743e+000 3.23764452e+000 2.67554714e+000 5.62097373e-001
 1.13097336e+000 3.37469611e+000 2.80376147e+000 5.70934638e-001
 1.16238928e+000 3.51227004e+000 2.93457919e+000 5.77690851e-001
 1.19380521e+000 3.65114168e+000 3.06790264e+000 5.83239041e-001
 1.22522113e+000 3.79220303e+000 3.20362276e+000 5.88580271e-001
 1.25663706e+000 3.93635351e+000 3.34161850e+000 5.94735005e-001
 1.28805299e+000 4.08438664e+000 3.48175637e+000 6.02630276e-001
 1.31946891e+000 4.23688481e+000 3.62388980e+000 6.12995006e-001
 1.35088484e+000 4.39413394e+000 3.76785871e+000 6.26275221e-001
 1.38230077e+000 4.55606791e+000 3.91348887e+000 6.42579036e-001
 1.41371669e+000 4.72224963e+000 4.06059136e+000 6.61658268e-001
 1.44513262e+000 4.89189176e+000 4.20896203e+000 6.82929732e-001
 1.47654855e+000 5.06391591e+000 4.35838090e+000 7.05535010e-001
 1.50796447e+000 5.23704485e+000 4.50861158e+000 7.28433269e-001
 1.53938040e+000 5.40991863e+000 4.65940072e+000 7.50517915e-001
 1.57079633e+000 5.58122234e+000 4.81047738e+000 7.70744955e-001
 1.60221225e+000 5.74981177e+000 4.96155248e+000 7.88259293e-001
 1.63362818e+000 5.91482307e+000 5.11231819e+000 8.02504875e-001
 1.66504411e+000 6.07575323e+000 5.26244735e+000 8.13305884e-001
 1.69646003e+000 6.23250167e+000 5.41159287e+000 8.20908798e-001
 1.72787596e+000 6.38536620e+000 5.55938719e+000 8.25979010e-001
 1.75929189e+000 6.53499194e+000 5.70544161e+000 8.29550324e-001
 1.79070781e+000 6.68227654e+000 5.84934583e+000 8.32930712e-001
 1.82212374e+000 6.82823980e+000 5.99066728e+000 8.37572523e-001
 1.85353967e+000 6.97387022e+000 6.12895062e+000 8.44919601e-001
 1.88495559e+000 7.11996389e+000 6.26371715e+000 8.56246746e-001
 1.91637152e+000 7.26697290e+000 6.39446431e+000 8.72508592e-001
 1.94778745e+000 7.41487988e+000 6.52066514e+000 8.94214738e-001
 1.97920337e+000 7.56311382e+000 6.64176775e+000 9.21346072e-001
 2.01061930e+000 7.71051846e+000 6.75719486e+000 9.53323600e-001
 2.04203522e+000 7.85537946e+000 6.86634331e+000 9.89036143e-001
 2.07345115e+000 7.99551100e+000 6.96858362e+000 1.02692738e+000
 2.10486708e+000 8.12839609e+000 7.06325955e+000 1.06513653e+000
 2.13628300e+000 8.25136866e+000 7.14968773e+000 1.10168093e+000
 2.16769893e+000 8.36182100e+000 7.22715726e+000 1.13466374e+000
 2.19911486e+000 8.45741583e+000 7.29492939e+000 1.16248645e+000
 2.23053078e+000 8.53628094e+000 7.35223721e+000 1.18404373e+000
 2.26194671e+000 8.59716451e+000 7.39828542e+000 1.19887908e+000
 2.29336264e+000 8.63953177e+000 7.43225005e+000 1.20728171e+000
 2.32477856e+000 8.66358850e+000 7.45327834e+000 1.21031017e+000
 2.35619449e+000 8.67022294e+000 7.46048854e+000 1.20973440e+000
 2.38761042e+000 8.66086538e+000 7.45296991e+000 1.20789548e+000
 2.41902634e+000 8.63727300e+000 7.42978262e+000 1.20749038e+000
 2.45044227e+000 8.60125494e+000 7.38995783e+000 1.21129711e+000
 2.48185820e+000 8.55435996e+000 7.33249776e+000 1.22186220e+000
 2.51327412e+000 8.49755400e+000 7.25637583e+000 1.24117816e+000
 2.54469005e+000 8.43091800e+000 7.16053693e+000 1.27038107e+000
 2.57610598e+000 8.35339693e+000 7.04389766e+000 1.30949927e+000
 2.60752190e+000 8.26262820e+000 6.90534676e+000 1.35728144e+000
 2.63893783e+000 8.15487287e+000 6.74374551e+000 1.41112736e+000
 2.67035376e+000 8.02506547e+000 6.55792832e+000 1.46713715e+000
 2.70176968e+000 7.86698903e+000 6.34670335e+000 1.52028568e+000
 2.73318561e+000 7.67357145e+000 6.10885319e+000 1.56471826e+000
 2.76460154e+000 7.43728916e+000 5.84313575e+000 1.59415342e+000
 2.79601746e+000 7.15065392e+000 5.54828513e+000 1.60236879e+000
 2.82743339e+000 6.80675047e+000 5.22301271e+000 1.58373776e+000
 2.85884931e+000 6.39978703e+000 4.86600825e+000 1.53377879e+000
 2.89026524e+000 5.92561748e+000 4.47594118e+000 1.44967630e+000
 2.92168117e+000 5.38219443e+000 4.05146201e+000 1.33073242e+000
 2.95309709e+000 4.76991616e+000 3.59120382e+000 1.17871235e+000
 2.98451302e+000 4.09183688e+000 3.09378392e+000 9.98052967e-001
 3.01592895e+000 3.35371932e+000 2.55780566e+000 7.95913657e-001
 3.04734487e+000 2.56391988e+000 1.98186037e+000 5.82059516e-001
 3.07876080e+000 1.73310891e+000 1.36452942e+000 3.68579496e-001
 3.11017673e+000 8.73840767e-001 7.04386497e-001 1.69454270e-001
 3.14159265e+000 1.89613193e-015 2.83382392e-015 9.37691996e-016
