 0.00000000e+000 0.00000000e+000 0.00000000e+000 0.00000000e+000
 3.14159265e-002 3.61883130e-002 3.24132214e-002 3.77509164e-003
 6.28318531e-002 7.25734100e-002 6.68623449e-002 5.71106511e-003
 9.42477796e-002 1.09411450e-001 1.03409224e-001 6.00222602e-003
 1.25663706e-001 1.47059645e-001 1.42115451e-001 4.94419387e-003
 1.57079633e-001 1.85986982e-001 1.83042214e-001 2.94476858e-003
 1.88495559e-001 2.26748568e-001 2.26250143e-001 4.98424728e-004
 2.19911486e-001 2.69927487e-001 2.71799158e-001 1.87167068e-003
 2.51327412e-001 3.16056642e-001 3.19748292e-001 3.69165060e-003
 2.82743339e-001 3.65538755e-001 3.70155520e-001 4.61676494e-003
 3.14159265e-001 4.18584160e-001 4.23077568e-001 4.49340831e-003
 3.45575192e-001 4.75182674e-001 4.78569719e-001 3.38704552e-003
 3.76991118e-001 5.35118533e-001 5.36685605e-001 1.56707258e-003
 4.08407045e-001 5.98027593e-001 5.97476992e-001 5.50600850e-004
 4.39822972e-001 6.63486119e-001 6.60993554e-001 2.49256456e-003
 4.71238898e-001 7.31112752e-001 7.27282634e-001 3.83011754e-003
 5.02654825e-001 8.00661603e-001 7.96388999e-001 4.27260386e-003
 5.34070751e-001 8.72085712e-001 8.68354578e-001 3.73113439e-003
 5.65486678e-001 9.45556294e-001 9.43218198e-001 2.33809611e-003
 5.96902604e-001 1.02143279e+000 1.02101530e+000 4.17495345e-004
 6.28318531e-001 1.10018982e+000 1.10177764e+000 1.58782187e-003
 6.59734457e-001 1.18231684e+000 1.18553302e+000 3.21618017e-003
 6.91150384e-001 1.26821290e+000 1.27230491e+000 4.09201082e-003
 7.22566310e-001 1.35810021e+000 1.36211218e+000 4.01196631e-003
 7.53982237e-001 1.45197632e+000 1.45496874e+000 2.99241872e-003
 7.85398163e-001 1.54961611e+000 1.55088320e+000 1.26708277e-003
 8.16814090e-001 1.65062372e+000 1.64985847e+000 7.65252717e-004
 8.48230016e-001 1.75452292e+000 1.75189144e+000 2.63148199e-003
 8.79645943e-001 1.86086560e+000 1.85697256e+000 3.89304324e-003
 9.11061870e-001 1.96933351e+000 1.96508546e+000 4.24805389e-003
 9.42477796e-001 2.07980960e+000 2.07620652e+000 3.60307842e-003
 9.73893723e-001 2.19240200e+000 2.19030447e+000 2.09752705e-003
 1.00530965e+000 2.30741430e+000 2.30733996e+000 7.43433429e-005
 1.03672558e+000 2.42526800e+000 2.42726507e+000 1.99706371e-003
 1.06814150e+000 2.54639436e+000 2.55002291e+000 3.62855173e-003
 1.09955743e+000 2.67111999e+000 2.67554714e+000 4.42715968e-003
 1.13097336e+000 2.79957262e+000 2.80376147e+000 4.18885007e-003
 1.16238928e+000 2.93162928e+000 2.93457919e+000 2.94990243e-003
 1.19380521e+000 3.06691947e+000 3.06790264e+000 9.83168663e-004
 1.22522113e+000 3.20488382e+000 3.20362276e+000 1.26106466e-003
 1.25663706e+000 3.34487551e+000 3.34161850e+000 3.25700572e-003
 1.28805299e+000 3.48628163e+000 3.48175637e+000 4.52525965e-003
 1.31946891e+000 3.62863653e+000 3.62388980e+000 4.74672256e-003
 1.35088484e+000 3.77170040e+000 3.76785871e+000 3.84168797e-003
 1.38230077e+000 3.91548369e+000 3.91348887e+000 1.99482262e-003
 1.41371669e+000 4.06021014e+000 4.06059136e+000 3.81224914e-004
 1.44513262e+000 4.20622531e+000 4.20896203e+000 2.73672412e-003
 1.47654855e+000 4.35387036e+000 4.35838090e+000 4.51053359e-003
 1.50796447e+000 4.50334943e+000 4.50861158e+000 5.26215224e-003
 1.53938040e+000 4.65462127e+000 4.65940072e+000 4.77944811e-003
 1.57079633e+000 4.80734127e+000 4.81047738e+000 3.13610667e-003
 1.60221225e+000 4.96086873e+000 4.96155248e+000 6.83751856e-004
 1.63362818e+000 5.11433975e+000 5.11231819e+000 2.02156482e-003
 1.66504411e+000 5.26679087e+000 5.26244735e+000 4.34352495e-003
 1.69646003e+000 5.41730593e+000 5.41159287e+000 5.71305508e-003
 1.72787596e+000 5.56515267e+000 5.55938719e+000 5.76548711e-003
 1.75929189e+000 5.70987647e+000 5.70544161e+000 4.43485367e-003
 1.79070781e+000 5.85132741e+000 5.84934583e+000 1.98157750e-003
 1.82212374e+000 5.98961170e+000 5.99066728e+000 1.05558015e-003
 1.85353967e+000 6.12497545e+000 6.12895062e+000 3.97516130e-003
 1.88495559e+000 6.25764514e+000 6.26371715e+000 6.07200961e-003
 1.91637152e+000 6.38766004e+000 6.39446431e+000 6.80426566e-003
 1.94778745e+000 6.51473554e+000 6.52066514e+000 5.92959427e-003
 1.97920337e+000 6.63819045e+000 6.64176775e+000 3.57729823e-003
 2.01061930e+000 6.75695851e+000 6.75719486e+000 2.36350655e-004
 2.04203522e+000 6.86968532e+000 6.86634331e+000 3.34201132e-003
 2.07345115e+000 6.97489230e+000 6.96858362e+000 6.30868030e-003
 2.10486708e+000 7.07117265e+000 7.06325955e+000 7.91309133e-003
 2.13628300e+000 7.15737514e+000 7.14968773e+000 7.68740329e-003
 2.16769893e+000 7.23273189e+000 7.22715726e+000 5.57463493e-003
 2.19911486e+000 7.29689688e+000 7.29492939e+000 1.96749309e-003
 2.23053078e+000 7.34988063e+000 7.35223721e+000 2.35658081e-003
 2.26194671e+000 7.39188999e+000 7.39828542e+000 6.39543011e-003
 2.29336264e+000 7.42310406e+000 7.43225005e+000 9.14599232e-003
 2.32477856e+000 7.44343448e+000 7.45327834e+000 9.84385198e-003
 2.35619449e+000 7.45232489e+000 7.46048854e+000 8.16365090e-003
 2.38761042e+000 7.44863919e+000 7.45296991e+000 4.33071300e-003
 2.41902634e+000 7.43067147e+000 7.42978262e+000 8.88853708e-004
 2.45044227e+000 7.39628462e+000 7.38995783e+000 6.32679183e-003
 2.48185820e+000 7.34315603e+000 7.33249776e+000 1.06582746e-002
 2.51327412e+000 7.26908221e+000 7.25637583e+000 1.27063798e-002
 2.54469005e+000 7.17227684e+000 7.16053693e+000 1.17399134e-002
 2.57610598e+000 7.05159247e+000 7.04389766e+000 7.69481150e-003
 2.60752190e+000 6.90660706e+000 6.90534676e+000 1.26030768e-003
 2.63893783e+000 6.73754149e+000 6.74374551e+000 6.20401750e-003
 2.67035376e+000 6.54500875e+000 6.55792832e+000 1.29195771e-002
 2.70176968e+000 6.32963325e+000 6.34670335e+000 1.70700977e-002
 2.73318561e+000 6.09161172e+000 6.10885319e+000 1.72414663e-002
 2.76460154e+000 5.83030825e+000 5.84313575e+000 1.28274927e-002
 2.79601746e+000 5.54398014e+000 5.54828513e+000 4.30498778e-003
 2.82743339e+000 5.22971586e+000 5.22301271e+000 6.70315173e-003
 2.85884931e+000 4.88363346e+000 4.86600825e+000 1.76252128e-002
 2.89026524e+000 4.50134248e+000 4.47594118e+000 2.54012988e-002
 2.92168117e+000 4.07862257e+000 4.05146201e+000 2.71605582e-002
 2.95309709e+000 3.61222714e+000 3.59120382e+000 2.10233187e-002
 2.98451302e+000 3.10068909e+000 3.09378392e+000 6.90516772e-003
 3.01592895e+000 2.54499466e+000 2.55780566e+000 1.28110043e-002
 3.04734487e+000 1.94900366e+000 1.98186037e+000 3.28567072e-002
 3.07876080e+000 1.31952875e+000 1.36452942e+000 4.50006642e-002
 3.11017673e+000 6.66037480e-001 7.04386497e-001 3.83490171e-002
 3.14159265e+000 3.17211437e-015 2.83382392e-015 3.38290449e-016
