 0.00000000e+000 0.00000000e+000 0.00000000e+000 0.00000000e+000
 3.14159265e-002 4.54725593e-002 3.24132214e-002 1.30593379e-002
 6.28318531e-002 8.94342745e-002 6.68623449e-002 2.25719296e-002
 9.42477796e-002 1.30838968e-001 1.03409224e-001 2.74297440e-002
 1.25663706e-001 1.69456428e-001 1.42115451e-001 2.73409763e-002
 1.57079633e-001 2.06023635e-001 1.83042214e-001 2.29814218e-002
 1.88495559e-001 2.42156412e-001 2.26250143e-001 1.59062691e-002
 2.19911486e-001 2.80038684e-001 2.71799158e-001 8.23952635e-003
 2.51327412e-001 3.21959710e-001 3.19748292e-001 2.21141822e-003
 2.82743339e-001 3.69806712e-001 3.70155520e-001 3.48807845e-004
 3.14159265e-001 4.24632653e-001 4.23077568e-001 1.55508469e-003
 3.45575192e-001 4.86403355e-001 4.78569719e-001 7.83363555e-003
 3.76991118e-001 5.53988034e-001 5.36685605e-001 1.73024289e-002
 4.08407045e-001 6.25401712e-001 5.97476992e-001 2.79247196e-002
 4.39822972e-001 6.98249520e-001 6.60993554e-001 3.72559656e-002
 4.71238898e-001 7.70275152e-001 7.27282634e-001 4.29925178e-002
 5.02654825e-001 8.39889773e-001 7.96388999e-001 4.35007742e-002
 5.34070751e-001 9.06559858e-001 8.68354578e-001 3.82052797e-002
 5.65486678e-001 9.70962618e-001 9.43218198e-001 2.77444199e-002
 5.96902604e-001 1.03486930e+000 1.02101530e+000 1.38540020e-002
 6.28318531e-001 1.10077823e+000 1.10177764e+000 9.99416234e-004
 6.59734457e-001 1.17137697e+000 1.18553302e+000 1.41560455e-002
 6.91150384e-001 1.24895336e+000 1.27230491e+000 2.33515469e-002
 7.22566310e-001 1.33488855e+000 1.36211218e+000 2.72236314e-002
 7.53982237e-001 1.42934876e+000 1.45496874e+000 2.56199801e-002
 7.85398163e-001 1.53124879e+000 1.55088320e+000 1.96344031e-002
 8.16814090e-001 1.63849946e+000 1.64985847e+000 1.13590054e-002
 8.48230016e-001 1.74848672e+000 1.75189144e+000 3.40471296e-003
 8.79645943e-001 1.85867639e+000 1.85697256e+000 1.70383192e-003
 9.11061870e-001 1.96720811e+000 1.96508546e+000 2.12264920e-003
 9.42477796e-001 2.07334247e+000 2.07620652e+000 2.86404892e-003
 9.73893723e-001 2.17765642e+000 2.19030447e+000 1.26480543e-002
 1.00530965e+000 2.28193763e+000 2.30733996e+000 2.54023224e-002
 1.03672558e+000 2.38879652e+000 2.42726507e+000 3.84685494e-002
 1.06814150e+000 2.50107900e+000 2.55002291e+000 4.89439096e-002
 1.09955743e+000 2.62121034e+000 2.67554714e+000 5.43368066e-002
 1.13097336e+000 2.75061808e+000 2.80376147e+000 5.31433948e-002
 1.16238928e+000 2.88936727e+000 2.93457919e+000 4.52119208e-002
 1.19380521e+000 3.03609490e+000 3.06790264e+000 3.18077431e-002
 1.22522113e+000 3.18826439e+000 3.20362276e+000 1.53583638e-002
 1.25663706e+000 3.34268827e+000 3.34161850e+000 1.06976927e-003
 1.28805299e+000 3.49620523e+000 3.48175637e+000 1.44488677e-002
 1.31946891e+000 3.64636039e+000 3.62388980e+000 2.24705833e-002
 1.35088484e+000 3.79193364e+000 3.76785871e+000 2.40749273e-002
 1.38230077e+000 3.93319250e+000 3.91348887e+000 1.97036320e-002
 1.41371669e+000 4.07180571e+000 4.06059136e+000 1.12143515e-002
 1.44513262e+000 4.21042995e+000 4.20896203e+000 1.46791872e-003
 1.47654855e+000 4.35205648e+000 4.35838090e+000 6.32441939e-003
 1.50796447e+000 4.49926136e+000 4.50861158e+000 9.35021980e-003
 1.53938040e+000 4.65352813e+000 4.65940072e+000 5.87258880e-003
 1.57079633e+000 4.81479948e+000 4.81047738e+000 4.32209711e-003
 1.60221225e+000 4.98136634e+000 4.96155248e+000 1.98138639e-002
 1.63362818e+000 5.15012883e+000 5.11231819e+000 3.78106363e-002
 1.66504411e+000 5.31717973e+000 5.26244735e+000 5.47323817e-002
 1.69646003e+000 5.47858698e+000 5.41159287e+000 6.69941070e-002
 1.72787596e+000 5.63120254e+000 5.55938719e+000 7.18153561e-002
 1.75929189e+000 5.77331461e+000 5.70544161e+000 6.78729951e-002
 1.79070781e+000 5.90499018e+000 5.84934583e+000 5.56443471e-002
 1.82212374e+000 6.02802072e+000 5.99066728e+000 3.73534368e-002
 1.85353967e+000 6.14547101e+000 6.12895062e+000 1.65203944e-002
 1.88495559e+000 6.26092105e+000 6.26371715e+000 2.79609274e-003
 1.91637152e+000 6.37756317e+000 6.39446431e+000 1.69011374e-002
 1.94778745e+000 6.49735437e+000 6.52066514e+000 2.33107658e-002
 1.97920337e+000 6.62041804e+000 6.64176775e+000 2.13497098e-002
 2.01061930e+000 6.74483920e+000 6.75719486e+000 1.23556580e-002
 2.04203522e+000 6.86691363e+000 6.86634331e+000 5.70317166e-004
 2.07345115e+000 6.98181075e+000 6.96858362e+000 1.32271335e-002
 2.10486708e+000 7.08451564e+000 7.06325955e+000 2.12560875e-002
 2.13628300e+000 7.17084733e+000 7.14968773e+000 2.11595946e-002
 2.16769893e+000 7.23832596e+000 7.22715726e+000 1.11687008e-002
 2.19911486e+000 7.28668624e+000 7.29492939e+000 8.24314739e-003
 2.23053078e+000 7.31790588e+000 7.35223721e+000 3.43313308e-002
 2.26194671e+000 7.33572114e+000 7.39828542e+000 6.25642760e-002
 2.29336264e+000 7.34471496e+000 7.43225005e+000 8.75350919e-002
 2.32477856e+000 7.34916238e+000 7.45327834e+000 1.04115956e-001
 2.35619449e+000 7.35188016e+000 7.46048854e+000 1.08608381e-001
 2.38761042e+000 7.35333754e+000 7.45296991e+000 9.96323633e-002
 2.41902634e+000 7.35123901e+000 7.42978262e+000 7.85436096e-002
 2.45044227e+000 7.34069510e+000 7.38995783e+000 4.92627285e-002
 2.48185820e+000 7.31497305e+000 7.33249776e+000 1.75247142e-002
 2.51327412e+000 7.26669053e+000 7.25637583e+000 1.03146935e-002
 2.54469005e+000 7.18921176e+000 7.16053693e+000 2.86748247e-002
 2.57610598e+000 7.07794800e+000 7.04389766e+000 3.40503410e-002
 2.60752190e+000 6.93127010e+000 6.90534676e+000 2.59233462e-002
 2.63893783e+000 6.75080897e+000 6.74374551e+000 7.06346289e-003
 2.67035376e+000 6.54104073e+000 6.55792832e+000 1.68875897e-002
 2.70176968e+000 6.30820181e+000 6.34670335e+000 3.85015404e-002
 2.73318561e+000 6.05872634e+000 6.10885319e+000 5.01268446e-002
 2.76460154e+000 5.79751262e+000 5.84313575e+000 4.56231272e-002
 2.79601746e+000 5.52638090e+000 5.54828513e+000 2.19042258e-002
 2.82743339e+000 5.24306906e+000 5.22301271e+000 2.00563539e-002
 2.85884931e+000 4.94102350e+000 4.86600825e+000 7.50152491e-002
 2.89026524e+000 4.61009763e+000 4.47594118e+000 1.34156450e-001
 2.92168117e+000 4.23809470e+000 4.05146201e+000 1.86632685e-001
 2.95309709e+000 3.81292060e+000 3.59120382e+000 2.21716786e-001
 2.98451302e+000 3.32498044e+000 3.09378392e+000 2.31196518e-001
 3.01592895e+000 2.76938596e+000 2.55780566e+000 2.11580301e-001
 3.04734487e+000 2.14755673e+000 1.98186037e+000 1.65696362e-001
 3.07876080e+000 1.46789292e+000 1.36452942e+000 1.03363502e-001
 3.11017673e+000 7.45357626e-001 7.04386497e-001 4.09711285e-002
 3.14159265e+000 1.79289779e-015 2.83382392e-015 1.04092613e-015
