 0.00000000e+000 0.00000000e+000 0.00000000e+000 0.00000000e+000
 3.14159265e-002 1.59203360e-001 3.24132214e-002 1.26790139e-001
 6.28318531e-002 1.03060619e+000 6.68623449e-002 9.63743841e-001
 9.42477796e-002 2.73540414e+000 1.03409224e-001 2.63199492e+000
 1.25663706e-001 4.59848877e+000 1.42115451e-001 4.45637332e+000
 1.57079633e-001 5.47897528e+000 1.83042214e-001 5.29593307e+000
 1.88495559e-001 4.45623311e+000 2.26250143e-001 4.22998297e+000
 2.19911486e-001 1.46382464e+000 2.71799158e-001 1.19202548e+000
 2.51327412e-001 -2.52242176e+000 3.19748292e-001 2.84217006e+000
 2.82743339e-001 -5.88549453e+000 3.70155520e-001 6.25565005e+000
 3.14159265e-001 -7.15857474e+000 4.23077568e-001 7.58165231e+000
 3.45575192e-001 -5.77470205e+000 4.78569719e-001 6.25327177e+000
 3.76991118e-001 -2.35686769e+000 5.36685605e-001 2.89355329e+000
 4.08407045e-001 1.61380150e+000 5.97476992e-001 1.01632451e+000
 4.39822972e-001 4.56438145e+000 6.60993554e-001 3.90338790e+000
 4.71238898e-001 5.60224740e+000 7.27282634e-001 4.87496477e+000
 5.02654825e-001 4.87043449e+000 7.96388999e-001 4.07404549e+000
 5.34070751e-001 3.31223359e+000 8.68354578e-001 2.44387902e+000
 5.65486678e-001 2.01491377e+000 9.43218198e-001 1.07169557e+000
 5.96902604e-001 1.54021184e+000 1.02101530e+000 5.19196546e-001
 6.28318531e-001 1.64278040e+000 1.10177764e+000 5.41002752e-001
 6.59734457e-001 1.53358782e+000 1.18553302e+000 3.48054807e-001
 6.91150384e-001 5.09993389e-001 1.27230491e+000 7.62311518e-001
 7.22566310e-001 -1.45202712e+000 1.36211218e+000 2.81413930e+000
 7.53982237e-001 -3.52992531e+000 1.45496874e+000 4.98489405e+000
 7.85398163e-001 -4.44429430e+000 1.55088320e+000 5.99517750e+000
 8.16814090e-001 -3.20063510e+000 1.64985847e+000 4.85049357e+000
 8.48230016e-001 2.46515725e-001 1.75189144e+000 1.50537571e+000
 8.79645943e-001 4.81115308e+000 1.85697256e+000 2.95418052e+000
 9.11061870e-001 8.71472418e+000 1.96508546e+000 6.74963872e+000
 9.42477796e-001 1.03337390e+001 2.07620652e+000 8.25753248e+000
 9.73893723e-001 9.00620617e+000 2.19030447e+000 6.81590170e+000
 1.00530965e+000 5.36212018e+000 2.30733996e+000 3.05478023e+000
 1.03672558e+000 1.00244920e+000 2.42726507e+000 1.42481587e+000
 1.06814150e+000 -2.29366533e+000 2.55002291e+000 4.84368825e+000
 1.09955743e+000 -3.40401044e+000 2.67554714e+000 6.07955759e+000
 1.13097336e+000 -2.30528039e+000 2.80376147e+000 5.10904186e+000
 1.16238928e+000 7.89311378e-002 2.93457919e+000 2.85564805e+000
 1.19380521e+000 2.49020087e+000 3.06790264e+000 5.77701774e-001
 1.22522113e+000 4.03165280e+000 3.20362276e+000 8.28030047e-001
 1.25663706e+000 4.55716513e+000 3.34161850e+000 1.21554663e+000
 1.28805299e+000 4.57008356e+000 3.48175637e+000 1.08832719e+000
 1.31946891e+000 4.74814163e+000 3.62388980e+000 1.12425183e+000
 1.35088484e+000 5.42296515e+000 3.76785871e+000 1.65510643e+000
 1.38230077e+000 6.34518850e+000 3.91348887e+000 2.43169963e+000
 1.41371669e+000 6.86828137e+000 4.06059136e+000 2.80769001e+000
 1.44513262e+000 6.41411408e+000 4.20896203e+000 2.20515205e+000
 1.47654855e+000 4.90876924e+000 4.35838090e+000 5.50388348e-001
 1.50796447e+000 2.90257097e+000 4.50861158e+000 1.60604061e+000
 1.53938040e+000 1.29285096e+000 4.65940072e+000 3.36654976e+000
 1.57079633e+000 8.20672229e-001 4.81047738e+000 3.98980515e+000
 1.60221225e+000 1.65496648e+000 4.96155248e+000 3.30658600e+000
 1.63362818e+000 3.32137125e+000 5.11231819e+000 1.79094694e+000
 1.66504411e+000 5.01516741e+000 5.26244735e+000 2.47279932e-001
 1.69646003e+000 6.09596448e+000 5.41159287e+000 6.84371609e-001
 1.72787596e+000 6.44889462e+000 5.55938719e+000 8.89507431e-001
 1.75929189e+000 6.48494722e+000 5.70544161e+000 7.79505607e-001
 1.79070781e+000 6.78700262e+000 5.84934583e+000 9.37656791e-001
 1.82212374e+000 7.63999446e+000 5.99066728e+000 1.64932718e+000
 1.85353967e+000 8.76428518e+000 6.12895062e+000 2.63533456e+000
 1.88495559e+000 9.44522162e+000 6.26371715e+000 3.18150447e+000
 1.91637152e+000 8.99460109e+000 6.39446431e+000 2.60013678e+000
 1.94778745e+000 7.25382881e+000 6.52066514e+000 7.33163669e-001
 1.97920337e+000 4.80223591e+000 6.64176775e+000 1.83953184e+000
 2.01061930e+000 2.70621512e+000 6.75719486e+000 4.05097974e+000
 2.04203522e+000 1.93524332e+000 6.86634331e+000 4.93110000e+000
 2.07345115e+000 2.79756875e+000 6.96858362e+000 4.17101487e+000
 2.10486708e+000 4.75994989e+000 7.06325955e+000 2.30330966e+000
 2.13628300e+000 6.79021392e+000 7.14968773e+000 3.59473808e-001
 2.16769893e+000 8.02798838e+000 7.22715726e+000 8.00831120e-001
 2.19911486e+000 8.35625195e+000 7.29492939e+000 1.06132257e+000
 2.23053078e+000 8.47452207e+000 7.35223721e+000 1.12228485e+000
 2.26194671e+000 9.36952860e+000 7.39828542e+000 1.97124318e+000
 2.29336264e+000 1.14763099e+001 7.43225005e+000 4.04405980e+000
 2.32477856e+000 1.40755677e+001 7.45327834e+000 6.62228938e+000
 2.35619449e+000 1.54017822e+001 7.46048854e+000 7.94129371e+000
 2.38761042e+000 1.35462172e+001 7.45296991e+000 6.09324728e+000
 2.41902634e+000 7.73507800e+000 7.42978262e+000 3.05295379e-001
 2.45044227e+000 -7.54883514e-001 7.38995783e+000 8.14484135e+000
 2.48185820e+000 -8.69295065e+000 7.33249776e+000 1.60254484e+001
 2.51327412e+000 -1.21587514e+001 7.25637583e+000 1.94151272e+001
 2.54469005e+000 -8.47174898e+000 7.16053693e+000 1.56322859e+001
 2.57610598e+000 2.17419701e+000 7.04389766e+000 4.86970065e+000
 2.60752190e+000 1.63026530e+001 6.90534676e+000 9.39730625e+000
 2.63893783e+000 2.83542319e+001 6.74374551e+000 2.16104864e+001
 2.67035376e+000 3.30600692e+001 6.55792832e+000 2.65021409e+001
 2.70176968e+000 2.78993722e+001 6.34670335e+000 2.15526689e+001
 2.73318561e+000 1.44226993e+001 6.10885319e+000 8.31384615e+000
 2.76460154e+000 -2.27539968e+000 5.84313575e+000 8.11853543e+000
 2.79601746e+000 -1.57509027e+001 5.54828513e+000 2.12991878e+001
 2.82743339e+000 -2.10482971e+001 5.22301271e+000 2.62713098e+001
 2.85884931e+000 -1.68206625e+001 4.86600825e+000 2.16866707e+001
 2.89026524e+000 -5.72357802e+000 4.47594118e+000 1.01995192e+001
 2.92168117e+000 7.05637994e+000 4.05146201e+000 3.00491793e+000
 2.95309709e+000 1.63438559e+001 3.59120382e+000 1.27526521e+001
 2.98451302e+000 1.92828037e+001 3.09378392e+000 1.61890197e+001
 3.01592895e+000 1.62828861e+001 2.55780566e+000 1.37250804e+001
 3.04734487e+000 1.02369615e+001 1.98186037e+000 8.25510114e+000
 3.07876080e+000 4.56962595e+000 1.36452942e+000 3.20509654e+000
 3.11017673e+000 1.26924606e+000 7.04386497e-001 5.64859561e-001
 3.14159265e+000 6.62135490e-014 2.83382392e-015 6.33797251e-014
