 0.00000000e+000 0.00000000e+000 0.00000000e+000 0.00000000e+000
 3.14159265e-002 -3.18890684e-003 3.24132214e-002 3.56021282e-002
 6.28318531e-002 -2.55709101e-003 6.68623449e-002 6.94194359e-002
 9.42477796e-002 5.39598910e-003 1.03409224e-001 9.80132352e-002
 1.25663706e-001 2.35601891e-002 1.42115451e-001 1.18555262e-001
 1.57079633e-001 5.39806941e-002 1.83042214e-001 1.29061519e-001
 1.88495559e-001 9.77020106e-002 2.26250143e-001 1.28548133e-001
 2.19911486e-001 1.54703967e-001 2.71799158e-001 1.17095191e-001
 2.51327412e-001 2.23935010e-001 3.19748292e-001 9.58132818e-002
 2.82743339e-001 3.03438887e-001 3.70155520e-001 6.67166333e-002
 3.14159265e-001 3.90561975e-001 4.23077568e-001 3.25155934e-002
 3.45575192e-001 4.82221035e-001 4.78569719e-001 3.65131552e-003
 3.76991118e-001 5.75205567e-001 5.36685605e-001 3.85199621e-002
 4.08407045e-001 6.66485947e-001 5.97476992e-001 6.90089548e-002
 4.39822972e-001 7.53498240e-001 6.60993554e-001 9.25046853e-002
 4.71238898e-001 8.34379158e-001 7.27282634e-001 1.07096524e-001
 5.02654825e-001 9.08129700e-001 7.96388999e-001 1.11740701e-001
 5.34070751e-001 9.74693092e-001 8.68354578e-001 1.06338514e-001
 5.65486678e-001 1.03494110e+000 9.43218198e-001 9.17229044e-002
 5.96902604e-001 1.09057167e+000 1.02101530e+000 6.95563710e-002
 6.28318531e-001 1.14392933e+000 1.10177764e+000 4.21516881e-002
 6.59734457e-001 1.19776724e+000 1.18553302e+000 1.22342238e-002
 6.91150384e-001 1.25497494e+000 1.27230491e+000 1.73299701e-002
 7.22566310e-001 1.31829903e+000 1.36211218e+000 4.38131540e-002
 7.53982237e-001 1.39008416e+000 1.45496874e+000 6.48845793e-002
 7.85398163e-001 1.47205931e+000 1.55088320e+000 7.88238820e-002
 8.16814090e-001 1.56518938e+000 1.64985847e+000 8.46690884e-002
 8.48230016e-001 1.66960550e+000 1.75189144e+000 8.22859335e-002
 8.79645943e-001 1.78461934e+000 1.85697256e+000 7.23532211e-002
 9.11061870e-001 1.90881804e+000 1.96508546e+000 5.62674194e-002
 9.42477796e-001 2.04022880e+000 2.07620652e+000 3.59777231e-002
 9.73893723e-001 2.17653484e+000 2.19030447e+000 1.37696296e-002
 1.00530965e+000 2.31531995e+000 2.30733996e+000 7.97999741e-003
 1.03672558e+000 2.45431592e+000 2.42726507e+000 2.70508584e-002
 1.06814150e+000 2.59162759e+000 2.55002291e+000 4.16046828e-002
 1.09955743e+000 2.72591256e+000 2.67554714e+000 5.03654191e-002
 1.13097336e+000 2.85649776e+000 2.80376147e+000 5.27362871e-002
 1.16238928e+000 2.98342175e+000 2.93457919e+000 4.88425592e-002
 1.19380521e+000 3.10739939e+000 3.06790264e+000 3.94967534e-002
 1.22522113e+000 3.22971377e+000 3.20362276e+000 2.60910183e-002
 1.25663706e+000 3.35204754e+000 3.34161850e+000 1.04290408e-002
 1.28805299e+000 3.47627241e+000 3.48175637e+000 5.48395626e-003
 1.31946891e+000 3.60421952e+000 3.62388980e+000 1.96702889e-002
 1.35088484e+000 3.73745549e+000 3.76785871e+000 3.04032288e-002
 1.38230077e+000 3.87708813e+000 3.91348887e+000 3.64007365e-002
 1.41371669e+000 4.02362267e+000 4.06059136e+000 3.69686882e-002
 1.44513262e+000 4.17688386e+000 4.20896203e+000 3.20781663e-002
 1.47654855e+000 4.33601250e+000 4.35838090e+000 2.23683953e-002
 1.50796447e+000 4.49953676e+000 4.50861158e+000 9.07482392e-003
 1.53938040e+000 4.66551086e+000 4.65940072e+000 6.11014521e-003
 1.57079633e+000 4.83170640e+000 4.81047738e+000 2.12290233e-002
 1.60221225e+000 4.99583568e+000 4.96155248e+000 3.42831970e-002
 1.63362818e+000 5.15578304e+000 5.11231819e+000 4.34648488e-002
 1.66504411e+000 5.30981892e+000 5.26244735e+000 4.73715750e-002
 1.69646003e+000 5.45677285e+000 5.41159287e+000 4.51799739e-002
 1.72787596e+000 5.59614570e+000 5.55938719e+000 3.67585188e-002
 1.75929189e+000 5.72814782e+000 5.70544161e+000 2.27062094e-002
 1.79070781e+000 5.85365701e+000 5.84934583e+000 4.31118251e-003
 1.82212374e+000 5.97409917e+000 5.99066728e+000 1.65681135e-002
 1.85353967e+000 6.09126233e+000 6.12895062e+000 3.76882822e-002
 1.88495559e+000 6.20706247e+000 6.26371715e+000 5.66546744e-002
 1.91637152e+000 6.32328464e+000 6.39446431e+000 7.11796656e-002
 1.94778745e+000 6.44132655e+000 6.52066514e+000 7.93385904e-002
 1.97920337e+000 6.56197178e+000 6.64176775e+000 7.97959649e-002
 2.01061930e+000 6.68521784e+000 6.75719486e+000 7.19770255e-002
 2.04203522e+000 6.81017866e+000 6.86634331e+000 5.61646550e-002
 2.07345115e+000 6.93507463e+000 6.96858362e+000 3.35089938e-002
 2.10486708e+000 7.05731380e+000 7.06325955e+000 5.94575680e-003
 2.13628300e+000 7.17365910e+000 7.14968773e+000 2.39713642e-002
 2.16769893e+000 7.28046703e+000 7.22715726e+000 5.33097747e-002
 2.19911486e+000 7.37397564e+000 7.29492939e+000 7.90462594e-002
 2.23053078e+000 7.45061363e+000 7.35223721e+000 9.83764223e-002
 2.26194671e+000 7.50729956e+000 7.39828542e+000 1.09014144e-001
 2.29336264e+000 7.54169994e+000 7.43225005e+000 1.09449885e-001
 2.32477856e+000 7.55241812e+000 7.45327834e+000 9.91397865e-002
 2.35619449e+000 7.53909212e+000 7.46048854e+000 7.86035802e-002
 2.38761042e+000 7.50238765e+000 7.45296991e+000 4.94177415e-002
 2.41902634e+000 7.44388305e+000 7.42978262e+000 1.41004295e-002
 2.45044227e+000 7.36585333e+000 7.38995783e+000 2.41045026e-002
 2.48185820e+000 7.27097103e+000 7.33249776e+000 6.15267300e-002
 2.51327412e+000 7.16195064e+000 7.25637583e+000 9.44251932e-002
 2.54469005e+000 7.04117002e+000 7.16053693e+000 1.19366914e-001
 2.57610598e+000 6.91030591e+000 7.04389766e+000 1.33591752e-001
 2.60752190e+000 6.77002104e+000 6.90534676e+000 1.35325715e-001
 2.63893783e+000 6.61973673e+000 6.74374551e+000 1.24008775e-001
 2.67035376e+000 6.45751849e+000 6.55792832e+000 1.00409838e-001
 2.70176968e+000 6.28009233e+000 6.34670335e+000 6.66110169e-002
 2.73318561e+000 6.08299832e+000 6.10885319e+000 2.58548679e-002
 2.76460154e+000 5.86087503e+000 5.84313575e+000 1.77392831e-002
 2.79601746e+000 5.60785662e+000 5.54828513e+000 5.95714933e-002
 2.82743339e+000 5.31805314e+000 5.22301271e+000 9.50404283e-002
 2.85884931e+000 4.98607587e+000 4.86600825e+000 1.20067625e-001
 2.89026524e+000 4.60756451e+000 4.47594118e+000 1.31623332e-001
 2.92168117e+000 4.17967082e+000 4.05146201e+000 1.28208813e-001
 2.95309709e+000 3.70145613e+000 3.59120382e+000 1.10252315e-001
 2.98451302e+000 3.17416598e+000 3.09378392e+000 8.03820622e-002
 3.01592895e+000 2.60135485e+000 2.55780566e+000 4.35491861e-002
 3.04734487e+000 1.98884589e+000 1.98186037e+000 6.98552184e-003
 3.07876080e+000 1.34452423e+000 1.36452942e+000 2.00051882e-002
 3.11017673e+000 6.77976213e-001 7.04386497e-001 2.64102844e-002
 3.14159265e+000 3.42423022e-015 2.83382392e-015 5.90406298e-016
