 0.00000000e+000 0.00000000e+000 0.00000000e+000 0.00000000e+000
 3.14159265e-002 1.76099227e-002 3.24132214e-002 1.48032986e-002
 6.28318531e-002 4.56414217e-002 6.68623449e-002 2.12209232e-002
 9.42477796e-002 8.71071966e-002 1.03409224e-001 1.63020277e-002
 1.25663706e-001 1.36064393e-001 1.42115451e-001 6.05105787e-003
 1.57079633e-001 1.83063435e-001 1.83042214e-001 2.12211296e-005
 1.88495559e-001 2.23110793e-001 2.26250143e-001 3.13934966e-003
 2.19911486e-001 2.59713351e-001 2.71799158e-001 1.20858071e-002
 2.51327412e-001 3.01836640e-001 3.19748292e-001 1.79116522e-002
 2.82743339e-001 3.56394493e-001 3.70155520e-001 1.37610271e-002
 3.14159265e-001 4.22472453e-001 4.23077568e-001 6.05114957e-004
 3.45575192e-001 4.91984513e-001 4.78569719e-001 1.34147939e-002
 3.76991118e-001 5.56155786e-001 5.36685605e-001 1.94701804e-002
 4.08407045e-001 6.12482398e-001 5.97476992e-001 1.50054055e-002
 4.39822972e-001 6.66504176e-001 6.60993554e-001 5.51062136e-003
 4.71238898e-001 7.27038219e-001 7.27282634e-001 2.44414984e-004
 5.02654825e-001 7.98879933e-001 7.96388999e-001 2.49093445e-003
 5.34070751e-001 8.78986257e-001 8.68354578e-001 1.06316792e-002
 5.65486678e-001 9.59212133e-001 9.43218198e-001 1.59939352e-002
 5.96902604e-001 1.03325052e+000 1.02101530e+000 1.22352198e-002
 6.28318531e-001 1.10200570e+000 1.10177764e+000 2.28053371e-004
 6.59734457e-001 1.17299203e+000 1.18553302e+000 1.25409909e-002
 6.91150384e-001 1.25431721e+000 1.27230491e+000 1.79877002e-002
 7.22566310e-001 1.34825311e+000 1.36211218e+000 1.38590670e-002
 7.53982237e-001 1.44966892e+000 1.45496874e+000 5.29982816e-003
 7.85398163e-001 1.55052827e+000 1.55088320e+000 3.54926313e-004
 8.16814090e-001 1.64664340e+000 1.64985847e+000 3.21506694e-003
 8.48230016e-001 1.74107521e+000 1.75189144e+000 1.08162252e-002
 8.79645943e-001 1.84141979e+000 1.85697256e+000 1.55527673e-002
 9.11061870e-001 1.95331709e+000 1.96508546e+000 1.17683654e-002
 9.42477796e-001 2.07561833e+000 2.07620652e+000 5.88193132e-004
 9.73893723e-001 2.20121083e+000 2.19030447e+000 1.09063555e-002
 1.00530965e+000 2.32276319e+000 2.30733996e+000 1.54232358e-002
 1.03672558e+000 2.43858013e+000 2.42726507e+000 1.13150614e-002
 1.06814150e+000 2.55371855e+000 2.55002291e+000 3.69564135e-003
 1.09955743e+000 2.67550572e+000 2.67554714e+000 4.14220715e-005
 1.13097336e+000 2.80726334e+000 2.80376147e+000 3.50186885e-003
 1.16238928e+000 2.94549347e+000 2.93457919e+000 1.09142870e-002
 1.19380521e+000 3.08284121e+000 3.06790264e+000 1.49385654e-002
 1.22522113e+000 3.21430210e+000 3.20362276e+000 1.06793401e-002
 1.25663706e+000 3.34144684e+000 3.34161850e+000 1.71660895e-004
 1.28805299e+000 3.47112826e+000 3.48175637e+000 1.06281047e-002
 1.31946891e+000 3.60977521e+000 3.62388980e+000 1.41145942e-002
 1.35088484e+000 3.75806788e+000 3.76785871e+000 9.79083615e-003
 1.38230077e+000 3.91044449e+000 3.91348887e+000 3.04437669e-003
 1.41371669e+000 4.05981593e+000 4.06059136e+000 7.75432820e-004
 1.44513262e+000 4.20349047e+000 4.20896203e+000 5.47155798e-003
 1.47654855e+000 4.34530828e+000 4.35838090e+000 1.30726181e-002
 1.50796447e+000 4.49218980e+000 4.50861158e+000 1.64217841e-002
 1.53938040e+000 4.64801576e+000 4.65940072e+000 1.13849600e-002
 1.57079633e+000 4.81001130e+000 4.81047738e+000 4.66082392e-004
 1.60221225e+000 4.97070200e+000 4.96155248e+000 9.14952208e-003
 1.63362818e+000 5.12381165e+000 5.11231819e+000 1.14934566e-002
 1.66504411e+000 5.26913601e+000 5.26244735e+000 6.68866606e-003
 1.69646003e+000 5.41227514e+000 5.41159287e+000 6.82267767e-004
 1.72787596e+000 5.55944006e+000 5.55938719e+000 5.28778074e-005
 1.75929189e+000 5.71172484e+000 5.70544161e+000 6.28322715e-003
 1.79070781e+000 5.86371692e+000 5.84934583e+000 1.43710901e-002
 1.82212374e+000 6.00767206e+000 5.99066728e+000 1.70047801e-002
 1.85353967e+000 6.13975868e+000 6.12895062e+000 1.08080613e-002
 1.88495559e+000 6.26307405e+000 6.26371715e+000 6.43101273e-004
 1.91637152e+000 6.38481374e+000 6.39446431e+000 9.65056977e-003
 1.94778745e+000 6.50991659e+000 6.52066514e+000 1.07485487e-002
 1.97920337e+000 6.63654257e+000 6.64176775e+000 5.22517978e-003
 2.01061930e+000 6.75726149e+000 6.75719486e+000 6.66321067e-005
 2.04203522e+000 6.86502228e+000 6.86634331e+000 1.32103496e-003
 2.07345115e+000 6.95887152e+000 6.96858362e+000 9.71209888e-003
 2.10486708e+000 7.04450306e+000 7.06325955e+000 1.87564969e-002
 2.13628300e+000 7.12903652e+000 7.14968773e+000 2.06512121e-002
 2.16769893e+000 7.21435298e+000 7.22715726e+000 1.28042800e-002
 2.19911486e+000 7.29466642e+000 7.29492939e+000 2.62960924e-004
 2.23053078e+000 7.36053864e+000 7.35223721e+000 8.30143050e-003
 2.26194671e+000 7.40608786e+000 7.39828542e+000 7.80244365e-003
 2.29336264e+000 7.43330519e+000 7.43225005e+000 1.05513377e-003
 2.32477856e+000 7.44968001e+000 7.45327834e+000 3.59832363e-003
 2.35619449e+000 7.46095386e+000 7.46048854e+000 4.65320861e-004
 2.38761042e+000 7.46507770e+000 7.45296991e+000 1.21077979e-002
 2.41902634e+000 7.45265157e+000 7.42978262e+000 2.28689453e-002
 2.45044227e+000 7.41376744e+000 7.38995783e+000 2.38096042e-002
 2.48185820e+000 7.34566068e+000 7.33249776e+000 1.31629180e-002
 2.51327412e+000 7.25461453e+000 7.25637583e+000 1.76130706e-003
 2.54469005e+000 7.15018117e+000 7.16053693e+000 1.03557576e-002
 2.57610598e+000 7.03629017e+000 7.04389766e+000 7.60748693e-003
 2.60752190e+000 6.90673943e+000 6.90534676e+000 1.39267010e-003
 2.63893783e+000 6.74922137e+000 6.74374551e+000 5.47586284e-003
 2.67035376e+000 6.55494350e+000 6.55792832e+000 2.98482415e-003
 2.70176968e+000 6.32589719e+000 6.34670335e+000 2.08061618e-002
 2.73318561e+000 6.07330346e+000 6.10885319e+000 3.55497288e-002
 2.76460154e+000 5.80786867e+000 5.84313575e+000 3.52670759e-002
 2.79601746e+000 5.52955054e+000 5.54828513e+000 1.87345871e-002
 2.82743339e+000 5.22557287e+000 5.22301271e+000 2.56016114e-003
 2.85884931e+000 4.87912678e+000 4.86600825e+000 1.31185334e-002
 2.89026524e+000 4.48232004e+000 4.47594118e+000 6.37885420e-003
 2.92168117e+000 4.04273178e+000 4.05146201e+000 8.73023382e-003
 2.95309709e+000 3.57728624e+000 3.59120382e+000 1.39175773e-002
 2.98451302e+000 3.09717686e+000 3.09378392e+000 3.39294009e-003
 3.01592895e+000 2.59549941e+000 2.55780566e+000 3.76937502e-002
 3.04734487e+000 2.04846875e+000 1.98186037e+000 6.66083872e-002
 3.07876080e+000 1.43150952e+000 1.36452942e+000 6.69800985e-002
 3.11017673e+000 7.40018875e-001 7.04386497e-001 3.56323774e-002
 3.14159265e+000 1.53076946e-015 2.83382392e-015 1.30305446e-015
