 0.00000000e+000 0.00000000e+000 0.00000000e+000 0.00000000e+000
 3.14159265e-002 -2.56289417e-001 3.24132214e-002 2.88702639e-001
 6.28318531e-002 -1.70995360e+000 6.68623449e-002 1.77681594e+000
 9.42477796e-002 -4.19183671e+000 1.03409224e-001 4.29524593e+000
 1.25663706e-001 -6.05981782e+000 1.42115451e-001 6.20193327e+000
 1.57079633e-001 -5.51017551e+000 1.83042214e-001 5.69321773e+000
 1.88495559e-001 -2.20724778e+000 2.26250143e-001 2.43349792e+000
 2.19911486e-001 2.19129834e+000 2.71799158e-001 1.91949919e+000
 2.51327412e-001 5.12770916e+000 3.19748292e-001 4.80796087e+000
 2.82743339e-001 4.99041673e+000 3.70155520e-001 4.62026121e+000
 3.14159265e-001 2.18215757e+000 4.23077568e-001 1.75908000e+000
 3.45575192e-001 -1.47506411e+000 4.78569719e-001 1.95363383e+000
 3.76991118e-001 -4.44756886e+000 5.36685605e-001 4.98425447e+000
 4.08407045e-001 -6.76409414e+000 5.97476992e-001 7.36157113e+000
 4.39822972e-001 -9.65426964e+000 6.60993554e-001 1.03152632e+001
 4.71238898e-001 -1.38044114e+001 7.27282634e-001 1.45316941e+001
 5.02654825e-001 -1.78293565e+001 7.96388999e-001 1.86257455e+001
 5.34070751e-001 -1.85804361e+001 8.68354578e-001 1.94487907e+001
 5.65486678e-001 -1.34509296e+001 9.43218198e-001 1.43941478e+001
 5.96902604e-001 -3.02283324e+000 1.02101530e+000 4.04384854e+000
 6.28318531e-001 8.23342050e+000 1.10177764e+000 7.13164285e+000
 6.59734457e-001 1.42500689e+001 1.18553302e+000 1.30645359e+001
 6.91150384e-001 1.13837979e+001 1.27230491e+000 1.01114930e+001
 7.22566310e-001 1.32262816e+000 1.36211218e+000 3.94840207e-002
 7.53982237e-001 -9.47488883e+000 1.45496874e+000 1.09298576e+001
 7.85398163e-001 -1.37819465e+001 1.55088320e+000 1.53328297e+001
 8.16814090e-001 -8.45463151e+000 1.64985847e+000 1.01044900e+001
 8.48230016e-001 3.25812192e+000 1.75189144e+000 1.50623048e+000
 8.79645943e-001 1.36664819e+001 1.85697256e+000 1.18095093e+001
 9.11061870e-001 1.55918243e+001 1.96508546e+000 1.36267388e+001
 9.42477796e-001 6.93951934e+000 2.07620652e+000 4.86331282e+000
 9.73893723e-001 -8.17782951e+000 2.19030447e+000 1.03681340e+001
 1.00530965e+000 -2.23455048e+001 2.30733996e+000 2.46528448e+001
 1.03672558e+000 -2.95503164e+001 2.42726507e+000 3.19775815e+001
 1.06814150e+000 -2.83849876e+001 2.55002291e+000 3.09350105e+001
 1.09955743e+000 -2.18193797e+001 2.67554714e+000 2.44949268e+001
 1.13097336e+000 -1.42418351e+001 2.80376147e+000 1.70455966e+001
 1.16238928e+000 -8.32971381e+000 2.93457919e+000 1.12642930e+001
 1.19380521e+000 -4.04926687e+000 3.06790264e+000 7.11716951e+000
 1.22522113e+000 -9.72375035e-002 3.20362276e+000 3.30086026e+000
 1.25663706e+000 3.90729967e+000 3.34161850e+000 5.65681169e-001
 1.28805299e+000 6.58337928e+000 3.48175637e+000 3.10162291e+000
 1.31946891e+000 6.00694413e+000 3.62388980e+000 2.38305433e+000
 1.35088484e+000 1.77944514e+000 3.76785871e+000 1.98841357e+000
 1.38230077e+000 -4.03212030e+000 3.91348887e+000 7.94560917e+000
 1.41371669e+000 -8.05832802e+000 4.06059136e+000 1.21189194e+001
 1.44513262e+000 -8.00264548e+000 4.20896203e+000 1.22116075e+001
 1.47654855e+000 -4.25314962e+000 4.35838090e+000 8.61153052e+000
 1.50796447e+000 6.03324918e-001 4.50861158e+000 3.90528666e+000
 1.53938040e+000 3.90022499e+000 4.65940072e+000 7.59175734e-001
 1.57079633e+000 4.81047738e+000 4.81047738e+000 3.01199066e-011
 1.60221225e+000 4.49843986e+000 4.96155248e+000 4.63112620e-001
 1.63362818e+000 4.58024101e+000 5.11231819e+000 5.32077178e-001
 1.66504411e+000 5.47901180e+000 5.26244735e+000 2.16564455e-001
 1.69646003e+000 6.23399322e+000 5.41159287e+000 8.22400347e-001
 1.72787596e+000 5.77554806e+000 5.55938719e+000 2.16160873e-001
 1.75929189e+000 4.11871355e+000 5.70544161e+000 1.58672806e+000
 1.79070781e+000 1.99470320e+000 5.84934583e+000 3.85464263e+000
 1.82212374e+000 -7.28653905e-001 5.99066728e+000 6.71932119e+000
 1.85353967e+000 -5.62568370e+000 6.12895062e+000 1.17546343e+001
 1.88495559e+000 -1.33647476e+001 6.26371715e+000 1.96284648e+001
 1.91637152e+000 -1.93904887e+001 6.39446431e+000 2.57849530e+001
 1.94778745e+000 -1.18597135e+001 6.52066514e+000 1.83803787e+001
 1.97920337e+000 2.37193131e+001 6.64176775e+000 1.70775454e+001
 2.01061930e+000 9.31050079e+001 6.75719486e+000 8.63478131e+001
 2.04203522e+000 1.81834900e+002 6.86634331e+000 1.74968556e+002
 2.07345115e+000 2.53814410e+002 6.96858362e+000 2.46845826e+002
 2.10486708e+000 2.66125431e+002 7.06325955e+000 2.59062172e+002
 2.13628300e+000 1.95307730e+002 7.14968773e+000 1.88158043e+002
 2.16769893e+000 5.94458486e+001 7.22715726e+000 5.22186913e+001
 2.19911486e+000 -8.16550219e+001 7.29492939e+000 8.89499513e+001
 2.23053078e+000 -1.54856995e+002 7.35223721e+000 1.62209232e+002
 2.26194671e+000 -1.18111345e+002 7.39828542e+000 1.25509631e+002
 2.29336264e+000 6.41267107e+000 7.43225005e+000 1.01957898e+000
 2.32477856e+000 1.36171080e+002 7.45327834e+000 1.28717801e+002
 2.35619449e+000 1.74259010e+002 7.46048854e+000 1.66798521e+002
 2.38761042e+000 7.44363835e+001 7.45296991e+000 6.69834136e+001
 2.41902634e+000 -1.15536376e+002 7.42978262e+000 1.22966158e+002
 2.45044227e+000 -2.65483775e+002 7.38995783e+000 2.72873733e+002
 2.48185820e+000 -2.31217819e+002 7.33249776e+000 2.38550317e+002
 2.51327412e+000 5.56367196e+001 7.25637583e+000 4.83803438e+001
 2.54469005e+000 5.30650495e+002 7.16053693e+000 5.23489958e+002
 2.57610598e+000 1.01232830e+003 7.04389766e+000 1.00528440e+003
 2.60752190e+000 1.28885047e+003 6.90534676e+000 1.28194513e+003
 2.63893783e+000 1.22985990e+003 6.74374551e+000 1.22311615e+003
 2.67035376e+000 8.58870783e+002 6.55792832e+000 8.52312854e+002
 2.70176968e+000 3.42590288e+002 6.34670335e+000 3.36243585e+002
 2.73318561e+000 -9.79809987e+001 6.10885319e+000 1.04089852e+002
 2.76460154e+000 -3.03164499e+002 5.84313575e+000 3.09007635e+002
 2.79601746e+000 -2.50118997e+002 5.54828513e+000 2.55667283e+002
 2.82743339e+000 -4.71946249e+001 5.22301271e+000 5.24176376e+001
 2.85884931e+000 1.43693997e+002 4.86600825e+000 1.38827989e+002
 2.89026524e+000 2.04950784e+002 4.47594118e+000 2.00474843e+002
 2.92168117e+000 1.21512553e+002 4.05146201e+000 1.17461091e+002
 2.95309709e+000 -3.07050914e+001 3.59120382e+000 3.42962952e+001
 2.98451302e+000 -1.49610714e+002 3.09378392e+000 1.52704498e+002
 3.01592895e+000 -1.76413461e+002 2.55780566e+000 1.78971266e+002
 3.04734487e+000 -1.23874178e+002 1.98186037e+000 1.25856038e+002
 3.07876080e+000 -5.06072853e+001 1.36452942e+000 5.19718147e+001
 3.11017673e+000 -7.57421266e+000 7.04386497e-001 8.27859916e+000
 3.14159265e+000 -1.11138387e-012 2.83382392e-015 1.11421769e-012
