 0.00000000e+000 0.00000000e+000 0.00000000e+000 0.00000000e+000
 3.14159265e-002 3.59585053e-002 3.24132214e-002 3.54528397e-003
 6.28318531e-002 7.21467690e-002 6.68623449e-002 5.28442409e-003
 9.42477796e-002 1.08848795e-001 1.03409224e-001 5.43957115e-003
 1.25663706e-001 1.46440219e-001 1.42115451e-001 4.32476779e-003
 1.57079633e-001 1.85396268e-001 1.83042214e-001 2.35405398e-003
 1.88495559e-001 2.26265312e-001 2.26250143e-001 1.51683978e-005
 2.19911486e-001 2.69612007e-001 2.71799158e-001 2.18715101e-003
 2.51327412e-001 3.15942254e-001 3.19748292e-001 3.80603870e-003
 2.82743339e-001 3.65627622e-001 3.70155520e-001 4.52789783e-003
 3.14159265e-001 4.18848118e-001 4.23077568e-001 4.22945062e-003
 3.45575192e-001 4.75568769e-001 4.78569719e-001 3.00094973e-003
 3.76991118e-001 5.35558258e-001 5.36685605e-001 1.12734665e-003
 4.08407045e-001 5.98448219e-001 5.97476992e-001 9.71226325e-004
 4.39822972e-001 6.63822240e-001 6.60993554e-001 2.82868517e-003
 4.71238898e-001 7.31316196e-001 7.27282634e-001 4.03356141e-003
 5.02654825e-001 8.00708167e-001 7.96388999e-001 4.31916835e-003
 5.34070751e-001 8.71977774e-001 8.68354578e-001 3.62319648e-003
 5.65486678e-001 9.45321045e-001 9.43218198e-001 2.10284701e-003
 5.96902604e-001 1.02111657e+000 1.02101530e+000 1.01270609e-004
 6.28318531e-001 1.09984961e+000 1.10177764e+000 1.92803014e-003
 6.59734457e-001 1.18201049e+000 1.18553302e+000 3.52253093e-003
 6.91150384e-001 1.26798961e+000 1.27230491e+000 4.31529366e-003
 7.22566310e-001 1.35799295e+000 1.36211218e+000 4.11923122e-003
 7.53982237e-001 1.45199714e+000 1.45496874e+000 2.97160231e-003
 7.85398163e-001 1.54975518e+000 1.55088320e+000 1.12801558e-003
 8.16814090e-001 1.65085193e+000 1.64985847e+000 9.93459532e-004
 8.48230016e-001 1.75479753e+000 1.75189144e+000 2.90608727e-003
 8.79645943e-001 1.86113788e+000 1.85697256e+000 4.16531645e-003
 9.11061870e-001 1.96955704e+000 1.96508546e+000 4.47158396e-003
 9.42477796e-001 2.07994790e+000 2.07620652e+000 3.74137842e-003
 9.73893723e-001 2.19243421e+000 2.19030447e+000 2.12973225e-003
 1.00530965e+000 2.30733811e+000 2.30733996e+000 1.84697972e-006
 1.03672558e+000 2.42509949e+000 2.42726507e+000 2.16557856e-003
 1.06814150e+000 2.54616477e+000 2.55002291e+000 3.85814128e-003
 1.09955743e+000 2.67087016e+000 2.67554714e+000 4.67698433e-003
 1.13097336e+000 2.79934597e+000 2.80376147e+000 4.41550151e-003
 1.16238928e+000 2.93146449e+000 2.93457919e+000 3.11469394e-003
 1.19380521e+000 3.06684412e+000 3.06790264e+000 1.05851810e-003
 1.22522113e+000 3.20490992e+000 3.20362276e+000 1.28716843e-003
 1.25663706e+000 3.34499765e+000 3.34161850e+000 3.37914428e-003
 1.28805299e+000 3.48647797e+000 3.48175637e+000 4.72160764e-003
 1.31946891e+000 3.62887257e+000 3.62388980e+000 4.98277019e-003
 1.35088484e+000 3.77193477e+000 3.76785871e+000 4.07605813e-003
 1.38230077e+000 3.91567512e+000 3.91348887e+000 2.18624673e-003
 1.41371669e+000 4.06032446e+000 4.06059136e+000 2.66897289e-004
 1.44513262e+000 4.20624141e+000 4.20896203e+000 2.72062456e-003
 1.47654855e+000 4.35378393e+000 4.35838090e+000 4.59696696e-003
 1.50796447e+000 4.50317403e+000 4.50861158e+000 5.43755031e-003
 1.53938040e+000 4.65438639e+000 4.65940072e+000 5.01432430e-003
 1.57079633e+000 4.80708761e+000 4.81047738e+000 3.38977055e-003
 1.60221225e+000 4.96064140e+000 4.96155248e+000 9.11081264e-004
 1.63362818e+000 5.11418055e+000 5.11231819e+000 1.86236320e-003
 1.66504411e+000 5.26673079e+000 5.26244735e+000 4.28344624e-003
 1.69646003e+000 5.41735928e+000 5.41159287e+000 5.76640792e-003
 1.72787596e+000 5.56531386e+000 5.55938719e+000 5.92667307e-003
 1.75929189e+000 5.71012012e+000 5.70544161e+000 4.67850294e-003
 1.79070781e+000 5.85161202e+000 5.84934583e+000 2.26619064e-003
 1.82212374e+000 5.98988635e+000 5.99066728e+000 7.80933629e-004
 1.85353967e+000 6.12518852e+000 6.12895062e+000 3.76209756e-003
 1.88495559e+000 6.25775367e+000 6.26371715e+000 5.96347168e-003
 1.91637152e+000 6.38763812e+000 6.39446431e+000 6.82618611e-003
 1.94778745e+000 6.51458000e+000 6.52066514e+000 6.08514123e-003
 1.97920337e+000 6.63792284e+000 6.64176775e+000 3.84491111e-003
 2.01061930e+000 6.75662269e+000 6.75719486e+000 5.72174436e-004
 2.04203522e+000 6.86934075e+000 6.86634331e+000 2.99743551e-003
 2.07345115e+000 6.97460401e+000 6.96858362e+000 6.02039246e-003
 2.10486708e+000 7.07099951e+000 7.06325955e+000 7.73995594e-003
 2.13628300e+000 7.15735838e+000 7.14968773e+000 7.67065166e-003
 2.16769893e+000 7.23288610e+000 7.22715726e+000 5.72883779e-003
 2.19911486e+000 7.29720520e+000 7.29492939e+000 2.27581100e-003
 2.23053078e+000 7.35029555e+000 7.35223721e+000 1.94166428e-003
 2.26194671e+000 7.39233982e+000 7.39828542e+000 5.94560075e-003
 2.29336264e+000 7.42350449e+000 7.43225005e+000 8.74556851e-003
 2.32477856e+000 7.44370339e+000 7.45327834e+000 9.57494551e-003
 2.35619449e+000 7.45239805e+000 7.46048854e+000 8.09049340e-003
 2.38761042e+000 7.44848394e+000 7.45296991e+000 4.48596505e-003
 2.41902634e+000 7.43029575e+000 7.42978262e+000 5.13131354e-004
 2.45044227e+000 7.39573929e+000 7.38995783e+000 5.78145914e-003
 2.48185820e+000 7.34252949e+000 7.33249776e+000 1.00317313e-002
 2.51327412e+000 7.26848763e+000 7.25637583e+000 1.21117979e-002
 2.54469005e+000 7.17183368e+000 7.16053693e+000 1.12967469e-002
 2.57610598e+000 7.05140506e+000 7.04389766e+000 7.50739625e-003
 2.60752190e+000 6.90674385e+000 6.90534676e+000 1.39709597e-003
 2.63893783e+000 6.73801862e+000 6.74374551e+000 5.72688970e-003
 2.67035376e+000 6.54578115e+000 6.55792832e+000 1.21471737e-002
 2.70176968e+000 6.33059547e+000 6.34670335e+000 1.61078783e-002
 2.73318561e+000 6.09260902e+000 6.10885319e+000 1.62441692e-002
 2.76460154e+000 5.83115695e+000 5.84313575e+000 1.19787951e-002
 2.79601746e+000 5.54449447e+000 5.54828513e+000 3.79065759e-003
 2.82743339e+000 5.22973735e+000 5.22301271e+000 6.72464296e-003
 2.85884931e+000 4.88305825e+000 4.86600825e+000 1.70500006e-002
 2.89026524e+000 4.50014202e+000 4.47594118e+000 2.42008386e-002
 2.92168117e+000 4.07685408e+000 4.05146201e+000 2.53920717e-002
 2.95309709e+000 3.61003162e+000 3.59120382e+000 1.88278027e-002
 2.98451302e+000 3.09827662e+000 3.09378392e+000 4.49270081e-003
 3.01592895e+000 2.54261876e+000 2.55780566e+000 1.51869033e-002
 3.04734487e+000 1.94692824e+000 1.98186037e+000 3.49321269e-002
 3.07876080e+000 1.31799247e+000 1.36452942e+000 4.65369478e-002
 3.11017673e+000 6.65220805e-001 7.04386497e-001 3.91656922e-002
 3.14159265e+000 1.78188147e-015 2.83382392e-015 1.05194245e-015
