 0.00000000e+000 0.00000000e+000 0.00000000e+000 0.00000000e+000
 3.14159265e-002 3.89976742e-003 3.24132214e-002 2.85134539e-002
 6.28318531e-002 2.89053405e-002 6.68623449e-002 3.79570044e-002
 9.42477796e-002 8.54697364e-002 1.03409224e-001 1.79394879e-002
 1.25663706e-001 1.66587756e-001 1.42115451e-001 2.44723050e-002
 1.57079633e-001 2.48541373e-001 1.83042214e-001 6.54991593e-002
 1.88495559e-001 3.01235019e-001 2.26250143e-001 7.49848762e-002
 2.19911486e-001 3.05890181e-001 2.71799158e-001 3.40910229e-002
 2.51327412e-001 2.72095356e-001 3.19748292e-001 4.76529367e-002
 2.82743339e-001 2.42539527e-001 3.70155520e-001 1.27615993e-001
 3.14159265e-001 2.76309709e-001 4.23077568e-001 1.46767859e-001
 3.45575192e-001 4.11743572e-001 4.78569719e-001 6.68261469e-002
 3.76991118e-001 6.23798188e-001 5.36685605e-001 8.71125829e-002
 4.08407045e-001 8.00806968e-001 5.97476992e-001 2.03329976e-001
 4.39822972e-001 7.63342636e-001 6.60993554e-001 1.02349081e-001
 4.71238898e-001 3.30970159e-001 7.27282634e-001 3.96312475e-001
 5.02654825e-001 -5.83201433e-001 7.96388999e-001 1.37959043e+000
 5.34070751e-001 -1.89216196e+000 8.68354578e-001 2.76051654e+000
 5.65486678e-001 -3.31502104e+000 9.43218198e-001 4.25823924e+000
 5.96902604e-001 -4.44353050e+000 1.02101530e+000 5.46454580e+000
 6.28318531e-001 -4.88282296e+000 1.10177764e+000 5.98460061e+000
 6.59734457e-001 -4.41452169e+000 1.18553302e+000 5.60005471e+000
 6.91150384e-001 -3.11037059e+000 1.27230491e+000 4.38267550e+000
 7.22566310e-001 -1.33742757e+000 1.36211218e+000 2.69953975e+000
 7.53982237e-001 3.60526717e-001 1.45496874e+000 1.09444203e+000
 7.85398163e-001 1.46473687e+000 1.55088320e+000 8.61463300e-002
 8.16814090e-001 1.68392684e+000 1.64985847e+000 3.40683713e-002
 8.48230016e-001 1.06900047e+000 1.75189144e+000 6.82890972e-001
 8.79645943e-001 -1.33200152e-002 1.85697256e+000 1.87029258e+000
 9.11061870e-001 -1.03959488e+000 1.96508546e+000 3.00468034e+000
 9.42477796e-001 -1.55338933e+000 2.07620652e+000 3.62959585e+000
 9.73893723e-001 -1.35589539e+000 2.19030447e+000 3.54619987e+000
 1.00530965e+000 -5.80703394e-001 2.30733996e+000 2.88804335e+000
 1.03672558e+000 3.77327310e-001 2.42726507e+000 2.04993776e+000
 1.06814150e+000 1.04354873e+000 2.55002291e+000 1.50647418e+000
 1.09955743e+000 1.07195948e+000 2.67554714e+000 1.60358767e+000
 1.13097336e+000 3.88711581e-001 2.80376147e+000 2.41504989e+000
 1.16238928e+000 -7.87894905e-001 2.93457919e+000 3.72247409e+000
 1.19380521e+000 -2.05166053e+000 3.06790264e+000 5.11956317e+000
 1.22522113e+000 -2.98313130e+000 3.20362276e+000 6.18675405e+000
 1.25663706e+000 -3.31417950e+000 3.34161850e+000 6.65579800e+000
 1.28805299e+000 -3.01351588e+000 3.48175637e+000 6.49527225e+000
 1.31946891e+000 -2.26543135e+000 3.62388980e+000 5.88932115e+000
 1.35088484e+000 -1.36389802e+000 3.76785871e+000 5.13175673e+000
 1.38230077e+000 -5.79091751e-001 3.91348887e+000 4.49258062e+000
 1.41371669e+000 -5.89100045e-002 4.06059136e+000 4.11950137e+000
 1.44513262e+000 1.95597047e-001 4.20896203e+000 4.01336498e+000
 1.47654855e+000 2.81253830e-001 4.35838090e+000 4.07712707e+000
 1.50796447e+000 3.06074647e-001 4.50861158e+000 4.20253693e+000
 1.53938040e+000 3.16158076e-001 4.65940072e+000 4.34324264e+000
 1.57079633e+000 2.76897705e-001 4.81047738e+000 4.53357968e+000
 1.60221225e+000 1.18657115e-001 4.96155248e+000 4.84289537e+000
 1.63362818e+000 -1.78849275e-001 5.11231819e+000 5.29116746e+000
 1.66504411e+000 -5.13497087e-001 5.26244735e+000 5.77594443e+000
 1.69646003e+000 -6.49508089e-001 5.41159287e+000 6.06110096e+000
 1.72787596e+000 -2.92886807e-001 5.55938719e+000 5.85227399e+000
 1.75929189e+000 7.64197357e-001 5.70544161e+000 4.94124426e+000
 1.79070781e+000 2.48948151e+000 5.84934583e+000 3.35986433e+000
 1.82212374e+000 4.52693179e+000 5.99066728e+000 1.46373549e+000
 1.85353967e+000 6.24797934e+000 6.12895062e+000 1.19028721e-001
 1.88495559e+000 6.95118608e+000 6.26371715e+000 6.87468934e-001
 1.91637152e+000 6.15342646e+000 6.39446431e+000 2.41037847e-001
 1.94778745e+000 3.85607243e+000 6.52066514e+000 2.66459270e+000
 1.97920337e+000 6.53018600e-001 6.64176775e+000 5.98874915e+000
 2.01061930e+000 -2.40770311e+000 6.75719486e+000 9.16489797e+000
 2.04203522e+000 -4.19817704e+000 6.86634331e+000 1.10645203e+001
 2.07345115e+000 -3.99408594e+000 6.96858362e+000 1.09626696e+001
 2.10486708e+000 -1.86112522e+000 7.06325955e+000 8.92438477e+000
 2.13628300e+000 1.25774055e+000 7.14968773e+000 5.89194718e+000
 2.16769893e+000 3.85272038e+000 7.22715726e+000 3.37443687e+000
 2.19911486e+000 4.48212468e+000 7.29492939e+000 2.81280471e+000
 2.23053078e+000 2.48992161e+000 7.35223721e+000 4.86231560e+000
 2.26194671e+000 -1.51837559e+000 7.39828542e+000 8.91666101e+000
 2.29336264e+000 -5.70693217e+000 7.43225005e+000 1.31391822e+001
 2.32477856e+000 -7.61852882e+000 7.45327834e+000 1.50718072e+001
 2.35619449e+000 -5.17376248e+000 7.46048854e+000 1.26342510e+001
 2.38761042e+000 2.33395830e+000 7.45296991e+000 5.11901161e+000
 2.41902634e+000 1.36929308e+001 7.42978262e+000 6.26314816e+000
 2.45044227e+000 2.59738930e+001 7.38995783e+000 1.85839352e+001
 2.48185820e+000 3.54727985e+001 7.33249776e+000 2.81403007e+001
 2.51327412e+000 3.90628994e+001 7.25637583e+000 3.18065235e+001
 2.54469005e+000 3.54167440e+001 7.16053693e+000 2.82562070e+001
 2.57610598e+000 2.55787082e+001 7.04389766e+000 1.85348105e+001
 2.60752190e+000 1.26215785e+001 6.90534676e+000 5.71623177e+000
 2.63893783e+000 5.04167045e-001 6.74374551e+000 6.23957846e+000
 2.67035376e+000 -7.40774863e+000 6.55792832e+000 1.39656770e+001
 2.70176968e+000 -9.54603485e+000 6.34670335e+000 1.58927382e+001
 2.73318561e+000 -6.57918401e+000 6.10885319e+000 1.26880372e+001
 2.76460154e+000 -9.32176129e-001 5.84313575e+000 6.77531187e+000
 2.79601746e+000 4.36418228e+000 5.54828513e+000 1.18410285e+000
 2.82743339e+000 6.96386237e+000 5.22301271e+000 1.74084966e+000
 2.85884931e+000 6.07170627e+000 4.86600825e+000 1.20569802e+000
 2.89026524e+000 2.54476984e+000 4.47594118e+000 1.93117134e+000
 2.92168117e+000 -1.74159752e+000 4.05146201e+000 5.79305953e+000
 2.95309709e+000 -4.89795248e+000 3.59120382e+000 8.48915630e+000
 2.98451302e+000 -5.88762584e+000 3.09378392e+000 8.98140976e+000
 3.01592895e+000 -4.85903987e+000 2.55780566e+000 7.41684553e+000
 3.04734487e+000 -2.84354346e+000 1.98186037e+000 4.82540383e+000
 3.07876080e+000 -1.04623546e+000 1.36452942e+000 2.41076488e+000
 3.11017673e+000 -1.48080177e-001 7.04386497e-001 8.52466674e-001
 3.14159265e+000 7.92727239e-015 2.83382392e-015 5.09344846e-015
