 0.00000000e+000 0.00000000e+000 0.00000000e+000 0.00000000e+000
 3.14159265e-002 2.32353166e-002 3.24132214e-002 9.17790476e-003
 6.28318531e-002 4.80988818e-002 6.68623449e-002 1.87634631e-002
 9.42477796e-002 7.60910778e-002 1.03409224e-001 2.73181464e-002
 1.25663706e-001 1.08468693e-001 1.42115451e-001 3.36467583e-002
 1.57079633e-001 1.46152285e-001 1.83042214e-001 3.68899286e-002
 1.88495559e-001 1.89665325e-001 2.26250143e-001 3.65848178e-002
 2.19911486e-001 2.39110715e-001 2.71799158e-001 3.26884432e-002
 2.51327412e-001 2.94186605e-001 3.19748292e-001 2.55616875e-002
 2.82743339e-001 3.54239646e-001 3.70155520e-001 1.59158744e-002
 3.14159265e-001 4.18350142e-001 4.23077568e-001 4.72742617e-003
 3.45575192e-001 4.85440531e-001 4.78569719e-001 6.87081212e-003
 3.76991118e-001 5.54396382e-001 5.36685605e-001 1.77107768e-002
 4.08407045e-001 6.24187968e-001 5.97476992e-001 2.67109752e-002
 4.39822972e-001 6.93980510e-001 6.60993554e-001 3.29869560e-002
 4.71238898e-001 7.63222406e-001 7.27282634e-001 3.59397714e-002
 5.02654825e-001 8.31703009e-001 7.96388999e-001 3.53140099e-002
 5.34070751e-001 8.99574641e-001 8.68354578e-001 3.12200626e-002
 5.65486678e-001 9.67337085e-001 9.43218198e-001 2.41188869e-002
 5.96902604e-001 1.03578658e+000 1.02101530e+000 1.47712780e-002
 6.28318531e-001 1.10593483e+000 1.10177764e+000 4.15718398e-003
 6.59734457e-001 1.17890657e+000 1.18553302e+000 6.62644767e-003
 6.91150384e-001 1.25582618e+000 1.27230491e+000 1.64787234e-002
 7.22566310e-001 1.33770500e+000 1.36211218e+000 2.44071754e-002
 7.53982237e-001 1.42534071e+000 1.45496874e+000 2.96280321e-002
 7.85398163e-001 1.51923892e+000 1.55088320e+000 3.16442734e-002
 8.16814090e-001 1.61956478e+000 1.64985847e+000 3.02936825e-002
 8.48230016e-001 1.72612924e+000 1.75189144e+000 2.57622026e-002
 8.79645943e-001 1.83841109e+000 1.85697256e+000 1.85614671e-002
 9.11061870e-001 1.95561243e+000 1.96508546e+000 9.47303340e-003
 9.42477796e-001 2.07674128e+000 2.07620652e+000 5.34762854e-004
 9.73893723e-001 2.20071311e+000 2.19030447e+000 1.04086396e-002
 1.00530965e+000 2.32646027e+000 2.30733996e+000 1.91203127e-002
 1.03672558e+000 2.45303825e+000 2.42726507e+000 2.57731832e-002
 1.06814150e+000 2.57971768e+000 2.55002291e+000 2.96947667e-002
 1.09955743e+000 2.70605250e+000 2.67554714e+000 3.05053601e-002
 1.13097336e+000 2.83191738e+000 2.80376147e+000 2.81559061e-002
 1.16238928e+000 2.95751040e+000 2.93457919e+000 2.29312102e-002
 1.19380521e+000 3.08332089e+000 3.06790264e+000 1.54182488e-002
 1.22522113e+000 3.21006568e+000 3.20362276e+000 6.44292084e-003
 1.25663706e+000 3.33860037e+000 3.34161850e+000 3.01812990e-003
 1.28805299e+000 3.46981497e+000 3.48175637e+000 1.19414004e-002
 1.31946891e+000 3.60452455e+000 3.62388980e+000 1.93652547e-002
 1.35088484e+000 3.74336662e+000 3.76785871e+000 2.44920955e-002
 1.38230077e+000 3.88671563e+000 3.91348887e+000 2.67732387e-002
 1.41371669e+000 4.03462384e+000 4.06059136e+000 2.59675170e-002
 1.44513262e+000 4.18679468e+000 4.20896203e+000 2.21673488e-002
 1.47654855e+000 4.34259151e+000 4.35838090e+000 1.57893872e-002
 1.50796447e+000 4.50108102e+000 4.50861158e+000 7.53055982e-003
 1.53938040e+000 4.66110677e+000 4.65940072e+000 1.70604813e-003
 1.57079633e+000 4.82138519e+000 4.81047738e+000 1.09078097e-002
 1.60221225e+000 4.98061406e+000 4.96155248e+000 1.90615809e-002
 1.63362818e+000 5.13758183e+000 5.11231819e+000 2.52636423e-002
 1.66504411e+000 5.29126620e+000 5.26244735e+000 2.88188489e-002
 1.69646003e+000 5.44091116e+000 5.41159287e+000 2.93182912e-002
 1.72787596e+000 5.58607409e+000 5.55938719e+000 2.66869088e-002
 1.75929189e+000 5.72663718e+000 5.70544161e+000 2.11955685e-002
 1.79070781e+000 5.86278164e+000 5.84934583e+000 1.34358038e-002
 1.82212374e+000 5.99492663e+000 5.99066728e+000 4.25934697e-003
 1.85353967e+000 6.12363898e+000 6.12895062e+000 5.31163958e-003
 1.88495559e+000 6.24952264e+000 6.26371715e+000 1.41945065e-002
 1.91637152e+000 6.37309952e+000 6.39446431e+000 2.13647855e-002
 1.94778745e+000 6.49469417e+000 6.52066514e+000 2.59709677e-002
 1.97920337e+000 6.61433484e+000 6.64176775e+000 2.74329101e-002
 2.01061930e+000 6.73168202e+000 6.75719486e+000 2.55128419e-002
 2.04203522e+000 6.84599273e+000 6.86634331e+000 2.03505800e-002
 2.07345115e+000 6.95612546e+000 6.96858362e+000 1.24581582e-002
 2.10486708e+000 7.06058629e+000 7.06325955e+000 2.67326201e-003
 2.13628300e+000 7.15761250e+000 7.14968773e+000 7.92476556e-003
 2.16769893e+000 7.24528573e+000 7.22715726e+000 1.81284738e-002
 2.19911486e+000 7.32166351e+000 7.29492939e+000 2.67341232e-002
 2.23053078e+000 7.38491535e+000 7.35223721e+000 3.26781387e-002
 2.26194671e+000 7.43344898e+000 7.39828542e+000 3.51635570e-002
 2.29336264e+000 7.46601236e+000 7.43225005e+000 3.37623042e-002
 2.32477856e+000 7.48175944e+000 7.45327834e+000 2.84811085e-002
 2.35619449e+000 7.48027070e+000 7.46048854e+000 1.97821574e-002
 2.38761042e+000 7.46152388e+000 7.45296991e+000 8.55397134e-003
 2.41902634e+000 7.42581560e+000 7.42978262e+000 3.96701842e-003
 2.45044227e+000 7.37363933e+000 7.38995783e+000 1.63185002e-002
 2.48185820e+000 7.30553039e+000 7.33249776e+000 2.69673663e-002
 2.51327412e+000 7.22189259e+000 7.25637583e+000 3.44832440e-002
 2.54469005e+000 7.12282386e+000 7.16053693e+000 3.77130675e-002
 2.57610598e+000 7.00795961e+000 7.04389766e+000 3.59380505e-002
 2.60752190e+000 6.87635182e+000 6.90534676e+000 2.89949365e-002
 2.63893783e+000 6.72639982e+000 6.74374551e+000 1.73456903e-002
 2.67035376e+000 6.55584462e+000 6.55792832e+000 2.08369856e-003
 2.70176968e+000 6.36183358e+000 6.34670335e+000 1.51302338e-002
 2.73318561e+000 6.14105590e+000 6.10885319e+000 3.22027061e-002
 2.76460154e+000 5.88994328e+000 5.84313575e+000 4.68075393e-002
 2.79601746e+000 5.60492369e+000 5.54828513e+000 5.66385577e-002
 2.82743339e+000 5.28271061e+000 5.22301271e+000 5.96979013e-002
 2.85884931e+000 4.92060661e+000 4.86600825e+000 5.45983586e-002
 2.89026524e+000 4.51679703e+000 4.47594118e+000 4.08558519e-002
 2.92168117e+000 4.07060985e+000 4.05146201e+000 1.91478368e-002
 2.95309709e+000 3.58271889e+000 3.59120382e+000 8.48492307e-003
 2.98451302e+000 3.05527184e+000 3.09378392e+000 3.85120736e-002
 3.01592895e+000 2.49192928e+000 2.55780566e+000 6.58763825e-002
 3.04734487e+000 1.89780806e+000 1.98186037e+000 8.40523112e-002
 3.07876080e+000 1.27932945e+000 1.36452942e+000 8.51999639e-002
 3.11017673e+000 6.43980020e-001 7.04386497e-001 6.04064770e-002
 3.14159265e+000 3.08900166e-015 2.83382392e-015 2.55177734e-016
