 0.00000000e+000 0.00000000e+000 0.00000000e+000 0.00000000e+000
 3.14159265e-002 1.63090209e-001 3.24132214e-002 1.30676988e-001
 6.28318531e-002 2.98622711e-001 6.68623449e-002 2.31760366e-001
 9.42477796e-002 3.87026708e-001 1.03409224e-001 2.83617483e-001
 1.25663706e-001 4.22139297e-001 1.42115451e-001 2.80023846e-001
 1.57079633e-001 4.12370134e-001 1.83042214e-001 2.29327920e-001
 1.88495559e-001 3.77361055e-001 2.26250143e-001 1.51110912e-001
 2.19911486e-001 3.41392671e-001 2.71799158e-001 6.95935133e-002
 2.51327412e-001 3.25827585e-001 3.19748292e-001 6.07929237e-003
 2.82743339e-001 3.43103761e-001 3.70155520e-001 2.70517588e-002
 3.14159265e-001 3.94145391e-001 4.23077568e-001 2.89321773e-002
 3.45575192e-001 4.69795116e-001 4.78569719e-001 8.77460307e-003
 3.76991118e-001 5.55456067e-001 5.36685605e-001 1.87704621e-002
 4.08407045e-001 6.37070148e-001 5.97476992e-001 3.95931553e-002
 4.39822972e-001 7.06213313e-001 6.60993554e-001 4.52197586e-002
 4.71238898e-001 7.62552208e-001 7.27282634e-001 3.52695735e-002
 5.02654825e-001 8.12977018e-001 7.96388999e-001 1.65880190e-002
 5.34070751e-001 8.67987670e-001 8.68354578e-001 3.66907962e-004
 5.65486678e-001 9.36895352e-001 9.43218198e-001 6.32284575e-003
 5.96902604e-001 1.02375917e+000 1.02101530e+000 2.74387497e-003
 6.28318531e-001 1.12560366e+000 1.10177764e+000 2.38260155e-002
 6.59734457e-001 1.23352652e+000 1.18553302e+000 4.79935070e-002
 6.91150384e-001 1.33618033e+000 1.27230491e+000 6.38754254e-002
 7.22566310e-001 1.42422548e+000 1.36211218e+000 6.21133040e-002
 7.53982237e-001 1.49402914e+000 1.45496874e+000 3.90603941e-002
 7.85398163e-001 1.54922533e+000 1.55088320e+000 1.65786996e-003
 8.16814090e-001 1.59960207e+000 1.64985847e+000 5.02564024e-002
 8.48230016e-001 1.65780094e+000 1.75189144e+000 9.40904939e-002
 8.79645943e-001 1.73511105e+000 1.85697256e+000 1.21861515e-001
 9.11061870e-001 1.83791860e+000 1.96508546e+000 1.27166861e-001
 9.42477796e-001 1.96605126e+000 2.07620652e+000 1.10155258e-001
 9.73893723e-001 2.11347957e+000 2.19030447e+000 7.68249022e-002
 1.00530965e+000 2.27092547e+000 2.30733996e+000 3.64144901e-002
 1.03672558e+000 2.42923765e+000 2.42726507e+000 1.97258109e-003
 1.06814150e+000 2.58218493e+000 2.55002291e+000 3.21620194e-002
 1.09955743e+000 2.72765328e+000 2.67554714e+000 5.21061355e-002
 1.13097336e+000 2.86695487e+000 2.80376147e+000 6.31933924e-002
 1.16238928e+000 3.00276353e+000 2.93457919e+000 6.81843453e-002
 1.19380521e+000 3.13674987e+000 3.06790264e+000 6.88472282e-002
 1.22522113e+000 3.26807739e+000 3.20362276e+000 6.44546291e-002
 1.25663706e+000 3.39350973e+000 3.34161850e+000 5.18912304e-002
 1.28805299e+000 3.50914322e+000 3.48175637e+000 2.73868510e-002
 1.31946891e+000 3.61302653e+000 3.62388980e+000 1.08632794e-002
 1.35088484e+000 3.70747622e+000 3.76785871e+000 6.03824914e-002
 1.38230077e+000 3.79993787e+000 3.91348887e+000 1.13550998e-001
 1.41371669e+000 3.90177527e+000 4.06059136e+000 1.58816091e-001
 1.44513262e+000 4.02519068e+000 4.20896203e+000 1.83771351e-001
 1.47654855e+000 4.17926299e+000 4.35838090e+000 1.79117911e-001
 1.50796447e+000 4.36652166e+000 4.50861158e+000 1.42089918e-001
 1.53938040e+000 4.58136854e+000 4.65940072e+000 7.80321778e-002
 1.57079633e+000 4.81104128e+000 4.81047738e+000 5.63894513e-004
 1.60221225e+000 5.03890783e+000 4.96155248e+000 7.73553542e-002
 1.63362818e+000 5.24903183e+000 5.11231819e+000 1.36713640e-001
 1.66504411e+000 5.43047904e+000 5.26244735e+000 1.68031694e-001
 1.69646003e+000 5.57992810e+000 5.41159287e+000 1.68335224e-001
 1.72787596e+000 5.70176988e+000 5.55938719e+000 1.42382690e-001
 1.75929189e+000 5.80579485e+000 5.70544161e+000 1.00353231e-001
 1.79070781e+000 5.90342657e+000 5.84934583e+000 5.40807422e-002
 1.82212374e+000 6.00393727e+000 5.99066728e+000 1.32699869e-002
 1.85353967e+000 6.11200119e+000 6.12895062e+000 1.69494250e-002
 1.88495559e+000 6.22734576e+000 6.26371715e+000 3.63713903e-002
 1.91637152e+000 6.34639124e+000 6.39446431e+000 4.80730746e-002
 1.94778745e+000 6.46497696e+000 6.52066514e+000 5.56881738e-002
 1.97920337e+000 6.58087118e+000 6.64176775e+000 6.08965715e-002
 2.01061930e+000 6.69491112e+000 6.75719486e+000 6.22837385e-002
 2.04203522e+000 6.81025586e+000 6.86634331e+000 5.60874498e-002
 2.07345115e+000 6.93009366e+000 6.96858362e+000 3.84899606e-002
 2.10486708e+000 7.05487126e+000 7.06325955e+000 8.38829827e-003
 2.13628300e+000 7.18039437e+000 7.14968773e+000 3.07066421e-002
 2.16769893e+000 7.29785237e+000 7.22715726e+000 7.06951141e-002
 2.19911486e+000 7.39604461e+000 7.29492939e+000 1.01115227e-001
 2.23053078e+000 7.46513280e+000 7.35223721e+000 1.12895586e-001
 2.26194671e+000 7.50050032e+000 7.39828542e+000 1.02214897e-001
 2.29336264e+000 7.50508875e+000 7.43225005e+000 7.28386995e-002
 2.32477856e+000 7.48902755e+000 7.45327834e+000 3.57492187e-002
 2.35619449e+000 7.46634260e+000 7.46048854e+000 5.85405573e-003
 2.38761042e+000 7.44967396e+000 7.45296991e+000 3.29594914e-003
 2.41902634e+000 7.44481337e+000 7.42978262e+000 1.50307541e-002
 2.45044227e+000 7.44712533e+000 7.38995783e+000 5.71674990e-002
 2.48185820e+000 7.44140154e+000 7.33249776e+000 1.08903780e-001
 2.51327412e+000 7.40556067e+000 7.25637583e+000 1.49184839e-001
 2.54469005e+000 7.31723199e+000 7.16053693e+000 1.56695063e-001
 2.57610598e+000 7.16114816e+000 7.04389766e+000 1.17250496e-001
 2.60752190e+000 6.93484120e+000 6.90534676e+000 2.94944486e-002
 2.63893783e+000 6.65057474e+000 6.74374551e+000 9.31707666e-002
 2.67035376e+000 6.33263286e+000 6.55792832e+000 2.25295466e-001
 2.70176968e+000 6.01062530e+000 6.34670335e+000 3.36078048e-001
 2.73318561e+000 5.71082553e+000 6.10885319e+000 3.98027660e-001
 2.76460154e+000 5.44825418e+000 5.84313575e+000 3.94881567e-001
 2.79601746e+000 5.22200442e+000 5.54828513e+000 3.26280712e-001
 2.82743339e+000 5.01524832e+000 5.22301271e+000 2.07764389e-001
 2.85884931e+000 4.79983275e+000 4.86600825e+000 6.61754947e-002
 2.89026524e+000 4.54390363e+000 4.47594118e+000 6.79624496e-002
 2.92168117e+000 4.22009565e+000 4.05146201e+000 1.68633638e-001
 2.95309709e+000 3.81178889e+000 3.59120382e+000 2.20585073e-001
 2.98451302e+000 3.31574741e+000 3.09378392e+000 2.21963489e-001
 3.01592895e+000 2.74079770e+000 2.55780566e+000 1.82992037e-001
 3.04734487e+000 2.10357466e+000 1.98186037e+000 1.21714291e-001
 3.07876080e+000 1.42326249e+000 1.36452942e+000 5.87330755e-002
 3.11017673e+000 7.17380459e-001 7.04386497e-001 1.29939618e-002
 3.14159265e+000 3.31319626e-015 2.83382392e-015 4.79372335e-016
