 0.00000000e+000 0.00000000e+000 0.00000000e+000 0.00000000e+000
 3.14159265e-002 8.00034348e-002 3.24132214e-002 4.75902135e-002
 6.28318531e-002 1.59289742e-001 6.68623449e-002 9.24273966e-002
 9.42477796e-002 2.37165174e-001 1.03409224e-001 1.33755950e-001
 1.25663706e-001 3.12982116e-001 1.42115451e-001 1.70866664e-001
 1.57079633e-001 3.86160575e-001 1.83042214e-001 2.03118362e-001
 1.88495559e-001 4.56207845e-001 2.26250143e-001 2.29957702e-001
 2.19911486e-001 5.22735785e-001 2.71799158e-001 2.50936627e-001
 2.51327412e-001 5.85475261e-001 3.19748292e-001 2.65726969e-001
 2.82743339e-001 6.44287337e-001 3.70155520e-001 2.74131817e-001
 3.14159265e-001 6.99170908e-001 4.23077568e-001 2.76093340e-001
 3.45575192e-001 7.50266552e-001 4.78569719e-001 2.71696833e-001
 3.76991118e-001 7.97856489e-001 5.36685605e-001 2.61170884e-001
 4.08407045e-001 8.42360623e-001 5.97476992e-001 2.44883630e-001
 4.39822972e-001 8.84328762e-001 6.60993554e-001 2.23335208e-001
 4.71238898e-001 9.24429202e-001 7.27282634e-001 1.97146568e-001
 5.02654825e-001 9.63433960e-001 7.96388999e-001 1.67044961e-001
 5.34070751e-001 1.00220104e+000 8.68354578e-001 1.33846459e-001
 5.65486678e-001 1.04165417e+000 9.43218198e-001 9.84359709e-002
 5.96902604e-001 1.08276058e+000 1.02101530e+000 6.17452819e-002
 6.28318531e-001 1.12650734e+000 1.10177764e+000 2.47296945e-002
 6.59734457e-001 1.17387690e+000 1.18553302e+000 1.16561127e-002
 6.91150384e-001 1.22582255e+000 1.27230491e+000 4.64823609e-002
 7.22566310e-001 1.28324424e+000 1.36211218e+000 7.88679349e-002
 7.53982237e-001 1.34696575e+000 1.45496874e+000 1.08002996e-001
 7.85398163e-001 1.41771337e+000 1.55088320e+000 1.33169829e-001
 8.16814090e-001 1.49609710e+000 1.64985847e+000 1.53761366e-001
 8.48230016e-001 1.58259458e+000 1.75189144e+000 1.69296858e-001
 8.79645943e-001 1.67753827e+000 1.85697256e+000 1.79434288e-001
 9.11061870e-001 1.78110632e+000 1.96508546e+000 1.83979139e-001
 9.42477796e-001 1.89331723e+000 2.07620652e+000 1.82889292e-001
 9.73893723e-001 2.01402860e+000 2.19030447e+000 1.76275878e-001
 1.00530965e+000 2.14293992e+000 2.30733996e+000 1.64400040e-001
 1.03672558e+000 2.27959940e+000 2.42726507e+000 1.47665670e-001
 1.06814150e+000 2.42341463e+000 2.55002291e+000 1.26608282e-001
 1.09955743e+000 2.57366685e+000 2.67554714e+000 1.01880294e-001
 1.13097336e+000 2.72952839e+000 2.80376147e+000 7.42330887e-002
 1.16238928e+000 2.89008287e+000 2.93457919e+000 4.44963169e-002
 1.19380521e+000 3.05434767e+000 3.06790264e+000 1.35549663e-002
 1.22522113e+000 3.22129795e+000 3.20362276e+000 1.76751909e-002
 1.25663706e+000 3.38989163e+000 3.34161850e+000 4.82731290e-002
 1.28805299e+000 3.55909476e+000 3.48175637e+000 7.73383961e-002
 1.31946891e+000 3.72790634e+000 3.62388980e+000 1.04016540e-001
 1.35088484e+000 3.89538215e+000 3.76785871e+000 1.27523439e-001
 1.38230077e+000 4.06065674e+000 3.91348887e+000 1.47167869e-001
 1.41371669e+000 4.22296303e+000 4.06059136e+000 1.62371669e-001
 1.44513262e+000 4.38164897e+000 4.20896203e+000 1.72686936e-001
 1.47654855e+000 4.53619063e+000 4.35838090e+000 1.77809734e-001
 1.50796447e+000 4.68620150e+000 4.50861158e+000 1.77589917e-001
 1.53938040e+000 4.83143745e+000 4.65940072e+000 1.72036728e-001
 1.57079633e+000 4.97179735e+000 4.81047738e+000 1.61319971e-001
 1.60221225e+000 5.10731915e+000 4.96155248e+000 1.45766665e-001
 1.63362818e+000 5.23817137e+000 5.11231819e+000 1.25853184e-001
 1.66504411e+000 5.36464040e+000 5.26244735e+000 1.02193053e-001
 1.69646003e+000 5.48711351e+000 5.41159287e+000 7.55206315e-002
 1.72787596e+000 5.60605827e+000 5.55938719e+000 4.66710816e-002
 1.75929189e+000 5.72199870e+000 5.70544161e+000 1.65570893e-002
 1.79070781e+000 5.83548875e+000 5.84934583e+000 1.38570805e-002
 1.82212374e+000 5.94708374e+000 5.99066728e+000 4.35835395e-002
 1.85353967e+000 6.05731060e+000 6.12895062e+000 7.16400154e-002
 1.88495559e+000 6.16663754e+000 6.26371715e+000 9.70796031e-002
 1.91637152e+000 6.27544409e+000 6.39446431e+000 1.19020219e-001
 1.94778745e+000 6.38399219e+000 6.52066514e+000 1.36672943e-001
 1.97920337e+000 6.49239931e+000 6.64176775e+000 1.49368444e-001
 2.01061930e+000 6.60061416e+000 6.75719486e+000 1.56580700e-001
 2.04203522e+000 6.70839602e+000 6.86634331e+000 1.57947292e-001
 2.07345115e+000 6.81529802e+000 6.96858362e+000 1.53285606e-001
 2.10486708e+000 6.92065519e+000 7.06325955e+000 1.42604365e-001
 2.13628300e+000 7.02357771e+000 7.14968773e+000 1.26110021e-001
 2.16769893e+000 7.12294963e+000 7.22715726e+000 1.04207632e-001
 2.19911486e+000 7.21743338e+000 7.29492939e+000 7.74960059e-002
 2.23053078e+000 7.30548021e+000 7.35223721e+000 4.67569997e-002
 2.26194671e+000 7.38534642e+000 7.39828542e+000 1.29390038e-002
 2.29336264e+000 7.45511525e+000 7.43225005e+000 2.28652005e-002
 2.32477856e+000 7.51272424e+000 7.45327834e+000 5.94459049e-002
 2.35619449e+000 7.55599735e+000 7.46048854e+000 9.55088107e-002
 2.38761042e+000 7.58268157e+000 7.45296991e+000 1.29711664e-001
 2.41902634e+000 7.59048713e+000 7.42978262e+000 1.60704509e-001
 2.45044227e+000 7.57713060e+000 7.38995783e+000 1.87172763e-001
 2.48185820e+000 7.54038002e+000 7.33249776e+000 2.07882259e-001
 2.51327412e+000 7.47810115e+000 7.25637583e+000 2.21725314e-001
 2.54469005e+000 7.38830377e+000 7.16053693e+000 2.27766841e-001
 2.57610598e+000 7.26918718e+000 7.04389766e+000 2.25289517e-001
 2.60752190e+000 7.11918376e+000 6.90534676e+000 2.13837003e-001
 2.63893783e+000 6.93699974e+000 6.74374551e+000 1.93254228e-001
 2.67035376e+000 6.72165215e+000 6.55792832e+000 1.63723825e-001
 2.70176968e+000 6.47250118e+000 6.34670335e+000 1.25797833e-001
 2.73318561e+000 6.18927709e+000 6.10885319e+000 8.04238969e-002
 2.76460154e+000 5.87210104e+000 5.84313575e+000 2.89652926e-002
 2.79601746e+000 5.52149934e+000 5.54828513e+000 2.67857902e-002
 2.82743339e+000 5.13841060e+000 5.22301271e+000 8.46021126e-002
 2.85884931e+000 4.72418557e+000 4.86600825e+000 1.41822681e-001
 2.89026524e+000 4.28057959e+000 4.47594118e+000 1.95361596e-001
 2.92168117e+000 3.80973760e+000 4.05146201e+000 2.41724414e-001
 2.95309709e+000 3.31417197e+000 3.59120382e+000 2.77031847e-001
 2.98451302e+000 2.79673347e+000 3.09378392e+000 2.97050445e-001
 3.01592895e+000 2.26057588e+000 2.55780566e+000 2.97229783e-001
 3.04734487e+000 1.70911485e+000 1.98186037e+000 2.72745519e-001
 3.07876080e+000 1.14598183e+000 1.36452942e+000 2.18547592e-001
 3.11017673e+000 5.74973817e-001 7.04386497e-001 1.29412680e-001
 3.14159265e+000 1.64038261e-015 2.83382392e-015 1.19344132e-015
