 0.00000000e+000 0.00000000e+000 0.00000000e+000 0.00000000e+000
 3.14159265e-002 2.36127506e-002 3.24132214e-002 8.80047076e-003
 6.28318531e-002 4.87896298e-002 6.68623449e-002 1.80727151e-002
 9.42477796e-002 7.69730007e-002 1.03409224e-001 2.64362236e-002
 1.25663706e-001 1.09373409e-001 1.42115451e-001 3.27420422e-002
 1.57079633e-001 1.46881786e-001 1.83042214e-001 3.61604274e-002
 1.88495559e-001 1.90012227e-001 2.26250143e-001 3.62379160e-002
 2.19911486e-001 2.38880615e-001 2.71799158e-001 3.29185434e-002
 2.51327412e-001 2.93220787e-001 3.19748292e-001 2.65275055e-002
 2.82743339e-001 3.52436226e-001 3.70155520e-001 1.77192945e-002
 3.14159265e-001 4.15681729e-001 4.23077568e-001 7.39583940e-003
 3.45575192e-001 4.81966592e-001 4.78569719e-001 3.39687342e-003
 3.76991118e-001 5.50268767e-001 5.36685605e-001 1.35831614e-002
 4.08407045e-001 6.19648445e-001 5.97476992e-001 2.21714524e-002
 4.39822972e-001 6.89349733e-001 6.60993554e-001 2.83561783e-002
 4.71238898e-001 7.58880360e-001 7.27282634e-001 3.15977259e-002
 5.02654825e-001 8.28061750e-001 7.96388999e-001 3.16727514e-002
 5.34070751e-001 8.97044851e-001 8.68354578e-001 2.86902731e-002
 5.65486678e-001 9.66290709e-001 9.43218198e-001 2.30725115e-002
 5.96902604e-001 1.03651838e+000 1.02101530e+000 1.55030852e-002
 6.28318531e-001 1.10862616e+000 1.10177764e+000 6.84851560e-003
 6.59734457e-001 1.18359472e+000 1.18553302e+000 1.93829343e-003
 6.91150384e-001 1.26238277e+000 1.27230491e+000 9.92213640e-003
 7.22566310e-001 1.34582620e+000 1.36211218e+000 1.62859847e-002
 7.53982237e-001 1.43455158e+000 1.45496874e+000 2.04171664e-002
 7.85398163e-001 1.52891306e+000 1.55088320e+000 2.19701391e-002
 8.16814090e-001 1.62895918e+000 1.64985847e+000 2.08992888e-002
 8.48230016e-001 1.73443302e+000 1.75189144e+000 1.74584138e-002
 8.79645943e-001 1.84480542e+000 1.85697256e+000 1.21671362e-002
 9.11061870e-001 1.95933742e+000 1.96508546e+000 5.74803561e-003
 9.42477796e-001 2.07716506e+000 2.07620652e+000 9.58540980e-004
 9.73893723e-001 2.19739709e+000 2.19030447e+000 7.09261365e-003
 1.00530965e+000 2.31921479e+000 2.30733996e+000 1.18748350e-002
 1.03672558e+000 2.44196285e+000 2.42726507e+000 1.46977885e-002
 1.06814150e+000 2.56522104e+000 2.55002291e+000 1.51981255e-002
 1.09955743e+000 2.68884849e+000 2.67554714e+000 1.33013490e-002
 1.13097336e+000 2.81299544e+000 2.80376147e+000 9.23396076e-003
 1.16238928e+000 2.93808038e+000 2.93457919e+000 3.50119079e-003
 1.19380521e+000 3.06473491e+000 3.06790264e+000 3.16772787e-003
 1.22522113e+000 3.19372156e+000 3.20362276e+000 9.90119205e-003
 1.25663706e+000 3.32583332e+000 3.34161850e+000 1.57851789e-002
 1.28805299e+000 3.46178561e+000 3.48175637e+000 1.99707527e-002
 1.31946891e+000 3.60211249e+000 3.62388980e+000 2.17773116e-002
 1.35088484e+000 3.74707876e+000 3.76785871e+000 2.07799540e-002
 1.38230077e+000 3.89661808e+000 3.91348887e+000 1.68707890e-002
 1.41371669e+000 4.05030477e+000 4.06059136e+000 1.02865863e-002
 1.44513262e+000 4.20736342e+000 4.20896203e+000 1.59860540e-003
 1.47654855e+000 4.36671647e+000 4.35838090e+000 8.33557792e-003
 1.50796447e+000 4.52706591e+000 4.50861158e+000 1.84543288e-002
 1.53938040e+000 4.68700130e+000 4.65940072e+000 2.76005791e-002
 1.57079633e+000 4.84512340e+000 4.81047738e+000 3.46460182e-002
 1.60221225e+000 5.00017049e+000 4.96155248e+000 3.86180125e-002
 1.63362818e+000 5.15113387e+000 5.11231819e+000 3.88156761e-002
 1.66504411e+000 5.29734953e+000 5.26244735e+000 3.49021797e-002
 1.69646003e+000 5.43855530e+000 5.41159287e+000 2.69624295e-002
 1.72787596e+000 5.57490568e+000 5.55938719e+000 1.55184930e-002
 1.75929189e+000 5.70694091e+000 5.70544161e+000 1.49930002e-003
 1.79070781e+000 5.83551164e+000 5.84934583e+000 1.38341957e-002
 1.82212374e+000 5.96166476e+000 5.99066728e+000 2.90025197e-002
 1.85353967e+000 6.08650090e+000 6.12895062e+000 4.24497160e-002
 1.88495559e+000 6.21101671e+000 6.26371715e+000 5.27004346e-002
 1.91637152e+000 6.33594783e+000 6.39446431e+000 5.85164846e-002
 1.94778745e+000 6.46162845e+000 6.52066514e+000 5.90366905e-002
 1.97920337e+000 6.58788281e+000 6.64176775e+000 5.38849416e-002
 2.01061930e+000 6.71396091e+000 6.75719486e+000 4.32339494e-002
 2.04203522e+000 6.83852709e+000 6.86634331e+000 2.78162216e-002
 2.07345115e+000 6.95970486e+000 6.96858362e+000 8.87875910e-003
 2.10486708e+000 7.07517602e+000 7.06325955e+000 1.19164653e-002
 2.13628300e+000 7.18232637e+000 7.14968773e+000 3.26386405e-002
 2.16769893e+000 7.27842550e+000 7.22715726e+000 5.12682418e-002
 2.19911486e+000 7.36082397e+000 7.29492939e+000 6.58945804e-002
 2.23053078e+000 7.42714897e+000 7.35223721e+000 7.49117541e-002
 2.26194671e+000 7.47547873e+000 7.39828542e+000 7.71933060e-002
 2.29336264e+000 7.50447720e+000 7.43225005e+000 7.22271497e-002
 2.32477856e+000 7.51347377e+000 7.45327834e+000 6.01954373e-002
 2.35619449e+000 7.50247734e+000 7.46048854e+000 4.19888006e-002
 2.38761042e+000 7.47212029e+000 7.45296991e+000 1.91503877e-002
 2.41902634e+000 7.42353443e+000 7.42978262e+000 6.24819283e-003
 2.45044227e+000 7.35816771e+000 7.38995783e+000 3.17901217e-002
 2.48185820e+000 7.27755707e+000 7.33249776e+000 5.49406891e-002
 2.51327412e+000 7.18307734e+000 7.25637583e+000 7.32984981e-002
 2.54469005e+000 7.07568994e+000 7.16053693e+000 8.48469944e-002
 2.57610598e+000 6.95571621e+000 7.04389766e+000 8.81814546e-002
 2.60752190e+000 6.82265923e+000 6.90534676e+000 8.26875237e-002
 2.63893783e+000 6.67509490e+000 6.74374551e+000 6.86506033e-002
 2.67035376e+000 6.51064768e+000 6.55792832e+000 4.72806404e-002
 2.70176968e+000 6.32605960e+000 6.34670335e+000 2.06437470e-002
 2.73318561e+000 6.11735317e+000 6.10885319e+000 8.49998428e-003
 2.76460154e+000 5.88008054e+000 5.84313575e+000 3.69447938e-002
 2.79601746e+000 5.60964320e+000 5.54828513e+000 6.13580686e-002
 2.82743339e+000 5.30165987e+000 5.22301271e+000 7.86471569e-002
 2.85884931e+000 4.95235477e+000 4.86600825e+000 8.63465235e-002
 2.89026524e+000 4.55893584e+000 4.47594118e+000 8.29946538e-002
 2.92168117e+000 4.11993171e+000 4.05146201e+000 6.84696996e-002
 2.95309709e+000 3.63545890e+000 3.59120382e+000 4.42550786e-002
 2.98451302e+000 3.10739486e+000 3.09378392e+000 1.36109442e-002
 3.01592895e+000 2.53943994e+000 2.55780566e+000 1.83657228e-002
 3.04734487e+000 1.93705914e+000 1.98186037e+000 4.48012296e-002
 3.07876080e+000 1.30730441e+000 1.36452942e+000 5.72250119e-002
 3.11017673e+000 6.58527194e-001 7.04386497e-001 4.58593028e-002
 3.14159265e+000 3.17082750e-015 2.83382392e-015 3.37003580e-016
