 0.00000000e+000 0.00000000e+000 0.00000000e+000 0.00000000e+000
 3.14159265e-002 8.62998353e-003 3.24132214e-002 2.37832378e-002
 6.28318531e-002 2.08168827e-002 6.68623449e-002 4.60454622e-002
 9.42477796e-002 3.98020550e-002 1.03409224e-001 6.36071693e-002
 1.25663706e-001 6.82263199e-002 1.42115451e-001 7.38891315e-002
 1.57079633e-001 1.07903126e-001 1.83042214e-001 7.51390880e-002
 1.88495559e-001 1.59671706e-001 2.26250143e-001 6.65784371e-002
 2.19911486e-001 2.23344203e-001 2.71799158e-001 4.84549545e-002
 2.51327412e-001 2.97751494e-001 3.19748292e-001 2.19967982e-002
 2.82743339e-001 3.80882772e-001 3.70155520e-001 1.07272520e-002
 3.14159265e-001 4.70104759e-001 4.23077568e-001 4.70271904e-002
 3.45575192e-001 5.62438641e-001 4.78569719e-001 8.38689216e-002
 3.76991118e-001 6.54867258e-001 5.36685605e-001 1.18181653e-001
 4.08407045e-001 7.44642200e-001 5.97476992e-001 1.47165207e-001
 4.39822972e-001 8.29560613e-001 6.60993554e-001 1.68567059e-001
 4.71238898e-001 9.08184692e-001 7.27282634e-001 1.80902058e-001
 5.02654825e-001 9.79982586e-001 7.96388999e-001 1.83593588e-001
 5.34070751e-001 1.04537739e+000 8.68354578e-001 1.77022809e-001
 5.65486678e-001 1.10570003e+000 9.43218198e-001 1.62481835e-001
 5.96902604e-001 1.16305155e+000 1.02101530e+000 1.42036248e-001
 6.28318531e-001 1.22008900e+000 1.10177764e+000 1.18311358e-001
 6.59734457e-001 1.27975716e+000 1.18553302e+000 9.42241415e-002
 6.91150384e-001 1.34499300e+000 1.27230491e+000 7.26880958e-002
 7.22566310e-001 1.41843300e+000 1.36211218e+000 5.63208231e-002
 7.53982237e-001 1.50215246e+000 1.45496874e+000 4.71837161e-002
 7.85398163e-001 1.59746296e+000 1.55088320e+000 4.65797610e-002
 8.16814090e-001 1.70478797e+000 1.64985847e+000 5.49294992e-002
 8.48230016e-001 1.82362866e+000 1.75189144e+000 7.17372213e-002
 8.79645943e-001 1.95262287e+000 1.85697256e+000 9.56503128e-002
 9.11061870e-001 2.08969070e+000 1.96508546e+000 1.24605242e-001
 9.42477796e-001 2.23225145e+000 2.07620652e+000 1.56044932e-001
 9.73893723e-001 2.37748956e+000 2.19030447e+000 1.87185081e-001
 1.00530965e+000 2.52264203e+000 2.30733996e+000 2.15302071e-001
 1.03672558e+000 2.66527808e+000 2.42726507e+000 2.38013018e-001
 1.06814150e+000 2.80354226e+000 2.55002291e+000 2.53519352e-001
 1.09955743e+000 2.93633625e+000 2.67554714e+000 2.60789105e-001
 1.13097336e+000 3.06342086e+000 2.80376147e+000 2.59659389e-001
 1.16238928e+000 3.18542790e+000 2.93457919e+000 2.50848718e-001
 1.19380521e+000 3.30378072e+000 3.06790264e+000 2.35878076e-001
 1.22522113e+000 3.42053175e+000 3.20362276e+000 2.16908995e-001
 1.25663706e+000 3.53813394e+000 3.34161850e+000 1.96515435e-001
 1.28805299e+000 3.65916945e+000 3.48175637e+000 1.77413081e-001
 1.31946891e+000 3.78606390e+000 3.62388980e+000 1.62174096e-001
 1.35088484e+000 3.92081564e+000 3.76785871e+000 1.52956928e-001
 1.38230077e+000 4.06476815e+000 3.91348887e+000 1.51279284e-001
 1.41371669e+000 4.21844938e+000 4.06059136e+000 1.57858021e-001
 1.44513262e+000 4.38149489e+000 4.20896203e+000 1.72532864e-001
 1.47654855e+000 4.55266314e+000 4.35838090e+000 1.94282247e-001
 1.50796447e+000 4.72994163e+000 4.50861158e+000 2.21330047e-001
 1.53938040e+000 4.91073327e+000 4.65940072e+000 2.51332547e-001
 1.57079633e+000 5.09210389e+000 4.81047738e+000 2.81626514e-001
 1.60221225e+000 5.27106526e+000 4.96155248e+000 3.09512778e-001
 1.63362818e+000 5.44486397e+000 5.11231819e+000 3.32545781e-001
 1.66504411e+000 5.61124599e+000 5.26244735e+000 3.48798646e-001
 1.69646003e+000 5.76866844e+000 5.41159287e+000 3.57075566e-001
 1.72787596e+000 5.91643569e+000 5.55938719e+000 3.57048500e-001
 1.75929189e+000 6.05474440e+000 5.70544161e+000 3.49302786e-001
 1.79070781e+000 6.18463146e+000 5.84934583e+000 3.35285632e-001
 1.82212374e+000 6.30782879e+000 5.99066728e+000 3.17161511e-001
 1.85353967e+000 6.42653893e+000 6.12895062e+000 2.97588314e-001
 1.88495559e+000 6.54315380e+000 6.26371715e+000 2.79436656e-001
 1.91637152e+000 6.65994540e+000 6.39446431e+000 2.65481093e-001
 1.94778745e+000 6.77876061e+000 6.52066514e+000 2.58095476e-001
 1.97920337e+000 6.90075268e+000 6.64176775e+000 2.58984926e-001
 2.01061930e+000 7.02617859e+000 6.75719486e+000 2.68983729e-001
 2.04203522e+000 7.15428556e+000 6.86634331e+000 2.87942249e-001
 2.07345115e+000 7.28330076e+000 6.96858362e+000 3.14717142e-001
 2.10486708e+000 7.41052831e+000 7.06325955e+000 3.47268752e-001
 2.13628300e+000 7.53254614e+000 7.14968773e+000 3.82858410e-001
 2.16769893e+000 7.64548499e+000 7.22715726e+000 4.18327734e-001
 2.19911486e+000 7.74536233e+000 7.29492939e+000 4.50432942e-001
 2.23053078e+000 7.82843778e+000 7.35223721e+000 4.76200566e-001
 2.26194671e+000 7.89155307e+000 7.39828542e+000 4.93267648e-001
 2.29336264e+000 7.93241986e+000 7.43225005e+000 5.00169809e-001
 2.32477856e+000 7.94982298e+000 7.45327834e+000 4.96544641e-001
 2.35619449e+000 7.94371390e+000 7.46048854e+000 4.83225362e-001
 2.38761042e+000 7.91517986e+000 7.45296991e+000 4.62209949e-001
 2.41902634e+000 7.86628572e+000 7.42978262e+000 4.36503101e-001
 2.45044227e+000 7.79979901e+000 7.38995783e+000 4.09841177e-001
 2.48185820e+000 7.71882037e+000 7.33249776e+000 3.86322605e-001
 2.51327412e+000 7.62635256e+000 7.25637583e+000 3.69976725e-001
 2.54469005e+000 7.52484874e+000 7.16053693e+000 3.64311804e-001
 2.57610598e+000 7.41578461e+000 7.04389766e+000 3.71886952e-001
 2.60752190e+000 7.29929932e+000 6.90534676e+000 3.93952565e-001
 2.63893783e+000 7.17394502e+000 6.74374551e+000 4.30199512e-001
 2.67035376e+000 7.03657720e+000 6.55792832e+000 4.78648876e-001
 2.70176968e+000 6.88240571e+000 6.34670335e+000 5.35702367e-001
 2.73318561e+000 6.70521266e+000 6.10885319e+000 5.96359473e-001
 2.76460154e+000 6.49772810e+000 5.84313575e+000 6.54592350e-001
 2.79601746e+000 6.25213978e+000 5.54828513e+000 7.03854655e-001
 2.82743339e+000 5.96070011e+000 5.22301271e+000 7.37687400e-001
 2.85884931e+000 5.61638297e+000 4.86600825e+000 7.50374728e-001
 2.89026524e+000 5.21353739e+000 4.47594118e+000 7.37596205e-001
 2.92168117e+000 4.74848253e+000 4.05146201e+000 6.97020520e-001
 2.95309709e+000 4.21999241e+000 3.59120382e+000 6.28788588e-001
 2.98451302e+000 3.62962571e+000 3.09378392e+000 5.35841789e-001
 3.01592895e+000 2.98186849e+000 2.55780566e+000 4.24062830e-001
 3.04734487e+000 2.28407192e+000 1.98186037e+000 3.02211548e-001
 3.07876080e+000 1.54618394e+000 1.36452942e+000 1.81654523e-001
 3.11017673e+000 7.80290825e-001 7.04386497e-001 7.59043282e-002
 3.14159265e+000 1.56716685e-015 2.83382392e-015 1.26665707e-015
