 0.00000000e+000 0.00000000e+000 0.00000000e+000 0.00000000e+000
 3.14159265e-002 3.58933659e-002 3.24132214e-002 3.48014456e-003
 6.28318531e-002 7.20332934e-002 6.68623449e-002 5.17094850e-003
 9.42477796e-002 1.08716577e-001 1.03409224e-001 5.30735249e-003
 1.25663706e-001 1.46324525e-001 1.42115451e-001 4.20907410e-003
 1.57079633e-001 1.85329448e-001 1.83042214e-001 2.28723461e-003
 1.88495559e-001 2.26268702e-001 2.26250143e-001 1.85586767e-005
 2.19911486e-001 2.69690224e-001 2.71799158e-001 2.10893433e-003
 2.51327412e-001 3.16081265e-001 3.19748292e-001 3.66702686e-003
 2.82743339e-001 3.65797154e-001 3.70155520e-001 4.35836568e-003
 3.14159265e-001 4.19007982e-001 4.23077568e-001 4.06958647e-003
 3.45575192e-001 4.75677814e-001 4.78569719e-001 2.89190549e-003
 3.76991118e-001 5.35584000e-001 5.36685605e-001 1.10160515e-003
 4.08407045e-001 5.98375003e-001 5.97476992e-001 8.98010026e-004
 4.39822972e-001 6.63656015e-001 6.60993554e-001 2.66246081e-003
 4.71238898e-001 7.31084683e-001 7.27282634e-001 3.80204822e-003
 5.02654825e-001 8.00456145e-001 7.96388999e-001 4.06714582e-003
 5.34070751e-001 8.71758298e-001 8.68354578e-001 3.40372044e-003
 5.65486678e-001 9.45184314e-001 9.43218198e-001 1.96611648e-003
 5.96902604e-001 1.02109876e+000 1.02101530e+000 8.34584997e-005
 6.28318531e-001 1.09996409e+000 1.10177764e+000 1.81355735e-003
 6.59734457e-001 1.18224343e+000 1.18553302e+000 3.28958384e-003
 6.91150384e-001 1.26830125e+000 1.27230491e+000 4.00365354e-003
 7.22566310e-001 1.35832434e+000 1.36211218e+000 3.78783588e-003
 7.53982237e-001 1.45228146e+000 1.45496874e+000 2.68728456e-003
 7.85398163e-001 1.54993125e+000 1.55088320e+000 9.51950170e-004
 8.16814090e-001 1.65087733e+000 1.64985847e+000 1.01886147e-003
 8.48230016e-001 1.75465850e+000 1.75189144e+000 2.76706410e-003
 8.79645943e-001 1.86085376e+000 1.85697256e+000 3.88119537e-003
 9.11061870e-001 1.96917804e+000 1.96508546e+000 4.09258038e-003
 9.42477796e-001 2.07954641e+000 2.07620652e+000 3.33988712e-003
 9.73893723e-001 2.19209107e+000 2.19030447e+000 1.78659687e-003
 1.00530965e+000 2.30712646e+000 2.30733996e+000 2.13494102e-004
 1.03672558e+000 2.42506937e+000 2.42726507e+000 2.19569594e-003
 1.06814150e+000 2.54633173e+000 2.55002291e+000 3.69118196e-003
 1.09955743e+000 2.67121035e+000 2.67554714e+000 4.33679951e-003
 1.13097336e+000 2.79979904e+000 2.80376147e+000 3.96243605e-003
 1.16238928e+000 2.93194409e+000 2.93457919e+000 2.63510069e-003
 1.19380521e+000 3.06725417e+000 3.06790264e+000 6.48472424e-004
 1.22522113e+000 3.20516367e+000 3.20362276e+000 1.54091357e-003
 1.25663706e+000 3.34503573e+000 3.34161850e+000 3.41722611e-003
 1.28805299e+000 3.48628180e+000 3.48175637e+000 4.52543796e-003
 1.31946891e+000 3.62847011e+000 3.62388980e+000 4.58031027e-003
 1.35088484e+000 3.77139718e+000 3.76785871e+000 3.53846213e-003
 1.38230077e+000 3.91510449e+000 3.91348887e+000 1.61562255e-003
 1.41371669e+000 4.05983480e+000 4.06059136e+000 7.56562583e-004
 1.44513262e+000 4.20593617e+000 4.20896203e+000 3.02586201e-003
 1.47654855e+000 4.35373469e+000 4.35838090e+000 4.64620602e-003
 1.50796447e+000 4.50340443e+000 4.50861158e+000 5.20714653e-003
 1.53938040e+000 4.65486495e+000 4.65940072e+000 4.53576787e-003
 1.57079633e+000 4.80773117e+000 4.81047738e+000 2.74620749e-003
 1.60221225e+000 4.96132916e+000 4.96155248e+000 2.23320277e-004
 1.63362818e+000 5.11477628e+000 5.11231819e+000 2.45808592e-003
 1.66504411e+000 5.26710927e+000 5.26244735e+000 4.66192724e-003
 1.69646003e+000 5.41743199e+000 5.41159287e+000 5.83911437e-003
 1.72787596e+000 5.56504861e+000 5.55938719e+000 5.66142868e-003
 1.75929189e+000 5.70955063e+000 5.70544161e+000 4.10901695e-003
 1.79070781e+000 5.85083485e+000 5.84934583e+000 1.48901956e-003
 1.82212374e+000 5.98904523e+000 5.99066728e+000 1.62204907e-003
 1.85353967e+000 6.12444851e+000 6.12895062e+000 4.50210104e-003
 1.88495559e+000 6.25726962e+000 6.26371715e+000 6.44752214e-003
 1.91637152e+000 6.38752334e+000 6.39446431e+000 6.94096534e-003
 1.94778745e+000 6.51488135e+000 6.52066514e+000 5.78378895e-003
 1.97920337e+000 6.63860739e+000 6.64176775e+000 3.16035456e-003
 2.01061930e+000 6.75757927e+000 6.75719486e+000 3.84405650e-004
 2.04203522e+000 6.87039687e+000 6.86634331e+000 4.05355597e-003
 2.07345115e+000 6.97555586e+000 6.96858362e+000 6.97223966e-003
 2.10486708e+000 7.07164989e+000 7.06325955e+000 8.39033915e-003
 2.13628300e+000 7.15755581e+000 7.14968773e+000 7.86808158e-003
 2.16769893e+000 7.23255753e+000 7.22715726e+000 5.40026810e-003
 2.19911486e+000 7.29637575e+000 7.29492939e+000 1.44636193e-003
 2.23053078e+000 7.34909062e+000 7.35223721e+000 3.14659343e-003
 2.26194671e+000 7.39096807e+000 7.39828542e+000 7.31735483e-003
 2.29336264e+000 7.42222366e+000 7.43225005e+000 1.00263979e-002
 2.32477856e+000 7.44277437e+000 7.45327834e+000 1.05039656e-002
 2.35619449e+000 7.45203497e+000 7.46048854e+000 8.45356901e-003
 2.38761042e+000 7.44880947e+000 7.45296991e+000 4.16043447e-003
 2.41902634e+000 7.43131021e+000 7.42978262e+000 1.52758636e-003
 2.45044227e+000 7.39731031e+000 7.38995783e+000 7.35247882e-003
 2.48185820e+000 7.34440558e+000 7.33249776e+000 1.19078216e-002
 2.51327412e+000 7.27033480e+000 7.25637583e+000 1.39589649e-002
 2.54469005e+000 7.17329015e+000 7.16053693e+000 1.27532218e-002
 2.57610598e+000 7.05214557e+000 7.04389766e+000 8.24790317e-003
 2.60752190e+000 6.90654265e+000 6.90534676e+000 1.19589903e-003
 2.63893783e+000 6.73680015e+000 6.74374551e+000 6.94535470e-003
 2.67035376e+000 6.54364855e+000 6.55792832e+000 1.42797710e-002
 2.70176968e+000 6.32783058e+000 6.34670335e+000 1.88727653e-002
 2.73318561e+000 6.08964200e+000 6.10885319e+000 1.92111931e-002
 2.76460154e+000 5.82850864e+000 5.84313575e+000 1.46271052e-002
 2.79601746e+000 5.54269954e+000 5.54828513e+000 5.58559347e-003
 2.82743339e+000 5.22925965e+000 5.22301271e+000 6.24694267e-003
 2.85884931e+000 4.88421189e+000 4.86600825e+000 1.82036384e-002
 2.89026524e+000 4.50303106e+000 4.47594118e+000 2.70898767e-002
 2.92168117e+000 4.08134146e+000 4.05146201e+000 2.98794441e-002
 2.95309709e+000 3.61574343e+000 3.59120382e+000 2.45396095e-002
 2.98451302e+000 3.10464253e+000 3.09378392e+000 1.08586081e-002
 3.01592895e+000 2.54894350e+000 2.55780566e+000 8.86216267e-003
 3.04734487e+000 1.95248416e+000 1.98186037e+000 2.93762112e-002
 3.07876080e+000 1.32211950e+000 1.36452942e+000 4.24099166e-002
 3.11017673e+000 6.67418918e-001 7.04386497e-001 3.69675792e-002
 3.14159265e+000 3.17899004e-015 2.83382392e-015 3.45166121e-016
