 0.00000000e+000 0.00000000e+000 0.00000000e+000 0.00000000e+000
 3.14159265e-002 5.39029580e-002 3.24132214e-002 2.14897366e-002
 6.28318531e-002 1.07625724e-001 6.68623449e-002 4.07633787e-002
 9.42477796e-002 1.60999328e-001 1.03409224e-001 5.75901037e-002
 1.25663706e-001 2.13876901e-001 1.42115451e-001 7.17614500e-002
 1.57079633e-001 2.66143860e-001 1.83042214e-001 8.31016469e-002
 1.88495559e-001 3.17727090e-001 2.26250143e-001 9.14769466e-002
 2.19911486e-001 3.68602826e-001 2.71799158e-001 9.68036680e-002
 2.51327412e-001 4.18802990e-001 3.19748292e-001 9.90546973e-002
 2.82743339e-001 4.68419757e-001 3.70155520e-001 9.82642364e-002
 3.14159265e-001 5.17608208e-001 4.23077568e-001 9.45306399e-002
 3.45575192e-001 5.66586954e-001 4.78569719e-001 8.80172350e-002
 3.76991118e-001 6.15636684e-001 5.36685605e-001 7.89510784e-002
 4.08407045e-001 6.65096655e-001 5.97476992e-001 6.76196624e-002
 4.39822972e-001 7.15359199e-001 6.60993554e-001 5.43656445e-002
 4.71238898e-001 7.66862364e-001 7.27282634e-001 3.95797290e-002
 5.02654825e-001 8.20080888e-001 7.96388999e-001 2.36918892e-002
 5.34070751e-001 8.75515741e-001 8.68354578e-001 7.16116258e-003
 5.65486678e-001 9.33682499e-001 9.43218198e-001 9.53569892e-003
 5.96902604e-001 9.95098890e-001 1.02101530e+000 2.59164090e-002
 6.28318531e-001 1.06027183e+000 1.10177764e+000 4.15058140e-002
 6.59734457e-001 1.12968433e+000 1.18553302e+000 5.58486839e-002
 6.91150384e-001 1.20378265e+000 1.27230491e+000 6.85222570e-002
 7.22566310e-001 1.28296401e+000 1.36211218e+000 7.91481700e-002
 7.53982237e-001 1.36756533e+000 1.45496874e+000 8.74034149e-002
 7.85398163e-001 1.45785321e+000 1.55088320e+000 9.30299897e-002
 8.16814090e-001 1.55401553e+000 1.64985847e+000 9.58429383e-002
 8.48230016e-001 1.65615492e+000 1.75189144e+000 9.57365180e-002
 8.79645943e-001 1.76428428e+000 1.85697256e+000 9.26882804e-002
 9.11061870e-001 1.87832455e+000 1.96508546e+000 8.67609060e-002
 9.42477796e-001 1.99810483e+000 2.07620652e+000 7.81016943e-002
 9.73893723e-001 2.12336480e+000 2.19030447e+000 6.69396745e-002
 1.00530965e+000 2.25375959e+000 2.30733996e+000 5.35803678e-002
 1.03672558e+000 2.38886677e+000 2.42726507e+000 3.83982981e-002
 1.06814150e+000 2.52819550e+000 2.55002291e+000 2.18274138e-002
 1.09955743e+000 2.67119750e+000 2.67554714e+000 4.34964271e-003
 1.13097336e+000 2.81727961e+000 2.80376147e+000 1.35181397e-002
 1.16238928e+000 2.96581759e+000 2.93457919e+000 3.12383994e-002
 1.19380521e+000 3.11617076e+000 3.06790264e+000 4.82681211e-002
 1.22522113e+000 3.26769722e+000 3.20362276e+000 6.40744675e-002
 1.25663706e+000 3.41976900e+000 3.34161850e+000 7.81504982e-002
 1.28805299e+000 3.57178687e+000 3.48175637e+000 9.00305090e-002
 1.31946891e+000 3.72319436e+000 3.62388980e+000 9.93045568e-002
 1.35088484e+000 3.87349046e+000 3.76785871e+000 1.05631745e-001
 1.38230077e+000 4.02224074e+000 3.91348887e+000 1.08751872e-001
 1.41371669e+000 4.16908643e+000 4.06059136e+000 1.08495065e-001
 1.44513262e+000 4.31375113e+000 4.20896203e+000 1.04789104e-001
 1.47654855e+000 4.45604504e+000 4.35838090e+000 9.76641385e-002
 1.50796447e+000 4.59586620e+000 4.50861158e+000 8.72546220e-002
 1.53938040e+000 4.73319903e+000 4.65940072e+000 7.37983156e-002
 1.57079633e+000 4.86810969e+000 4.81047738e+000 5.76323124e-002
 1.60221225e+000 5.00073858e+000 4.96155248e+000 3.91860995e-002
 1.63362818e+000 5.13128995e+000 5.11231819e+000 1.89717623e-002
 1.66504411e+000 5.26001886e+000 5.26244735e+000 2.42848956e-003
 1.69646003e+000 5.38721566e+000 5.41159287e+000 2.43772170e-002
 1.72787596e+000 5.51318845e+000 5.55938719e+000 4.61987367e-002
 1.75929189e+000 5.63824381e+000 5.70544161e+000 6.71978012e-002
 1.79070781e+000 5.76266631e+000 5.84934583e+000 8.66795228e-002
 1.82212374e+000 5.88669724e+000 5.99066728e+000 1.03970040e-001
 1.85353967e+000 6.01051323e+000 6.12895062e+000 1.18437389e-001
 1.88495559e+000 6.13420512e+000 6.26371715e+000 1.29512026e-001
 1.91637152e+000 6.25775789e+000 6.39446431e+000 1.36706422e-001
 1.94778745e+000 6.38103197e+000 6.52066514e+000 1.39633170e-001
 1.97920337e+000 6.50374670e+000 6.64176775e+000 1.38021051e-001
 2.01061930e+000 6.62546632e+000 6.75719486e+000 1.31728541e-001
 2.04203522e+000 6.74558903e+000 6.86634331e+000 1.20754284e-001
 2.07345115e+000 6.86333950e+000 6.96858362e+000 1.05244120e-001
 2.10486708e+000 6.97776525e+000 7.06325955e+000 8.54943056e-002
 2.13628300e+000 7.08773706e+000 7.14968773e+000 6.19506724e-002
 2.16769893e+000 7.19195373e+000 7.22715726e+000 3.52035291e-002
 2.19911486e+000 7.28895116e+000 7.29492939e+000 5.97822239e-003
 2.23053078e+000 7.37711585e+000 7.35223721e+000 2.48786359e-002
 2.26194671e+000 7.45470259e+000 7.39828542e+000 5.64171692e-002
 2.29336264e+000 7.51985631e+000 7.43225005e+000 8.76062545e-002
 2.32477856e+000 7.57063759e+000 7.45327834e+000 1.17359253e-001
 2.35619449e+000 7.60505159e+000 7.46048854e+000 1.44563054e-001
 2.38761042e+000 7.62107986e+000 7.45296991e+000 1.68109951e-001
 2.41902634e+000 7.61671440e+000 7.42978262e+000 1.86931783e-001
 2.45044227e+000 7.58999354e+000 7.38995783e+000 2.00035712e-001
 2.48185820e+000 7.53903873e+000 7.33249776e+000 2.06540969e-001
 2.51327412e+000 7.46209166e+000 7.25637583e+000 2.05715824e-001
 2.54469005e+000 7.35755099e+000 7.16053693e+000 1.97014057e-001
 2.57610598e+000 7.22400782e+000 7.04389766e+000 1.80110159e-001
 2.60752190e+000 7.06027928e+000 6.90534676e+000 1.54932522e-001
 2.63893783e+000 6.86543941e+000 6.74374551e+000 1.21693899e-001
 2.67035376e+000 6.63884676e+000 6.55792832e+000 8.09184380e-002
 2.70176968e+000 6.38016802e+000 6.34670335e+000 3.34646708e-002
 2.73318561e+000 6.08939708e+000 6.10885319e+000 1.94561059e-002
 2.76460154e+000 5.76686921e+000 5.84313575e+000 7.62665392e-002
 2.79601746e+000 5.41326973e+000 5.54828513e+000 1.35015398e-001
 2.82743339e+000 5.02963720e+000 5.22301271e+000 1.93375510e-001
 2.85884931e+000 4.61736062e+000 4.86600825e+000 2.48647623e-001
 2.89026524e+000 4.17817093e+000 4.47594118e+000 2.97770257e-001
 2.92168117e+000 3.71412652e+000 4.05146201e+000 3.37335487e-001
 2.95309709e+000 3.22759333e+000 3.59120382e+000 3.63610487e-001
 2.98451302e+000 2.72121938e+000 3.09378392e+000 3.72564542e-001
 3.01592895e+000 2.19790452e+000 2.55780566e+000 3.59901136e-001
 3.04734487e+000 1.66076573e+000 1.98186037e+000 3.21094633e-001
 3.07876080e+000 1.11309848e+000 1.36452942e+000 2.51430942e-001
 3.11017673e+000 5.58334973e-001 7.04386497e-001 1.46051524e-001
 3.14159265e+000 2.57959253e-015 2.83382392e-015 2.54231388e-016
