 0.00000000e+000 0.00000000e+000 0.00000000e+000 0.00000000e+000
 3.14159265e-002 1.34365057e-001 3.24132214e-002 1.01951836e-001
 6.28318531e-002 8.84061682e-001 6.68623449e-002 8.17199337e-001
 9.42477796e-002 2.09516757e+000 1.03409224e-001 1.99175834e+000
 1.25663706e-001 2.77856294e+000 1.42115451e-001 2.63644748e+000
 1.57079633e-001 1.86269290e+000 1.83042214e-001 1.67965068e+000
 1.88495559e-001 -8.18870991e-001 2.26250143e-001 1.04512113e+000
 2.19911486e-001 -4.12943020e+000 2.71799158e-001 4.40122936e+000
 2.51327412e-001 -6.22075522e+000 3.19748292e-001 6.54050351e+000
 2.82743339e-001 -5.74975445e+000 3.70155520e-001 6.11990997e+000
 3.14159265e-001 -2.84884878e+000 4.23077568e-001 3.27192635e+000
 3.45575192e-001 8.71640349e-001 4.78569719e-001 3.93070630e-001
 3.76991118e-001 3.31595244e+000 5.36685605e-001 2.77926684e+000
 4.08407045e-001 3.20521318e+000 5.97476992e-001 2.60773619e+000
 4.39822972e-001 8.04956910e-001 6.60993554e-001 1.43963355e-001
 4.71238898e-001 -2.36787766e+000 7.27282634e-001 3.09516030e+000
 5.02654825e-001 -4.58065370e+000 7.96388999e-001 5.37704270e+000
 5.34070751e-001 -4.91775434e+000 8.68354578e-001 5.78610892e+000
 5.65486678e-001 -3.66073303e+000 9.43218198e-001 4.60395123e+000
 5.96902604e-001 -1.89214351e+000 1.02101530e+000 2.91315881e+000
 6.28318531e-001 -7.23383740e-001 1.10177764e+000 1.82516138e+000
 6.59734457e-001 -6.99372076e-001 1.18553302e+000 1.88490509e+000
 6.91150384e-001 -1.67708362e+000 1.27230491e+000 2.94938853e+000
 7.22566310e-001 -3.08584730e+000 1.36211218e+000 4.44795948e+000
 7.53982237e-001 -4.27543026e+000 1.45496874e+000 5.73039900e+000
 7.85398163e-001 -4.74358983e+000 1.55088320e+000 6.29447302e+000
 8.16814090e-001 -4.24381127e+000 1.64985847e+000 5.89366973e+000
 8.48230016e-001 -2.86925473e+000 1.75189144e+000 4.62114617e+000
 8.79645943e-001 -1.11512294e+000 1.85697256e+000 2.97209550e+000
 9.11061870e-001 2.14963893e-001 1.96508546e+000 1.75012157e+000
 9.42477796e-001 3.67391541e-001 2.07620652e+000 1.70881498e+000
 9.73893723e-001 -8.55975405e-001 2.19030447e+000 3.04627988e+000
 1.00530965e+000 -2.79600617e+000 2.30733996e+000 5.10334612e+000
 1.03672558e+000 -4.16794541e+000 2.42726507e+000 6.59521048e+000
 1.06814150e+000 -3.81274210e+000 2.55002291e+000 6.36276501e+000
 1.09955743e+000 -1.51949034e+000 2.67554714e+000 4.19503749e+000
 1.13097336e+000 1.68755548e+000 2.80376147e+000 1.11620600e+000
 1.16238928e+000 4.09375417e+000 2.93457919e+000 1.15917499e+000
 1.19380521e+000 4.37142406e+000 3.06790264e+000 1.30352142e+000
 1.22522113e+000 2.45773626e+000 3.20362276e+000 7.45886497e-001
 1.25663706e+000 -4.05009713e-001 3.34161850e+000 3.74662822e+000
 1.28805299e+000 -2.51582716e+000 3.48175637e+000 5.99758353e+000
 1.31946891e+000 -2.84484239e+000 3.62388980e+000 6.46873219e+000
 1.35088484e+000 -1.63305602e+000 3.76785871e+000 5.40091474e+000
 1.38230077e+000 -5.56238221e-002 3.91348887e+000 3.96911269e+000
 1.41371669e+000 7.43345807e-001 4.06059136e+000 3.31724555e+000
 1.44513262e+000 4.72679437e-001 4.20896203e+000 3.73628259e+000
 1.47654855e+000 -2.49083419e-001 4.35838090e+000 4.60746432e+000
 1.50796447e+000 -5.86185355e-001 4.50861158e+000 5.09479694e+000
 1.53938040e+000 -3.03609278e-001 4.65940072e+000 4.96301000e+000
 1.57079633e+000 -3.90794572e-013 4.81047738e+000 4.81047738e+000
 1.60221225e+000 -5.46770368e-001 4.96155248e+000 5.50832285e+000
 1.63362818e+000 -2.20218416e+000 5.11231819e+000 7.31450235e+000
 1.66504411e+000 -4.16570229e+000 5.26244735e+000 9.42814964e+000
 1.69646003e+000 -5.00520284e+000 5.41159287e+000 1.04167957e+001
 1.72787596e+000 -3.69014333e+000 5.55938719e+000 9.24953052e+000
 1.75929189e+000 -4.56837404e-001 5.70544161e+000 6.16227902e+000
 1.79070781e+000 3.17701793e+000 5.84934583e+000 2.67232790e+000
 1.82212374e+000 5.31272008e+000 5.99066728e+000 6.77947200e-001
 1.85353967e+000 4.88302433e+000 6.12895062e+000 1.24592629e+000
 1.88495559e+000 2.35852431e+000 6.26371715e+000 3.90519283e+000
 1.91637152e+000 -5.01062722e-001 6.39446431e+000 6.89552703e+000
 1.94778745e+000 -1.65573821e+000 6.52066514e+000 8.17640335e+000
 1.97920337e+000 8.43303005e-002 6.64176775e+000 6.55743745e+000
 2.01061930e+000 4.42619939e+000 6.75719486e+000 2.33099547e+000
 2.04203522e+000 9.71069157e+000 6.86634331e+000 2.84434825e+000
 2.07345115e+000 1.36380550e+001 6.96858362e+000 6.66947141e+000
 2.10486708e+000 1.42767654e+001 7.06325955e+000 7.21350587e+000
 2.13628300e+000 1.10200425e+001 7.14968773e+000 3.87035473e+000
 2.16769893e+000 5.15798201e+000 7.22715726e+000 2.06917525e+000
 2.19911486e+000 -2.94299144e-001 7.29492939e+000 7.58922853e+000
 2.23053078e+000 -1.75623680e+000 7.35223721e+000 9.10847402e+000
 2.26194671e+000 2.97984822e+000 7.39828542e+000 4.41843720e+000
 2.29336264e+000 1.29214964e+001 7.43225005e+000 5.48924631e+000
 2.32477856e+000 2.34563213e+001 7.45327834e+000 1.60030430e+001
 2.35619449e+000 2.82051802e+001 7.46048854e+000 2.07446917e+001
 2.38761042e+000 2.26803000e+001 7.45296991e+000 1.52273301e+001
 2.41902634e+000 7.76959057e+000 7.42978262e+000 3.39807945e-001
 2.45044227e+000 -9.45273690e+000 7.38995783e+000 1.68426947e+001
 2.48185820e+000 -1.88777880e+001 7.33249776e+000 2.62102858e+001
 2.51327412e+000 -1.32566079e+001 7.25637583e+000 2.05129837e+001
 2.54469005e+000 6.60927443e+000 7.16053693e+000 5.51262497e-001
 2.57610598e+000 3.10444631e+001 7.04389766e+000 2.40005654e+001
 2.60752190e+000 4.63445863e+001 6.90534676e+000 3.94392396e+001
 2.63893783e+000 4.29076264e+001 6.74374551e+000 3.61638809e+001
 2.67035376e+000 2.17038551e+001 6.55792832e+000 1.51459268e+001
 2.70176968e+000 -5.33676826e+000 6.34670335e+000 1.16834716e+001
 2.73318561e+000 -2.18268308e+001 6.10885319e+000 2.79356840e+001
 2.76460154e+000 -1.66294397e+001 5.84313575e+000 2.24725754e+001
 2.79601746e+000 9.24627484e+000 5.54828513e+000 3.69798971e+000
 2.82743339e+000 4.30119606e+001 5.22301271e+000 3.77889479e+001
 2.85884931e+000 6.75860041e+001 4.86600825e+000 6.27199958e+001
 2.89026524e+000 7.14627228e+001 4.47594118e+000 6.69867816e+001
 2.92168117e+000 5.47573221e+001 4.05146201e+000 5.07058601e+001
 2.95309709e+000 2.78822901e+001 3.59120382e+000 2.42910863e+001
 2.98451302e+000 4.25673639e+000 3.09378392e+000 1.16295247e+000
 3.01592895e+000 -7.75492788e+000 2.55780566e+000 1.03127335e+001
 3.04734487e+000 -8.41286344e+000 1.98186037e+000 1.03947238e+001
 3.07876080e+000 -3.97167339e+000 1.36452942e+000 5.33620281e+000
 3.11017673e+000 -6.30884356e-001 7.04386497e-001 1.33527085e+000
 3.14159265e+000 -1.32722869e-013 2.83382392e-015 1.35556693e-013
