 0.00000000e+000 0.00000000e+000 0.00000000e+000 0.00000000e+000
 3.14159265e-002 2.93684581e-002 3.24132214e-002 3.04476327e-003
 6.28318531e-002 6.20592956e-002 6.68623449e-002 4.80304930e-003
 9.42477796e-002 9.94731493e-002 1.03409224e-001 3.93607495e-003
 1.25663706e-001 1.40619375e-001 1.42115451e-001 1.49607638e-003
 1.57079633e-001 1.83392837e-001 1.83042214e-001 3.50623709e-004
 1.88495559e-001 2.26517962e-001 2.26250143e-001 2.67818872e-004
 2.19911486e-001 2.70602827e-001 2.71799158e-001 1.19633132e-003
 2.51327412e-001 3.17530694e-001 3.19748292e-001 2.21759822e-003
 2.82743339e-001 3.68796577e-001 3.70155520e-001 1.35894304e-003
 3.14159265e-001 4.24231492e-001 4.23077568e-001 1.15392393e-003
 3.45575192e-001 4.82177800e-001 4.78569719e-001 3.60808100e-003
 3.76991118e-001 5.40931006e-001 5.36685605e-001 4.24540137e-003
 4.08407045e-001 6.00203540e-001 5.97476992e-001 2.72654744e-003
 4.39822972e-001 6.61373618e-001 6.60993554e-001 3.80063956e-004
 4.71238898e-001 7.26329962e-001 7.27282634e-001 9.52672083e-004
 5.02654825e-001 7.95913181e-001 7.96388999e-001 4.75817976e-004
 5.34070751e-001 8.69282592e-001 8.68354578e-001 9.28013645e-004
 5.65486678e-001 9.44736205e-001 9.43218198e-001 1.51800701e-003
 5.96902604e-001 1.02126978e+000 1.02101530e+000 2.54485096e-004
 6.28318531e-001 1.09953373e+000 1.10177764e+000 2.24391475e-003
 6.59734457e-001 1.18136313e+000 1.18553302e+000 4.16988656e-003
 6.91150384e-001 1.26827451e+000 1.27230491e+000 4.03039833e-003
 7.22566310e-001 1.36020619e+000 1.36211218e+000 1.90598525e-003
 7.53982237e-001 1.45557649e+000 1.45496874e+000 6.07747646e-004
 7.85398163e-001 1.55261541e+000 1.55088320e+000 1.73221214e-003
 8.16814090e-001 1.65084107e+000 1.64985847e+000 9.82605647e-004
 8.48230016e-001 1.75142443e+000 1.75189144e+000 4.67008348e-004
 8.79645943e-001 1.85612889e+000 1.85697256e+000 8.43672215e-004
 9.11061870e-001 1.96572775e+000 1.96508546e+000 6.42289968e-004
 9.42477796e-001 2.07925662e+000 2.07620652e+000 3.05010358e-003
 9.73893723e-001 2.19475671e+000 2.19030447e+000 4.45223324e-003
 1.00530965e+000 2.31089527e+000 2.30733996e+000 3.55531245e-003
 1.03672558e+000 2.42808972e+000 2.42726507e+000 8.24658815e-004
 1.06814150e+000 2.54816568e+000 2.55002291e+000 1.85723395e-003
 1.09955743e+000 2.67281698e+000 2.67554714e+000 2.73016851e-003
 1.13097336e+000 2.80216166e+000 2.80376147e+000 1.59981438e-003
 1.16238928e+000 2.93462312e+000 2.93457919e+000 4.39352302e-005
 1.19380521e+000 3.06825033e+000 3.06790264e+000 3.47693062e-004
 1.22522113e+000 3.20236145e+000 3.20362276e+000 1.26130313e-003
 1.25663706e+000 3.33810007e+000 3.34161850e+000 3.51843025e-003
 1.28805299e+000 3.47740074e+000 3.48175637e+000 4.35562245e-003
 1.31946891e+000 3.62121602e+000 3.62388980e+000 2.67378521e-003
 1.35088484e+000 3.76851027e+000 3.76785871e+000 6.51557285e-004
 1.38230077e+000 3.91690350e+000 3.91348887e+000 3.41462556e-003
 1.41371669e+000 4.06445685e+000 4.06059136e+000 3.86548756e-003
 1.44513262e+000 4.21110400e+000 4.20896203e+000 2.14196697e-003
 1.47654855e+000 4.35850191e+000 4.35838090e+000 1.21017884e-004
 1.50796447e+000 4.50839959e+000 4.50861158e+000 2.11992431e-004
 1.53938040e+000 4.66089452e+000 4.65940072e+000 1.49379840e-003
 1.57079633e+000 4.81407581e+000 4.81047738e+000 3.59843356e-003
 1.60221225e+000 4.96540002e+000 4.96155248e+000 3.84754197e-003
 1.63362818e+000 5.11366494e+000 5.11231819e+000 1.34674976e-003
 1.66504411e+000 5.25989719e+000 5.26244735e+000 2.55015805e-003
 1.69646003e+000 5.40634833e+000 5.41159287e+000 5.24454510e-003
 1.72787596e+000 5.55439103e+000 5.55938719e+000 4.99616024e-003
 1.75929189e+000 5.70307546e+000 5.70544161e+000 2.36615492e-003
 1.79070781e+000 5.84959738e+000 5.84934583e+000 2.51547067e-004
 1.82212374e+000 5.99133168e+000 5.99066728e+000 6.64398860e-004
 1.85353967e+000 6.12773178e+000 6.12895062e+000 1.21883768e-003
 1.88495559e+000 6.26045348e+000 6.26371715e+000 3.26366624e-003
 1.91637152e+000 6.39153177e+000 6.39446431e+000 2.93253745e-003
 1.94778745e+000 6.52111063e+000 6.52066514e+000 4.45494941e-004
 1.97920337e+000 6.64667345e+000 6.64176775e+000 4.90570253e-003
 2.01061930e+000 6.76451312e+000 6.75719486e+000 7.31825815e-003
 2.04203522e+000 6.87228624e+000 6.86634331e+000 5.94292907e-003
 2.07345115e+000 6.97051176e+000 6.96858362e+000 1.92814192e-003
 2.10486708e+000 7.06168344e+000 7.06325955e+000 1.57611917e-003
 2.13628300e+000 7.14765323e+000 7.14968773e+000 2.03450662e-003
 2.16769893e+000 7.22745764e+000 7.22715726e+000 3.00383889e-004
 2.19911486e+000 7.29748001e+000 7.29492939e+000 2.55062603e-003
 2.23053078e+000 7.35392210e+000 7.35223721e+000 1.68488529e-003
 2.26194671e+000 7.39556356e+000 7.39828542e+000 2.72185694e-003
 2.29336264e+000 7.42442559e+000 7.43225005e+000 7.82446744e-003
 2.32477856e+000 7.44362375e+000 7.45327834e+000 9.65458764e-003
 2.35619449e+000 7.45407625e+000 7.46048854e+000 6.41228744e-003
 2.38761042e+000 7.45282551e+000 7.45296991e+000 1.44392763e-004
 2.41902634e+000 7.43452172e+000 7.42978262e+000 4.73909563e-003
 2.45044227e+000 7.39500130e+000 7.38995783e+000 5.04347125e-003
 2.48185820e+000 7.33402283e+000 7.33249776e+000 1.52506903e-003
 2.51327412e+000 7.25474677e+000 7.25637583e+000 1.62906265e-003
 2.54469005e+000 7.16017816e+000 7.16053693e+000 3.58767188e-004
 2.57610598e+000 7.04942715e+000 7.04389766e+000 5.52948982e-003
 2.60752190e+000 6.91702987e+000 6.90534676e+000 1.16831096e-002
 2.63893783e+000 6.75620864e+000 6.74374551e+000 1.24631308e-002
 2.67035376e+000 6.56363594e+000 6.55792832e+000 5.70761664e-003
 2.70176968e+000 6.34174551e+000 6.34670335e+000 4.95783510e-003
 2.73318561e+000 6.09635294e+000 6.10885319e+000 1.25002525e-002
 2.76460154e+000 5.83113417e+000 5.84313575e+000 1.20015757e-002
 2.79601746e+000 5.54335023e+000 5.54828513e+000 4.93489948e-003
 2.82743339e+000 5.22461360e+000 5.22301271e+000 1.60088712e-003
 2.85884931e+000 4.86662663e+000 4.86600825e+000 6.18381876e-004
 2.89026524e+000 4.46758521e+000 4.47594118e+000 8.35597450e-003
 2.92168117e+000 4.03382198e+000 4.05146201e+000 1.76400329e-002
 2.95309709e+000 3.57453639e+000 3.59120382e+000 1.66674245e-002
 2.98451302e+000 3.09294555e+000 3.09378392e+000 8.38363821e-004
 3.01592895e+000 2.58071050e+000 2.55780566e+000 2.29048438e-002
 3.04734487e+000 2.02101896e+000 1.98186037e+000 3.91585942e-002
 3.07876080e+000 1.39983987e+000 1.36452942e+000 3.53104483e-002
 3.11017673e+000 7.18650706e-001 7.04386497e-001 1.42642088e-002
 3.14159265e+000 3.44757243e-015 2.83382392e-015 6.13748508e-016
