 0.00000000e+000 0.00000000e+000 0.00000000e+000 0.00000000e+000
 3.14159265e-002 5.34588348e-002 3.24132214e-002 2.10456134e-002
 6.28318531e-002 1.06745996e-001 6.68623449e-002 3.98836512e-002
 9.42477796e-002 1.59700846e-001 1.03409224e-001 5.62916219e-002
 1.25663706e-001 2.12184474e-001 1.42115451e-001 7.00690231e-002
 1.57079633e-001 2.64089710e-001 1.83042214e-001 8.10474969e-002
 1.88495559e-001 3.15350143e-001 2.26250143e-001 8.90999999e-002
 2.19911486e-001 3.65947858e-001 2.71799158e-001 9.41487005e-002
 2.51327412e-001 4.15919647e-001 3.19748292e-001 9.61713546e-002
 2.82743339e-001 4.65361471e-001 3.70155520e-001 9.52059504e-002
 3.14159265e-001 5.14431036e-001 4.23077568e-001 9.13534679e-002
 3.45575192e-001 5.63348367e-001 4.78569719e-001 8.47786475e-002
 3.76991118e-001 6.12394329e-001 5.36685605e-001 7.57087242e-002
 4.08407045e-001 6.61907131e-001 5.97476992e-001 6.44301389e-002
 4.39822972e-001 7.12276857e-001 6.60993554e-001 5.12833021e-002
 4.71238898e-001 7.63938171e-001 7.27282634e-001 3.66555362e-002
 5.02654825e-001 8.17361383e-001 7.96388999e-001 2.09723844e-002
 5.34070751e-001 8.73042095e-001 8.68354578e-001 4.68751660e-003
 5.65486678e-001 9.31489709e-001 9.43218198e-001 1.17284890e-002
 5.96902604e-001 9.93215121e-001 1.02101530e+000 2.78001775e-002
 6.28318531e-001 1.05871792e+000 1.10177764e+000 4.30597205e-002
 6.59734457e-001 1.12847348e+000 1.18553302e+000 5.70595343e-002
 6.91150384e-001 1.20292026e+000 1.27230491e+000 6.93846452e-002
 7.22566310e-001 1.28244774e+000 1.36211218e+000 7.96644387e-002
 7.53982237e-001 1.36738531e+000 1.45496874e+000 8.75834377e-002
 7.85398163e-001 1.45799241e+000 1.55088320e+000 9.28907823e-002
 8.16814090e-001 1.55445036e+000 1.64985847e+000 9.54081082e-002
 8.48230016e-001 1.65685587e+000 1.75189144e+000 9.50355691e-002
 8.79645943e-001 1.76521677e+000 1.85697256e+000 9.17557890e-002
 9.11061870e-001 1.87944987e+000 1.96508546e+000 8.56355898e-002
 9.42477796e-001 1.99938112e+000 2.07620652e+000 7.68253982e-002
 9.73893723e-001 2.12474818e+000 2.19030447e+000 6.55562978e-002
 1.00530965e+000 2.25520520e+000 2.30733996e+000 5.21347592e-002
 1.03672558e+000 2.39032992e+000 2.42726507e+000 3.69351465e-002
 1.06814150e+000 2.52963275e+000 2.55002291e+000 2.03901603e-002
 1.09955743e+000 2.67256770e+000 2.67554714e+000 2.97944161e-003
 1.13097336e+000 2.81854486e+000 2.80376147e+000 1.47833869e-002
 1.16238928e+000 2.96694410e+000 2.93457919e+000 3.23649148e-002
 1.19380521e+000 3.11712964e+000 3.06790264e+000 4.92270036e-002
 1.22522113e+000 3.26846507e+000 3.20362276e+000 6.48423138e-002
 1.25663706e+000 3.42032838e+000 3.34161850e+000 7.87098752e-002
 1.28805299e+000 3.57212663e+000 3.48175637e+000 9.03702692e-002
 1.31946891e+000 3.72330979e+000 3.62388980e+000 9.94199894e-002
 1.35088484e+000 3.87338328e+000 3.76785871e+000 1.05524562e-001
 1.38230077e+000 4.02191890e+000 3.91348887e+000 1.08430026e-001
 1.41371669e+000 4.16856378e+000 4.06059136e+000 1.07972418e-001
 1.44513262e+000 4.31304697e+000 4.20896203e+000 1.04084940e-001
 1.47654855e+000 4.45518344e+000 4.35838090e+000 9.68025433e-002
 1.50796447e+000 4.59487533e+000 4.50861158e+000 8.62637494e-002
 1.53938040e+000 4.73211027e+000 4.65940072e+000 7.27095523e-002
 1.57079633e+000 4.86695675e+000 4.81047738e+000 5.64793680e-002
 1.60221225e+000 4.99955653e+000 4.96155248e+000 3.80040452e-002
 1.63362818e+000 5.13011423e+000 5.11231819e+000 1.77960422e-002
 1.66504411e+000 5.25888430e+000 5.26244735e+000 3.56304874e-003
 1.69646003e+000 5.38615550e+000 5.41159287e+000 2.54373719e-002
 1.72787596e+000 5.51223344e+000 5.55938719e+000 4.71537447e-002
 1.75929189e+000 5.63742135e+000 5.70544161e+000 6.80202660e-002
 1.79070781e+000 5.76199969e+000 5.84934583e+000 8.73461461e-002
 1.82212374e+000 5.88620502e+000 5.99066728e+000 1.04462261e-001
 1.85353967e+000 6.01020872e+000 6.12895062e+000 1.18741895e-001
 1.88495559e+000 6.13409602e+000 6.26371715e+000 1.29621123e-001
 1.91637152e+000 6.25784606e+000 6.39446431e+000 1.36618254e-001
 1.94778745e+000 6.38131336e+000 6.52066514e+000 1.39351780e-001
 1.97920337e+000 6.50421146e+000 6.64176775e+000 1.37556290e-001
 2.01061930e+000 6.62609904e+000 6.75719486e+000 1.31095819e-001
 2.04203522e+000 6.74636913e+000 6.86634331e+000 1.19974178e-001
 2.07345115e+000 6.86424179e+000 6.96858362e+000 1.04341835e-001
 2.10486708e+000 6.97876053e+000 7.06325955e+000 8.44990231e-002
 2.13628300e+000 7.08879295e+000 7.14968773e+000 6.08947836e-002
 2.16769893e+000 7.19303547e+000 7.22715726e+000 3.41217862e-002
 2.19911486e+000 7.29002256e+000 7.29492939e+000 4.90682241e-003
 2.23053078e+000 7.37814022e+000 7.35223721e+000 2.59030092e-002
 2.26194671e+000 7.45564374e+000 7.39828542e+000 5.73583204e-002
 2.29336264e+000 7.52067950e+000 7.43225005e+000 8.84294440e-002
 2.32477856e+000 7.57131047e+000 7.45327834e+000 1.18032133e-001
 2.35619449e+000 7.60554509e+000 7.46048854e+000 1.45056547e-001
 2.38761042e+000 7.62136896e+000 7.45296991e+000 1.68399052e-001
 2.41902634e+000 7.61677888e+000 7.42978262e+000 1.86996257e-001
 2.45044227e+000 7.58981852e+000 7.38995783e+000 1.99860684e-001
 2.48185820e+000 7.53861513e+000 7.33249776e+000 2.06117371e-001
 2.51327412e+000 7.46141654e+000 7.25637583e+000 2.05040705e-001
 2.54469005e+000 7.35662767e+000 7.16053693e+000 1.96090735e-001
 2.57610598e+000 7.22284588e+000 7.04389766e+000 1.78948223e-001
 2.60752190e+000 7.05889443e+000 6.90534676e+000 1.53547671e-001
 2.63893783e+000 6.86385314e+000 6.74374551e+000 1.20107630e-001
 2.67035376e+000 6.63708591e+000 6.55792832e+000 7.91575864e-002
 2.70176968e+000 6.37826417e+000 6.34670335e+000 3.15608181e-002
 2.73318561e+000 6.08738584e+000 6.10885319e+000 2.14673493e-002
 2.76460154e+000 5.76478939e+000 5.84313575e+000 7.83463512e-002
 2.79601746e+000 5.41116248e+000 5.54828513e+000 1.37122648e-001
 2.82743339e+000 5.02754499e+000 5.22301271e+000 1.95467720e-001
 2.85884931e+000 4.61532628e+000 4.86600825e+000 2.50681971e-001
 2.89026524e+000 4.17623659e+000 4.47594118e+000 2.99704589e-001
 2.92168117e+000 3.71233269e+000 4.05146201e+000 3.39129320e-001
 2.95309709e+000 3.22597784e+000 3.59120382e+000 3.65225973e-001
 2.98451302e+000 2.71981655e+000 3.09378392e+000 3.73967370e-001
 3.01592895e+000 2.19674430e+000 2.55780566e+000 3.61061358e-001
 3.04734487e+000 1.65987299e+000 1.98186037e+000 3.21987378e-001
 3.07876080e+000 1.11249240e+000 1.36452942e+000 2.52037014e-001
 3.11017673e+000 5.58028633e-001 7.04386497e-001 1.46357865e-001
 3.14159265e+000 2.57527835e-015 2.83382392e-015 2.58545570e-016
