 0.00000000e+000 0.00000000e+000 0.00000000e+000 0.00000000e+000
 3.14159265e-002 -2.78168267e-001 3.24132214e-002 3.10581488e-001
 6.28318531e-002 -2.23042877e-001 6.68623449e-002 2.89905222e-001
 9.42477796e-002 3.77013561e-001 1.03409224e-001 2.73604337e-001
 1.25663706e-001 1.53329074e+000 1.42115451e-001 1.39117529e+000
 1.57079633e-001 3.04850546e+000 1.83042214e-001 2.86546324e+000
 1.88495559e-001 4.58127987e+000 2.26250143e-001 4.35502972e+000
 2.19911486e-001 5.75972417e+000 2.71799158e-001 5.48792501e+000
 2.51327412e-001 6.30349912e+000 3.19748292e-001 5.98375083e+000
 2.82743339e-001 6.11159958e+000 3.70155520e-001 5.74144406e+000
 3.14159265e-001 5.28641803e+000 4.23077568e-001 4.86334046e+000
 3.45575192e-001 4.08829961e+000 4.78569719e-001 3.60972989e+000
 3.76991118e-001 2.83993907e+000 5.36685605e-001 2.30325347e+000
 4.08407045e-001 1.81733224e+000 5.97476992e-001 1.21985525e+000
 4.39822972e-001 1.16734386e+000 6.60993554e-001 5.06350303e-001
 4.71238898e-001 8.80362051e-001 7.27282634e-001 1.53079416e-001
 5.02654825e-001 8.24635466e-001 7.96388999e-001 2.82464671e-002
 5.34070751e-001 8.25167112e-001 8.68354578e-001 4.31874665e-002
 5.65486678e-001 7.53467747e-001 9.43218198e-001 1.89750451e-001
 5.96902604e-001 5.91225484e-001 1.02101530e+000 4.29789815e-001
 6.28318531e-001 4.42074993e-001 1.10177764e+000 6.59702651e-001
 6.59734457e-001 4.86721234e-001 1.18553302e+000 6.98811783e-001
 6.91150384e-001 8.99502220e-001 1.27230491e+000 3.72802687e-001
 7.22566310e-001 1.76024483e+000 1.36211218e+000 3.98132655e-001
 7.53982237e-001 2.99787793e+000 1.45496874e+000 1.54290918e+000
 7.85398163e-001 4.39064738e+000 1.55088320e+000 2.83976418e+000
 8.16814090e-001 5.62628844e+000 1.64985847e+000 3.97642998e+000
 8.48230016e-001 6.40229088e+000 1.75189144e+000 4.65039944e+000
 8.79645943e-001 6.53028453e+000 1.85697256e+000 4.67331197e+000
 9.11061870e-001 6.00578297e+000 1.96508546e+000 4.04069751e+000
 9.42477796e-001 5.01627415e+000 2.07620652e+000 2.94006763e+000
 9.73893723e-001 3.88270796e+000 2.19030447e+000 1.69240349e+000
 1.00530965e+000 2.95368578e+000 2.30733996e+000 6.46345828e-001
 1.03672558e+000 2.48913523e+000 2.42726507e+000 6.18701654e-002
 1.06814150e+000 2.57446474e+000 2.55002291e+000 2.44418282e-002
 1.09955743e+000 3.09554012e+000 2.67554714e+000 4.19992979e-001
 1.13097336e+000 3.78318418e+000 2.80376147e+000 9.79422705e-001
 1.16238928e+000 4.31116778e+000 2.93457919e+000 1.37658859e+000
 1.19380521e+000 4.41282224e+000 3.06790264e+000 1.34491960e+000
 1.22522113e+000 3.97522083e+000 3.20362276e+000 7.71598071e-001
 1.25663706e+000 3.07843091e+000 3.34161850e+000 2.63187594e-001
 1.28805299e+000 1.96731720e+000 3.48175637e+000 1.51443917e+000
 1.31946891e+000 9.67373942e-001 3.62388980e+000 2.65651586e+000
 1.35088484e+000 3.75355760e-001 3.76785871e+000 3.39250295e+000
 1.38230077e+000 3.63245656e-001 3.91348887e+000 3.55024321e+000
 1.41371669e+000 9.27890865e-001 4.06059136e+000 3.13270050e+000
 1.44513262e+000 1.90115966e+000 4.20896203e+000 2.30780237e+000
 1.47654855e+000 3.01346607e+000 4.35838090e+000 1.34491482e+000
 1.50796447e+000 3.98515050e+000 4.50861158e+000 5.23461082e-001
 1.53938040e+000 4.61203735e+000 4.65940072e+000 4.73633649e-002
 1.57079633e+000 4.81604790e+000 4.81047738e+000 5.57051629e-003
 1.60221225e+000 4.64672722e+000 4.96155248e+000 3.14825264e-001
 1.63362818e+000 4.23883230e+000 5.11231819e+000 8.73485889e-001
 1.66504411e+000 3.74721792e+000 5.26244735e+000 1.51522943e+000
 1.69646003e+000 3.28714481e+000 5.41159287e+000 2.12444807e+000
 1.72787596e+000 2.90356673e+000 5.55938719e+000 2.65582046e+000
 1.75929189e+000 2.57918915e+000 5.70544161e+000 3.12625246e+000
 1.79070781e+000 2.27392464e+000 5.84934583e+000 3.57542119e+000
 1.82212374e+000 1.97479685e+000 5.99066728e+000 4.01587043e+000
 1.85353967e+000 1.73082391e+000 6.12895062e+000 4.39812670e+000
 1.88495559e+000 1.65373920e+000 6.26371715e+000 4.60997795e+000
 1.91637152e+000 1.88004686e+000 6.39446431e+000 4.51441745e+000
 1.94778745e+000 2.50700082e+000 6.52066514e+000 4.01366432e+000
 1.97920337e+000 3.52775115e+000 6.64176775e+000 3.11401660e+000
 2.01061930e+000 4.79388903e+000 6.75719486e+000 1.96330583e+000
 2.04203522e+000 6.02541153e+000 6.86634331e+000 8.40931778e-001
 2.07345115e+000 6.87151389e+000 6.96858362e+000 9.70697330e-002
 2.10486708e+000 7.00668144e+000 7.06325955e+000 5.65781148e-002
 2.13628300e+000 6.23238026e+000 7.14968773e+000 9.17307475e-001
 2.16769893e+000 4.55064517e+000 7.22715726e+000 2.67651209e+000
 2.19911486e+000 2.18374089e+000 7.29492939e+000 5.11118850e+000
 2.23053078e+000 -4.68823138e-001 7.35223721e+000 7.82106035e+000
 2.26194671e+000 -2.92432237e+000 7.39828542e+000 1.03226078e+001
 2.29336264e+000 -4.73390018e+000 7.43225005e+000 1.21661502e+001
 2.32477856e+000 -5.58791139e+000 7.45327834e+000 1.30411897e+001
 2.35619449e+000 -5.37965265e+000 7.46048854e+000 1.28401412e+001
 2.38761042e+000 -4.21215628e+000 7.45296991e+000 1.16651262e+001
 2.41902634e+000 -2.35147203e+000 7.42978262e+000 9.78125465e+000
 2.45044227e+000 -1.46111620e-001 7.38995783e+000 7.53606945e+000
 2.48185820e+000 2.05938655e+000 7.33249776e+000 5.27311121e+000
 2.51327412e+000 3.99079572e+000 7.25637583e+000 3.26558011e+000
 2.54469005e+000 5.47514219e+000 7.16053693e+000 1.68539474e+000
 2.57610598e+000 6.43566559e+000 7.04389766e+000 6.08232076e-001
 2.60752190e+000 6.86313979e+000 6.90534676e+000 4.22069648e-002
 2.63893783e+000 6.78230069e+000 6.74374551e+000 3.85551783e-002
 2.67035376e+000 6.23013827e+000 6.55792832e+000 3.27790053e-001
 2.70176968e+000 5.25399224e+000 6.34670335e+000 1.09271111e+000
 2.73318561e+000 3.92595958e+000 6.10885319e+000 2.18289361e+000
 2.76460154e+000 2.36114845e+000 5.84313575e+000 3.48198729e+000
 2.79601746e+000 7.24633369e-001 5.54828513e+000 4.82365176e+000
 2.82743339e+000 -7.83342019e-001 5.22301271e+000 6.00635473e+000
 2.85884931e+000 -1.96437984e+000 4.86600825e+000 6.83038809e+000
 2.89026524e+000 -2.67067153e+000 4.47594118e+000 7.14661271e+000
 2.92168117e+000 -2.84784653e+000 4.05146201e+000 6.89930854e+000
 2.95309709e+000 -2.55425697e+000 3.59120382e+000 6.14546079e+000
 2.98451302e+000 -1.94645905e+000 3.09378392e+000 5.04024297e+000
 3.01592895e+000 -1.23286841e+000 2.55780566e+000 3.79067407e+000
 3.04734487e+000 -6.09839418e-001 1.98186037e+000 2.59169979e+000
 3.07876080e+000 -2.01848686e-001 1.36452942e+000 1.56637810e+000
 3.11017673e+000 -2.69350767e-002 7.04386497e-001 7.31321574e-001
 3.14159265e+000 -9.44015156e-015 2.83382392e-015 1.22739755e-014
