 0.00000000e+000 0.00000000e+000 0.00000000e+000 0.00000000e+000
 3.14159265e-002 3.79949799e-002 3.24132214e-002 5.58175851e-003
 6.28318531e-002 7.57719915e-002 6.68623449e-002 8.90964657e-003
 9.42477796e-002 1.13265416e-001 1.03409224e-001 9.85619141e-003
 1.25663706e-001 1.50676000e-001 1.42115451e-001 8.56054840e-003
 1.57079633e-001 1.88517209e-001 1.83042214e-001 5.47499590e-003
 1.88495559e-001 2.27580516e-001 2.26250143e-001 1.33037292e-003
 2.19911486e-001 2.68825417e-001 2.71799158e-001 2.97374104e-003
 2.51327412e-001 3.13218027e-001 3.19748292e-001 6.53026553e-003
 2.82743339e-001 3.61554777e-001 3.70155520e-001 8.60074353e-003
 3.14159265e-001 4.14312123e-001 4.23077568e-001 8.76544526e-003
 3.45575192e-001 4.71558125e-001 4.78569719e-001 7.01159436e-003
 3.76991118e-001 5.32948333e-001 5.36685605e-001 3.73727255e-003
 4.08407045e-001 5.97809631e-001 5.97476992e-001 3.32638830e-004
 4.39822972e-001 6.65295720e-001 6.60993554e-001 4.30216558e-003
 4.71238898e-001 7.34581343e-001 7.27282634e-001 7.29870858e-003
 5.02654825e-001 8.05053013e-001 7.96388999e-001 8.66401445e-003
 5.34070751e-001 8.76454017e-001 8.68354578e-001 8.09943908e-003
 5.65486678e-001 9.48951068e-001 9.43218198e-001 5.73287015e-003
 5.96902604e-001 1.02310703e+000 1.02101530e+000 2.09173028e-003
 6.28318531e-001 1.09976490e+000 1.10177764e+000 2.01274456e-003
 6.59734457e-001 1.17986811e+000 1.18553302e+000 5.66490482e-003
 6.91150384e-001 1.26425664e+000 1.27230491e+000 8.04826652e-003
 7.22566310e-001 1.35348415e+000 1.36211218e+000 8.62802561e-003
 7.53982237e-001 1.44769714e+000 1.45496874e+000 7.27160260e-003
 7.85398163e-001 1.54660334e+000 1.55088320e+000 4.27985954e-003
 8.16814090e-001 1.64953704e+000 1.64985847e+000 3.21429493e-004
 8.48230016e-001 1.75560718e+000 1.75189144e+000 3.71574195e-003
 8.79645943e-001 1.86389543e+000 1.85697256e+000 6.92287002e-003
 9.11061870e-001 1.97366004e+000 1.96508546e+000 8.57457933e-003
 9.42477796e-001 2.08449959e+000 2.07620652e+000 8.29306635e-003
 9.73893723e-001 2.19643946e+000 2.19030447e+000 6.13498689e-003
 1.00530965e+000 2.30992094e+000 2.30733996e+000 2.58098550e-003
 1.03672558e+000 2.42569461e+000 2.42726507e+000 1.57045212e-003
 1.06814150e+000 2.54464134e+000 2.55002291e+000 5.38157533e-003
 1.09955743e+000 2.66756053e+000 2.67554714e+000 7.98661173e-003
 1.13097336e+000 2.79497325e+000 2.80376147e+000 8.78822115e-003
 1.16238928e+000 2.92698454e+000 2.93457919e+000 7.59464275e-003
 1.19380521e+000 3.06323661e+000 3.06790264e+000 4.66602911e-003
 1.22522113e+000 3.20296405e+000 3.20362276e+000 6.58707402e-004
 1.25663706e+000 3.34513941e+000 3.34161850e+000 3.52090514e-003
 1.28805299e+000 3.48867680e+000 3.48175637e+000 6.92043922e-003
 1.31946891e+000 3.63264780e+000 3.62388980e+000 8.75799822e-003
 1.35088484e+000 3.77646056e+000 3.76785871e+000 8.60184339e-003
 1.38230077e+000 3.91996099e+000 3.91348887e+000 6.47212008e-003
 1.41371669e+000 4.06343200e+000 4.06059136e+000 2.84064376e-003
 1.44513262e+000 4.20748968e+000 4.20896203e+000 1.47235354e-003
 1.47654855e+000 4.35289870e+000 4.35838090e+000 5.48219970e-003
 1.50796447e+000 4.50034807e+000 4.50861158e+000 8.26351405e-003
 1.53938040e+000 4.65023759e+000 4.65940072e+000 9.16313226e-003
 1.57079633e+000 4.80252395e+000 4.81047738e+000 7.95343039e-003
 1.60221225e+000 4.95666233e+000 4.96155248e+000 4.89014833e-003
 1.63362818e+000 5.11165811e+000 5.11231819e+000 6.60076446e-004
 1.66504411e+000 5.26621844e+000 5.26244735e+000 3.77109624e-003
 1.69646003e+000 5.41897035e+000 5.41159287e+000 7.37747498e-003
 1.72787596e+000 5.56869628e+000 5.55938719e+000 9.30909758e-003
 1.75929189e+000 5.71453316e+000 5.70544161e+000 9.09154731e-003
 1.79070781e+000 5.85608827e+000 5.84934583e+000 6.74243420e-003
 1.82212374e+000 5.99344358e+000 5.99066728e+000 2.77630200e-003
 1.85353967e+000 6.12704518e+000 6.12895062e+000 1.90543780e-003
 1.88495559e+000 6.25750056e+000 6.26371715e+000 6.21658399e-003
 1.91637152e+000 6.38532873e+000 6.39446431e+000 9.13558351e-003
 1.94778745e+000 6.51071942e+000 6.52066514e+000 9.94571322e-003
 1.97920337e+000 6.63335763e+000 6.64176775e+000 8.41011931e-003
 2.01061930e+000 6.75235545e+000 6.75719486e+000 4.83940685e-003
 2.04203522e+000 6.86631018e+000 6.86634331e+000 3.31348159e-005
 2.07345115e+000 6.97347843e+000 6.96858362e+000 4.89480924e-003
 2.10486708e+000 7.07202936e+000 7.06325955e+000 8.76980681e-003
 2.13628300e+000 7.16032019e+000 7.14968773e+000 1.06324578e-002
 2.16769893e+000 7.23713045e+000 7.22715726e+000 9.97318695e-003
 2.19911486e+000 7.30179855e+000 7.29492939e+000 6.86916454e-003
 2.23053078e+000 7.35422501e+000 7.35223721e+000 1.98779655e-003
 2.26194671e+000 7.39473607e+000 7.39828542e+000 3.54934633e-003
 2.29336264e+000 7.42383397e+000 7.43225005e+000 8.41608372e-003
 2.32477856e+000 7.44188729e+000 7.45327834e+000 1.13910416e-002
 2.35619449e+000 7.44883164e+000 7.46048854e+000 1.16569019e-002
 2.38761042e+000 7.44395148e+000 7.45296991e+000 9.01842431e-003
 2.41902634e+000 7.42579917e+000 7.42978262e+000 3.98345472e-003
 2.45044227e+000 7.39227780e+000 7.38995783e+000 2.31996974e-003
 2.48185820e+000 7.34087843e+000 7.33249776e+000 8.38066689e-003
 2.51327412e+000 7.26902509e+000 7.25637583e+000 1.26492518e-002
 2.54469005e+000 7.17445353e+000 7.16053693e+000 1.39166038e-002
 2.57610598e+000 7.05553623e+000 7.04389766e+000 1.16385639e-002
 2.60752190e+000 6.91147240e+000 6.90534676e+000 6.12564303e-003
 2.63893783e+000 6.74228694e+000 6.74374551e+000 1.45856300e-003
 2.67035376e+000 6.54862123e+000 6.55792832e+000 9.30709277e-003
 2.70176968e+000 6.33134538e+000 6.34670335e+000 1.53579722e-002
 2.73318561e+000 6.09106511e+000 6.10885319e+000 1.77880803e-002
 2.76460154e+000 5.82762769e+000 5.84313575e+000 1.55080545e-002
 2.79601746e+000 5.53974296e+000 5.54828513e+000 8.54217353e-003
 2.82743339e+000 5.22482361e+000 5.22301271e+000 1.81090103e-003
 2.85884931e+000 4.87911433e+000 4.86600825e+000 1.31060808e-002
 2.89026524e+000 4.49812766e+000 4.47594118e+000 2.21864786e-002
 2.92168117e+000 4.07734545e+000 4.05146201e+000 2.58834386e-002
 2.95309709e+000 3.61308894e+000 3.59120382e+000 2.18851221e-002
 2.98451302e+000 3.10341995e+000 3.09378392e+000 9.63603462e-003
 3.01592895e+000 2.54891822e+000 2.55780566e+000 8.88743959e-003
 3.04734487e+000 1.95319051e+000 1.98186037e+000 2.86698592e-002
 3.07876080e+000 1.32300474e+000 1.36452942e+000 4.15246812e-002
 3.11017673e+000 6.68000926e-001 7.04386497e-001 3.63855706e-002
 3.14159265e+000 3.19672681e-015 2.83382392e-015 3.62902884e-016
