 0.00000000e+000 0.00000000e+000 0.00000000e+000 0.00000000e+000
 3.14159265e-002 2.65976148e-002 3.24132214e-002 5.81560655e-003
 6.28318531e-002 5.66399905e-002 6.68623449e-002 1.02223544e-002
 9.42477796e-002 9.24857301e-002 1.03409224e-001 1.09234942e-002
 1.25663706e-001 1.34718655e-001 1.42115451e-001 7.39679596e-003
 1.57079633e-001 1.82105374e-001 1.83042214e-001 9.36839562e-004
 1.88495559e-001 2.32206196e-001 2.26250143e-001 5.95605252e-003
 2.19911486e-001 2.82403585e-001 2.71799158e-001 1.06044273e-002
 2.51327412e-001 3.30959363e-001 3.19748292e-001 1.12110712e-002
 2.82743339e-001 3.77706029e-001 3.70155520e-001 7.55050884e-003
 3.14159265e-001 4.24120130e-001 4.23077568e-001 1.04256131e-003
 3.45575192e-001 4.72761704e-001 4.78569719e-001 5.80801495e-003
 3.76991118e-001 5.26303486e-001 5.36685605e-001 1.03821191e-002
 4.08407045e-001 5.86526055e-001 5.97476992e-001 1.09509373e-002
 4.39822972e-001 6.53663391e-001 6.60993554e-001 7.33016347e-003
 4.71238898e-001 7.26345393e-001 7.27282634e-001 9.37241436e-004
 5.02654825e-001 8.02153576e-001 7.96388999e-001 5.76457707e-003
 5.34070751e-001 8.78571769e-001 8.68354578e-001 1.02171911e-002
 5.65486678e-001 9.53964642e-001 9.43218198e-001 1.07464440e-002
 5.96902604e-001 1.02820938e+000 1.02101530e+000 7.19408565e-003
 6.28318531e-001 1.10274170e+000 1.10177764e+000 9.64051935e-004
 6.59734457e-001 1.18000334e+000 1.18553302e+000 5.52967949e-003
 6.91150384e-001 1.26250776e+000 1.27230491e+000 9.79714383e-003
 7.22566310e-001 1.35188494e+000 1.36211218e+000 1.02272357e-002
 7.53982237e-001 1.44827167e+000 1.45496874e+000 6.69707831e-003
 7.85398163e-001 1.55027822e+000 1.55088320e+000 6.04979370e-004
 8.16814090e-001 1.65553945e+000 1.64985847e+000 5.68098170e-003
 8.48230016e-001 1.76163365e+000 1.75189144e+000 9.74221204e-003
 8.79645943e-001 1.86701298e+000 1.85697256e+000 1.00404191e-002
 9.11061870e-001 1.97158728e+000 1.96508546e+000 6.50182004e-003
 9.42477796e-001 2.07673902e+000 2.07620652e+000 5.32496634e-004
 9.73893723e-001 2.18476771e+000 2.19030447e+000 5.53676658e-003
 1.00530965e+000 2.29798199e+000 2.30733996e+000 9.35796461e-003
 1.03672558e+000 2.41779202e+000 2.42726507e+000 9.47304312e-003
 1.06814150e+000 2.54415243e+000 2.55002291e+000 5.87047931e-003
 1.09955743e+000 2.67556862e+000 2.67554714e+000 2.14758685e-005
 1.13097336e+000 2.80966016e+000 2.80376147e+000 5.89868584e-003
 1.16238928e+000 2.94405969e+000 2.93457919e+000 9.48050785e-003
 1.19380521e+000 3.07729701e+000 3.06790264e+000 9.39436691e-003
 1.22522113e+000 3.20932549e+000 3.20362276e+000 5.70273831e-003
 1.25663706e+000 3.34148849e+000 3.34161850e+000 1.30010053e-004
 1.28805299e+000 3.47594107e+000 3.48175637e+000 5.81529265e-003
 1.31946891e+000 3.61475423e+000 3.62388980e+000 9.13557867e-003
 1.35088484e+000 3.75905088e+000 3.76785871e+000 8.80783567e-003
 1.38230077e+000 3.90850957e+000 3.91348887e+000 4.97930187e-003
 1.41371669e+000 4.06142754e+000 4.06059136e+000 8.36179986e-004
 1.44513262e+000 4.21531674e+000 4.20896203e+000 6.35471318e-003
 1.47654855e+000 4.36779857e+000 4.35838090e+000 9.41767487e-003
 1.50796447e+000 4.51744725e+000 4.50861158e+000 8.83567397e-003
 1.53938040e+000 4.66425229e+000 4.65940072e+000 4.85156818e-003
 1.57079633e+000 4.80951946e+000 4.81047738e+000 9.57917283e-004
 1.60221225e+000 4.95524956e+000 4.96155248e+000 6.30291896e-003
 1.63362818e+000 5.10323801e+000 5.11231819e+000 9.08017748e-003
 1.66504411e+000 5.25424817e+000 5.26244735e+000 8.19917343e-003
 1.69646003e+000 5.40758229e+000 5.41159287e+000 4.01058573e-003
 1.72787596e+000 5.56121871e+000 5.55938719e+000 1.83152041e-003
 1.75929189e+000 5.71246211e+000 5.70544161e+000 7.02049234e-003
 1.79070781e+000 5.85885184e+000 5.84934583e+000 9.50600487e-003
 1.82212374e+000 5.99897127e+000 5.99066728e+000 8.30399286e-003
 1.85353967e+000 6.13283875e+000 6.12895062e+000 3.88813950e-003
 1.88495559e+000 6.26172400e+000 6.26371715e+000 1.99314399e-003
 1.91637152e+000 6.38745966e+000 6.39446431e+000 7.00464971e-003
 1.94778745e+000 6.51151712e+000 6.52066514e+000 9.14801797e-003
 1.97920337e+000 6.63421068e+000 6.64176775e+000 7.55706949e-003
 2.01061930e+000 6.75434598e+000 6.75719486e+000 2.84888261e-003
 2.04203522e+000 6.86945538e+000 6.86634331e+000 3.11206874e-003
 2.07345115e+000 6.97653176e+000 6.96858362e+000 7.94813687e-003
 2.10486708e+000 7.07297349e+000 7.06325955e+000 9.71393818e-003
 2.13628300e+000 7.15736656e+000 7.14968773e+000 7.67882471e-003
 2.16769893e+000 7.22978975e+000 7.22715726e+000 2.63248825e-003
 2.19911486e+000 7.29151489e+000 7.29492939e+000 3.41449807e-003
 2.23053078e+000 7.34421319e+000 7.35223721e+000 8.02402137e-003
 2.26194671e+000 7.38897789e+000 7.39828542e+000 9.30752629e-003
 2.29336264e+000 7.42555216e+000 7.43225005e+000 6.69789344e-003
 2.32477856e+000 7.45207639e+000 7.45327834e+000 1.20194821e-003
 2.35619449e+000 7.46546726e+000 7.46048854e+000 4.97872051e-003
 2.38761042e+000 7.46228961e+000 7.45296991e+000 9.31970019e-003
 2.41902634e+000 7.43978043e+000 7.42978262e+000 9.99780871e-003
 2.45044227e+000 7.39661401e+000 7.38995783e+000 6.65617327e-003
 2.48185820e+000 7.33308959e+000 7.33249776e+000 5.91828093e-004
 2.51327412e+000 7.25064667e+000 7.25637583e+000 5.72916430e-003
 2.54469005e+000 7.15088220e+000 7.16053693e+000 9.65473513e-003
 2.57610598e+000 7.03445304e+000 7.04389766e+000 9.44462331e-003
 2.60752190e+000 6.90030990e+000 6.90534676e+000 5.03685877e-003
 2.63893783e+000 6.74559409e+000 6.74374551e+000 1.84857945e-003
 2.67035376e+000 6.56627466e+000 6.55792832e+000 8.34634000e-003
 2.70176968e+000 6.35830457e+000 6.34670335e+000 1.16012251e-002
 2.73318561e+000 6.11884820e+000 6.10885319e+000 9.99501329e-003
 2.76460154e+000 5.84707293e+000 5.84313575e+000 3.93718703e-003
 2.79601746e+000 5.54413810e+000 5.54828513e+000 4.14702553e-003
 2.82743339e+000 5.21231370e+000 5.22301271e+000 1.06990091e-002
 2.85884931e+000 4.85351176e+000 4.86600825e+000 1.24964844e-002
 2.89026524e+000 4.46778381e+000 4.47594118e+000 8.15736978e-003
 2.92168117e+000 4.05241746e+000 4.05146201e+000 9.55443915e-004
 2.95309709e+000 3.60211089e+000 3.59120382e+000 1.09070695e-002
 2.98451302e+000 3.11035546e+000 3.09378392e+000 1.65715468e-002
 3.01592895e+000 2.57172875e+000 2.55780566e+000 1.39230844e-002
 3.04734487e+000 1.98444283e+000 1.98186037e+000 2.58246684e-003
 3.07876080e+000 1.35233739e+000 1.36452942e+000 1.21920322e-002
 3.11017673e+000 6.85618714e-001 7.04386497e-001 1.87677836e-002
 3.14159265e+000 1.69834539e-015 2.83382392e-015 1.13547853e-015
