 0.00000000e+000 0.00000000e+000 0.00000000e+000 0.00000000e+000
 3.14159265e-002 3.44829644e-002 3.24132214e-002 2.06974299e-003
 6.28318531e-002 6.92136286e-002 6.68623449e-002 2.35128366e-003
 9.42477796e-002 1.04699552e-001 1.03409224e-001 1.29032805e-003
 1.25663706e-001 1.41772408e-001 1.42115451e-001 3.43043485e-004
 1.57079633e-001 1.81387359e-001 1.83042214e-001 1.65485500e-003
 1.88495559e-001 2.24262491e-001 2.26250143e-001 1.98765174e-003
 2.19911486e-001 2.70576342e-001 2.71799158e-001 1.22281556e-003
 2.51327412e-001 3.19921083e-001 3.19748292e-001 1.72790579e-004
 2.82743339e-001 3.71563825e-001 3.70155520e-001 1.40830452e-003
 3.14159265e-001 4.24884672e-001 4.23077568e-001 1.80710395e-003
 3.45575192e-001 4.79749043e-001 4.78569719e-001 1.17932351e-003
 3.76991118e-001 5.36602706e-001 5.36685605e-001 8.28988208e-005
 4.08407045e-001 5.96235457e-001 5.97476992e-001 1.24153551e-003
 4.39822972e-001 6.59351232e-001 6.60993554e-001 1.64232278e-003
 4.71238898e-001 7.26194904e-001 7.27282634e-001 1.08773076e-003
 5.02654825e-001 7.96451427e-001 7.96388999e-001 6.24282912e-005
 5.34070751e-001 8.69471490e-001 8.68354578e-001 1.11691210e-003
 5.65486678e-001 9.44685239e-001 9.43218198e-001 1.46704077e-003
 5.96902604e-001 1.02195654e+000 1.02101530e+000 9.41242914e-004
 6.28318531e-001 1.10166928e+000 1.10177764e+000 1.08365000e-004
 6.59734457e-001 1.18449999e+000 1.18553302e+000 1.03302838e-003
 6.91150384e-001 1.27101947e+000 1.27230491e+000 1.28543794e-003
 7.22566310e-001 1.36136627e+000 1.36211218e+000 7.45906591e-004
 7.53982237e-001 1.45518769e+000 1.45496874e+000 2.18943827e-004
 7.85398163e-001 1.55187850e+000 1.55088320e+000 9.95302775e-004
 8.16814090e-001 1.65096590e+000 1.64985847e+000 1.10742779e-003
 8.48230016e-001 1.75240113e+000 1.75189144e+000 5.09695439e-004
 8.79645943e-001 1.85657853e+000 1.85697256e+000 3.94032075e-004
 9.11061870e-001 1.96407248e+000 1.96508546e+000 1.01298345e-003
 9.42477796e-001 2.07525880e+000 2.07620652e+000 9.47717940e-004
 9.73893723e-001 2.19005894e+000 2.19030447e+000 2.45531284e-004
 1.00530965e+000 2.30796898e+000 2.30733996e+000 6.29026665e-004
 1.03672558e+000 2.42835705e+000 2.42726507e+000 1.09198081e-003
 1.06814150e+000 2.55084226e+000 2.55002291e+000 8.19351073e-004
 1.09955743e+000 2.67551355e+000 2.67554714e+000 3.35972956e-005
 1.13097336e+000 2.80284327e+000 2.80376147e+000 9.18202963e-004
 1.16238928e+000 2.93334189e+000 2.93457919e+000 1.23730053e-003
 1.19380521e+000 3.06716664e+000 3.06790264e+000 7.36000156e-004
 1.22522113e+000 3.20393461e+000 3.20362276e+000 3.11854523e-004
 1.25663706e+000 3.34286966e+000 3.34161850e+000 1.25115297e-003
 1.28805299e+000 3.48320514e+000 3.48175637e+000 1.44877086e-003
 1.31946891e+000 3.62459716e+000 3.62388980e+000 7.07352493e-004
 1.35088484e+000 3.76728371e+000 3.76785871e+000 5.75004477e-004
 1.38230077e+000 3.91187226e+000 3.91348887e+000 1.61660607e-003
 1.41371669e+000 4.05886734e+000 4.06059136e+000 1.72401909e-003
 1.44513262e+000 4.20822067e+000 4.20896203e+000 7.41362249e-004
 1.47654855e+000 4.35918936e+000 4.35838090e+000 8.08464271e-004
 1.50796447e+000 4.51061183e+000 4.50861158e+000 2.00024961e-003
 1.53938040e+000 4.66145637e+000 4.65940072e+000 2.05564910e-003
 1.57079633e+000 4.81131809e+000 4.81047738e+000 8.40707780e-004
 1.60221225e+000 4.96055123e+000 4.96155248e+000 1.00125301e-003
 1.63362818e+000 5.10992968e+000 5.11231819e+000 2.38851180e-003
 1.66504411e+000 5.26001305e+000 5.26244735e+000 2.43430074e-003
 1.69646003e+000 5.41058800e+000 5.41159287e+000 1.00487161e-003
 1.72787596e+000 5.56053188e+000 5.55938719e+000 1.14469205e-003
 1.75929189e+000 5.70820907e+000 5.70544161e+000 2.76745974e-003
 1.79070781e+000 5.85219289e+000 5.84934583e+000 2.84705972e-003
 1.82212374e+000 5.99189491e+000 5.99066728e+000 1.22763201e-003
 1.85353967e+000 6.12771486e+000 6.12895062e+000 1.23575243e-003
 1.88495559e+000 6.26059075e+000 6.26371715e+000 3.12639650e-003
 1.91637152e+000 6.39118382e+000 6.39446431e+000 3.28048506e-003
 1.94778745e+000 6.51916623e+000 6.52066514e+000 1.49891006e-003
 1.97920337e+000 6.64304417e+000 6.64176775e+000 1.27642049e-003
 2.01061930e+000 6.76065267e+000 6.75719486e+000 3.45780995e-003
 2.04203522e+000 6.87006345e+000 6.86634331e+000 3.72014084e-003
 2.07345115e+000 6.97038668e+000 6.96858362e+000 1.80306281e-003
 2.10486708e+000 7.06198279e+000 7.06325955e+000 1.27676029e-003
 2.13628300e+000 7.14592671e+000 7.14968773e+000 3.76102320e-003
 2.16769893e+000 7.22300374e+000 7.22715726e+000 4.15352002e-003
 2.19911486e+000 7.29280942e+000 7.29492939e+000 2.11996790e-003
 2.23053078e+000 7.35349302e+000 7.35223721e+000 1.25580639e-003
 2.26194671e+000 7.40232934e+000 7.39828542e+000 4.04392068e-003
 2.29336264e+000 7.43682071e+000 7.43225005e+000 4.57065315e-003
 2.32477856e+000 7.45570124e+000 7.45327834e+000 2.42290840e-003
 2.35619449e+000 7.45924212e+000 7.46048854e+000 1.24641859e-003
 2.38761042e+000 7.44864145e+000 7.45296991e+000 4.32845517e-003
 2.41902634e+000 7.42481572e+000 7.42978262e+000 4.96689946e-003
 2.45044227e+000 7.38728178e+000 7.38995783e+000 2.67605526e-003
 2.48185820e+000 7.33380040e+000 7.33249776e+000 1.30264013e-003
 2.51327412e+000 7.26103421e+000 7.25637583e+000 4.65837191e-003
 2.54469005e+000 7.16588117e+000 7.16053693e+000 5.34423845e-003
 2.57610598e+000 7.04672214e+000 7.04389766e+000 2.82448252e-003
 2.60752190e+000 6.90382782e+000 6.90534676e+000 1.51893108e-003
 2.63893783e+000 6.73862882e+000 6.74374551e+000 5.11668800e-003
 2.67035376e+000 6.55221737e+000 6.55792832e+000 5.71095477e-003
 2.70176968e+000 6.34393790e+000 6.34670335e+000 2.76544712e-003
 2.73318561e+000 6.11093296e+000 6.10885319e+000 2.07976927e-003
 2.76460154e+000 5.84900026e+000 5.84313575e+000 5.86451943e-003
 2.79601746e+000 5.55434971e+000 5.54828513e+000 6.06458199e-003
 2.82743339e+000 5.22526085e+000 5.22301271e+000 2.24813913e-003
 2.85884931e+000 4.86259721e+000 4.86600825e+000 3.41103244e-003
 2.89026524e+000 4.46871219e+000 4.47594118e+000 7.22898724e-003
 2.92168117e+000 4.04520644e+000 4.05146201e+000 6.25556776e-003
 2.95309709e+000 3.59077032e+000 3.59120382e+000 4.33498715e-004
 2.98451302e+000 3.10050780e+000 3.09378392e+000 6.72388283e-003
 3.01592895e+000 2.56753396e+000 2.55780566e+000 9.72829433e-003
 3.04734487e+000 1.98651822e+000 1.98186037e+000 4.65785265e-003
 3.07876080e+000 1.35776311e+000 1.36452942e+000 6.76630628e-003
 3.11017673e+000 6.89935905e-001 7.04386497e-001 1.44505923e-002
 3.14159265e+000 3.30529941e-015 2.83382392e-015 4.71475484e-016
