 0.00000000e+000 0.00000000e+000 0.00000000e+000 0.00000000e+000
 3.14159265e-002 -5.44663480e-002 3.24132214e-002 8.68795694e-002
 6.28318531e-002 -4.20477817e-001 6.68623449e-002 4.87340162e-001
 9.42477796e-002 -1.33589838e+000 1.03409224e-001 1.43930761e+000
 1.25663706e-001 -2.90353490e+000 1.42115451e-001 3.04565035e+000
 1.57079633e-001 -5.05495760e+000 1.83042214e-001 5.23799982e+000
 1.88495559e-001 -7.55160150e+000 2.26250143e-001 7.77785165e+000
 2.19911486e-001 -1.00304053e+001 2.71799158e-001 1.03022045e+001
 2.51327412e-001 -1.20910940e+001 3.19748292e-001 1.24108422e+001
 2.82743339e-001 -1.34082966e+001 3.70155520e-001 1.37784521e+001
 3.14159265e-001 -1.38386318e+001 4.23077568e-001 1.42617094e+001
 3.45575192e-001 -1.34868372e+001 4.78569719e-001 1.39654069e+001
 3.76991118e-001 -1.27009633e+001 5.36685605e-001 1.32376489e+001
 4.08407045e-001 -1.19856339e+001 5.97476992e-001 1.25831109e+001
 4.39822972e-001 -1.18499653e+001 6.60993554e-001 1.25109589e+001
 4.71238898e-001 -1.26337802e+001 7.27282634e-001 1.33610628e+001
 5.02654825e-001 -1.43713046e+001 7.96388999e-001 1.51676936e+001
 5.34070751e-001 -1.67472227e+001 8.68354578e-001 1.76155773e+001
 5.65486678e-001 -1.91739348e+001 9.43218198e-001 2.01171530e+001
 5.96902604e-001 -2.09776921e+001 1.02101530e+000 2.19987074e+001
 6.28318531e-001 -2.16386262e+001 1.10177764e+000 2.27404038e+001
 6.59734457e-001 -2.10019207e+001 1.18553302e+000 2.21874537e+001
 6.91150384e-001 -1.93773441e+001 1.27230491e+000 2.06496490e+001
 7.22566310e-001 -1.74759287e+001 1.36211218e+000 1.88380409e+001
 7.53982237e-001 -1.61877584e+001 1.45496874e+000 1.76427272e+001
 7.85398163e-001 -1.62654753e+001 1.55088320e+000 1.78163585e+001
 8.16814090e-001 -1.80216719e+001 1.64985847e+000 1.96715303e+001
 8.48230016e-001 -2.11560590e+001 1.75189144e+000 2.29079505e+001
 8.79645943e-001 -2.47929445e+001 1.85697256e+000 2.66499171e+001
 9.11061870e-001 -2.77395189e+001 1.96508546e+000 2.97046044e+001
 9.42477796e-001 -2.88933142e+001 2.07620652e+000 3.09695207e+001
 9.73893723e-001 -2.76627201e+001 2.19030447e+000 2.98530245e+001
 1.00530965e+000 -2.42439950e+001 2.30733996e+000 2.65513350e+001
 1.03672558e+000 -1.96344023e+001 2.42726507e+000 2.20616673e+001
 1.06814150e+000 -1.53465513e+001 2.55002291e+000 1.78965742e+001
 1.09955743e+000 -1.28970078e+001 2.67554714e+000 1.55725549e+001
 1.13097336e+000 -1.32347143e+001 2.80376147e+000 1.60384757e+001
 1.16238928e+000 -1.63154958e+001 2.93457919e+000 1.92500750e+001
 1.19380521e+000 -2.09971965e+001 3.06790264e+000 2.40650992e+001
 1.22522113e+000 -2.53299406e+001 3.20362276e+000 2.85335634e+001
 1.25663706e+000 -2.71776018e+001 3.34161850e+000 3.05192203e+001
 1.28805299e+000 -2.49770564e+001 3.48175637e+000 2.84588128e+001
 1.31946891e+000 -1.83699987e+001 3.62388980e+000 2.19938885e+001
 1.35088484e+000 -8.46047355e+000 3.76785871e+000 1.22283323e+001
 1.38230077e+000 2.43760076e+000 3.91348887e+000 1.47588811e+000
 1.41371669e+000 1.15260342e+001 4.06059136e+000 7.46544281e+000
 1.44513262e+000 1.65069858e+001 4.20896203e+000 1.22980238e+001
 1.47654855e+000 1.64949650e+001 4.35838090e+000 1.21365841e+001
 1.50796447e+000 1.25156592e+001 4.50861158e+000 8.00704761e+000
 1.53938040e+000 7.36505997e+000 4.65940072e+000 2.70565925e+000
 1.57079633e+000 4.81047738e+000 4.81047738e+000 9.54969437e-012
 1.60221225e+000 8.35148055e+000 4.96155248e+000 3.38992807e+000
 1.63362818e+000 1.99411043e+001 5.11231819e+000 1.48287861e+001
 1.66504411e+000 3.91246612e+001 5.26244735e+000 3.38622139e+001
 1.69646003e+000 6.29520204e+001 5.41159287e+000 5.75404275e+001
 1.72787596e+000 8.67795520e+001 5.55938719e+000 8.12201648e+001
 1.75929189e+000 1.05771748e+002 5.70544161e+000 1.00066307e+002
 1.79070781e+000 1.16642211e+002 5.84934583e+000 1.10792865e+002
 1.82212374e+000 1.19039000e+002 5.99066728e+000 1.13048333e+002
 1.85353967e+000 1.16041766e+002 6.12895062e+000 1.09912815e+002
 1.88495559e+000 1.13495611e+002 6.26371715e+000 1.07231894e+002
 1.91637152e+000 1.18288277e+002 6.39446431e+000 1.11893812e+002
 1.94778745e+000 1.36061475e+002 6.52066514e+000 1.29540810e+002
 1.97920337e+000 1.69099662e+002 6.64176775e+000 1.62457894e+002
 2.01061930e+000 2.15158537e+002 6.75719486e+000 2.08401342e+002
 2.04203522e+000 2.67750641e+002 6.86634331e+000 2.60884297e+002
 2.07345115e+000 3.17954550e+002 6.96858362e+000 3.10985966e+002
 2.10486708e+000 3.57292132e+002 7.06325955e+000 3.50228873e+002
 2.13628300e+000 3.80797746e+002 7.14968773e+000 3.73648059e+002
 2.16769893e+000 3.89238909e+002 7.22715726e+000 3.82011752e+002
 2.19911486e+000 3.89622456e+002 7.29492939e+000 3.82327527e+002
 2.23053078e+000 3.93609139e+002 7.35223721e+000 3.86256902e+002
 2.26194671e+000 4.14129735e+002 7.39828542e+000 4.06731450e+002
 2.29336264e+000 4.61139741e+002 7.43225005e+000 4.53707491e+002
 2.32477856e+000 5.37848735e+002 7.45327834e+000 5.30395457e+002
 2.35619449e+000 6.38756001e+002 7.46048854e+000 6.31295512e+002
 2.38761042e+000 7.50375759e+002 7.45296991e+000 7.42922789e+002
 2.41902634e+000 8.54745698e+002 7.42978262e+000 8.47315916e+002
 2.45044227e+000 9.34905083e+002 7.38995783e+000 9.27515125e+002
 2.48185820e+000 9.80786943e+002 7.33249776e+000 9.73454445e+002
 2.51327412e+000 9.93648958e+002 7.25637583e+000 9.86392582e+002
 2.54469005e+000 9.87413921e+002 7.16053693e+000 9.80253384e+002
 2.57610598e+000 9.86080305e+002 7.04389766e+000 9.79036408e+002
 2.60752190e+000 1.01749953e+003 6.90534676e+000 1.01059418e+003
 2.63893783e+000 1.10497668e+003 6.74374551e+000 1.09823294e+003
 2.67035376e+000 1.25897884e+003 6.55792832e+000 1.25242091e+003
 2.70176968e+000 1.47144690e+003 6.34670335e+000 1.46510019e+003
 2.73318561e+000 1.71468705e+003 6.10885319e+000 1.70857820e+003
 2.76460154e+000 1.94566422e+003 5.84313575e+000 1.93982108e+003
 2.79601746e+000 2.11502850e+003 5.54828513e+000 2.10948021e+003
 2.82743339e+000 2.17879360e+003 5.22301271e+000 2.17357059e+003
 2.85884931e+000 2.10967359e+003 4.86600825e+000 2.10480758e+003
 2.89026524e+000 1.90496770e+003 4.47594118e+000 1.90049176e+003
 2.92168117e+000 1.58864332e+003 4.05146201e+000 1.58459186e+003
 2.95309709e+000 1.20673092e+003 3.59120382e+000 1.20313972e+003
 2.98451302e+000 8.16930314e+002 3.09378392e+000 8.13836530e+002
 3.01592895e+000 4.74940039e+002 2.55780566e+000 4.72382234e+002
 3.04734487e+000 2.21001701e+002 1.98186037e+000 2.19019840e+002
 3.07876080e+000 7.02010083e+001 1.36452942e+000 6.88364789e+001
 3.11017673e+000 9.14767820e+000 7.04386497e-001 8.44329170e+000
 3.14159265e+000 4.04727412e-013 2.83382392e-015 4.01893588e-013
