 0.00000000e+000 0.00000000e+000 0.00000000e+000 0.00000000e+000
 3.14159265e-002 4.35989524e-002 3.24132214e-002 1.11857310e-002
 6.28318531e-002 3.01123964e-001 6.68623449e-002 2.34261620e-001
 9.42477796e-002 7.80934574e-001 1.03409224e-001 6.77525349e-001
 1.25663706e-001 1.21360072e+000 1.42115451e-001 1.07148527e+000
 1.57079633e-001 1.16924043e+000 1.83042214e-001 9.86198221e-001
 1.88495559e-001 3.08937368e-001 2.26250143e-001 8.26872251e-002
 2.19911486e-001 -1.36925784e+000 2.71799158e-001 1.64105700e+000
 2.51327412e-001 -3.43737596e+000 3.19748292e-001 3.75712425e+000
 2.82743339e-001 -5.17014825e+000 3.70155520e-001 5.54030377e+000
 3.14159265e-001 -5.85587471e+000 4.23077568e-001 6.27895228e+000
 3.45575192e-001 -5.13801812e+000 4.78569719e-001 5.61658784e+000
 3.76991118e-001 -3.21476673e+000 5.36685605e-001 3.75145234e+000
 4.08407045e-001 -7.89103167e-001 5.97476992e-001 1.38658016e+000
 4.39822972e-001 1.21561068e+000 6.60993554e-001 5.54617122e-001
 4.71238898e-001 2.04405203e+000 7.27282634e-001 1.31676940e+000
 5.02654825e-001 1.42207664e+000 7.96388999e-001 6.25687645e-001
 5.34070751e-001 -3.44059580e-001 8.68354578e-001 1.21241416e+000
 5.65486678e-001 -2.51594390e+000 9.43218198e-001 3.45916209e+000
 5.96902604e-001 -4.23924112e+000 1.02101530e+000 5.26025642e+000
 6.28318531e-001 -4.88282296e+000 1.10177764e+000 5.98460061e+000
 6.59734457e-001 -4.26247214e+000 1.18553302e+000 5.44800515e+000
 6.91150384e-001 -2.67571065e+000 1.27230491e+000 3.94801555e+000
 7.22566310e-001 -7.57754429e-001 1.36211218e+000 2.11986661e+000
 7.53982237e-001 7.68515939e-001 1.45496874e+000 6.86452805e-001
 7.85398163e-001 1.35237516e+000 1.55088320e+000 1.98508033e-001
 8.16814090e-001 8.00773406e-001 1.64985847e+000 8.49085061e-001
 8.48230016e-001 -6.62869726e-001 1.75189144e+000 2.41476116e+000
 8.79645943e-001 -2.48107236e+000 1.85697256e+000 4.33804492e+000
 9.11061870e-001 -3.96140493e+000 1.96508546e+000 5.92649039e+000
 9.42477796e-001 -4.53065280e+000 2.07620652e+000 6.60685932e+000
 9.73893723e-001 -3.95583674e+000 2.19030447e+000 6.14614122e+000
 1.00530965e+000 -2.44354054e+000 2.30733996e+000 4.75088050e+000
 1.03672558e+000 -5.66549279e-001 2.42726507e+000 2.99381434e+000
 1.06814150e+000 9.63849574e-001 2.55002291e+000 1.58617334e+000
 1.09955743e+000 1.58902365e+000 2.67554714e+000 1.08652350e+000
 1.13097336e+000 1.12990103e+000 2.80376147e+000 1.67386045e+000
 1.16238928e+000 -1.53737371e-001 2.93457919e+000 3.08831656e+000
 1.19380521e+000 -1.69649078e+000 3.06790264e+000 4.76439342e+000
 1.22522113e+000 -2.88496535e+000 3.20362276e+000 6.08858811e+000
 1.25663706e+000 -3.31417950e+000 3.34161850e+000 6.65579800e+000
 1.28805299e+000 -2.92583055e+000 3.48175637e+000 6.40758692e+000
 1.31946891e+000 -1.97885378e+000 3.62388980e+000 5.60274358e+000
 1.35088484e+000 -8.88521812e-001 3.76785871e+000 4.65638053e+000
 1.38230077e+000 -2.74721729e-002 3.91348887e+000 3.94096104e+000
 1.41371669e+000 4.15375066e-001 4.06059136e+000 3.64521629e+000
 1.44513262e+000 4.66368702e-001 4.20896203e+000 3.74259333e+000
 1.47654855e+000 2.97417495e-001 4.35838090e+000 4.06096340e+000
 1.50796447e+000 1.06450747e-001 4.50861158e+000 4.40216083e+000
 1.53938040e+000 1.07552857e-002 4.65940072e+000 4.64864543e+000
 1.57079633e+000 -8.82960371e-013 4.81047738e+000 4.81047738e+000
 1.60221225e+000 -3.34943736e-002 4.96155248e+000 4.99504685e+000
 1.63362818e+000 -2.01329443e-001 5.11231819e+000 5.31364763e+000
 1.66504411e+000 -5.05098001e-001 5.26244735e+000 5.76754535e+000
 1.69646003e+000 -7.63727164e-001 5.41159287e+000 6.17532004e+000
 1.72787596e+000 -6.41288918e-001 5.55938719e+000 6.20067610e+000
 1.75929189e+000 2.02116348e-001 5.70544161e+000 5.50332527e+000
 1.79070781e+000 1.88133654e+000 5.84934583e+000 3.96800930e+000
 1.82212374e+000 4.09313736e+000 5.99066728e+000 1.89752992e+000
 1.85353967e+000 6.09709860e+000 6.12895062e+000 3.18520122e-002
 1.88495559e+000 6.95118608e+000 6.26371715e+000 6.87468934e-001
 1.91637152e+000 5.95288498e+000 6.39446431e+000 4.41579331e-001
 1.94778745e+000 3.09596975e+000 6.52066514e+000 3.42469538e+000
 1.97920337e+000 -7.11440232e-001 6.64176775e+000 7.35320798e+000
 2.01061930e+000 -3.85053453e+000 6.75719486e+000 1.06077294e+001
 2.04203522e+000 -4.60710229e+000 6.86634331e+000 1.14734456e+001
 2.07345115e+000 -1.96499543e+000 6.96858362e+000 8.93357905e+000
 2.10486708e+000 3.78708233e+000 7.06325955e+000 3.27617722e+000
 2.13628300e+000 1.09573128e+001 7.14968773e+000 3.80762511e+000
 2.16769893e+000 1.69740059e+001 7.22715726e+000 9.74684860e+000
 2.19911486e+000 1.93656486e+001 7.29492939e+000 1.20707192e+001
 2.23053078e+000 1.68183030e+001 7.35223721e+000 9.46606580e+000
 2.26194671e+000 9.87504720e+000 7.39828542e+000 2.47676178e+000
 2.29336264e+000 9.62380976e-001 7.43225005e+000 6.46986908e+000
 2.32477856e+000 -6.33146495e+000 7.45327834e+000 1.37847433e+001
 2.35619449e+000 -8.53110944e+000 7.46048854e+000 1.59915980e+001
 2.38761042e+000 -3.68820273e+000 7.45296991e+000 1.11411726e+001
 2.41902634e+000 7.58409020e+000 7.42978262e+000 1.54307582e-001
 2.45044227e+000 2.19269576e+001 7.38995783e+000 1.45369998e+001
 2.48185820e+000 3.41449009e+001 7.33249776e+000 2.68124032e+001
 2.51327412e+000 3.90628994e+001 7.25637583e+000 3.18065235e+001
 2.54469005e+000 3.37411571e+001 7.16053693e+000 2.65806202e+001
 2.57610598e+000 1.91421217e+001 7.04389766e+000 1.20982240e+001
 2.60752190e+000 3.71767226e-001 6.90534676e+000 6.53357953e+000
 2.63893783e+000 -1.49078472e+001 6.74374551e+000 2.16515927e+001
 2.67035376e+000 -1.94914692e+001 6.55792832e+000 2.60493976e+001
 2.70176968e+000 -9.87815412e+000 6.34670335e+000 1.62248575e+001
 2.73318561e+000 1.17665184e+001 6.10885319e+000 5.65766525e+000
 2.76460154e+000 3.80424576e+001 5.84313575e+000 3.21993219e+001
 2.79601746e+000 5.91880204e+001 5.54828513e+000 5.36397353e+001
 2.82743339e+000 6.72104411e+001 5.22301271e+000 6.19874284e+001
 2.85884931e+000 5.93502746e+001 4.86600825e+000 5.44842664e+001
 2.89026524e+000 3.91723624e+001 4.47594118e+000 3.46964212e+001
 2.92168117e+000 1.47172602e+001 4.05146201e+000 1.06657982e+001
 2.95309709e+000 -5.35133821e+000 3.59120382e+000 8.94254203e+000
 2.98451302e+000 -1.56222582e+001 3.09378392e+000 1.87160421e+001
 3.01592895e+000 -1.58696286e+001 2.55780566e+000 1.84274342e+001
 3.04734487e+000 -1.01726445e+001 1.98186037e+000 1.21545048e+001
 3.07876080e+000 -3.92300931e+000 1.36452942e+000 5.28753873e+000
 3.11017673e+000 -5.68454719e-001 7.04386497e-001 1.27284122e+000
 3.14159265e+000 -2.90280269e-014 2.83382392e-015 3.18618508e-014
