 0.00000000e+000 0.00000000e+000 0.00000000e+000 0.00000000e+000
 3.14159265e-002 3.98886326e-002 3.24132214e-002 7.47541128e-003
 6.28318531e-002 7.92076106e-002 6.68623449e-002 1.23452657e-002
 9.42477796e-002 1.17607083e-001 1.03409224e-001 1.41978589e-002
 1.25663706e-001 1.55125297e-001 1.42115451e-001 1.30098461e-002
 1.57079633e-001 1.92265482e-001 1.83042214e-001 9.22326835e-003
 1.88495559e-001 2.29962055e-001 2.26250143e-001 3.71191141e-003
 2.19911486e-001 2.69441936e-001 2.71799158e-001 2.35722191e-003
 2.51327412e-001 3.12010610e-001 3.19748292e-001 7.73768255e-003
 2.82743339e-001 3.58809912e-001 3.70155520e-001 1.13456081e-002
 3.14159265e-001 4.10601443e-001 4.23077568e-001 1.24761251e-002
 3.45575192e-001 4.67624392e-001 4.78569719e-001 1.09453274e-002
 3.76991118e-001 5.29560546e-001 5.36685605e-001 7.12505863e-003
 4.08407045e-001 5.95615837e-001 5.97476992e-001 1.86115582e-003
 4.39822972e-001 6.64702089e-001 6.60993554e-001 3.70853495e-003
 4.71238898e-001 7.35680499e-001 7.27282634e-001 8.39786470e-003
 5.02654825e-001 8.07614501e-001 7.96388999e-001 1.12255019e-002
 5.34070751e-001 8.79977418e-001 8.68354578e-001 1.16228404e-002
 5.65486678e-001 9.52769974e-001 9.43218198e-001 9.55177649e-003
 5.96902604e-001 1.02652236e+000 1.02101530e+000 5.50706194e-003
 6.28318531e-001 1.10218081e+000 1.10177764e+000 4.03160722e-004
 6.59734457e-001 1.18090381e+000 1.18553302e+000 4.62920340e-003
 6.91150384e-001 1.26381300e+000 1.27230491e+000 8.49190329e-003
 7.22566310e-001 1.35175324e+000 1.36211218e+000 1.03589446e-002
 7.53982237e-001 1.44511454e+000 1.45496874e+000 9.85420583e-003
 7.85398163e-001 1.54375448e+000 1.55088320e+000 7.12871958e-003
 8.16814090e-001 1.64703732e+000 1.64985847e+000 2.82114897e-003
 8.48230016e-001 1.75398046e+000 1.75189144e+000 2.08901963e-003
 8.79645943e-001 1.86347492e+000 1.85697256e+000 6.50235885e-003
 9.11061870e-001 1.97453045e+000 1.96508546e+000 9.44499503e-003
 9.42477796e-001 2.08649055e+000 2.07620652e+000 1.02840271e-002
 9.73893723e-001 2.19916960e+000 2.19030447e+000 8.86512847e-003
 1.00530965e+000 2.31288210e+000 2.30733996e+000 5.54214439e-003
 1.03672558e+000 2.42835780e+000 2.42726507e+000 1.09273286e-003
 1.06814150e+000 2.54656251e+000 2.55002291e+000 3.46040580e-003
 1.09955743e+000 2.66846505e+000 2.67554714e+000 7.08209932e-003
 1.13097336e+000 2.79480294e+000 2.80376147e+000 8.95853869e-003
 1.16238928e+000 2.92589946e+000 2.93457919e+000 8.67972436e-003
 1.19380521e+000 3.06157306e+000 3.06790264e+000 6.32957905e-003
 1.22522113e+000 3.20115906e+000 3.20362276e+000 2.46369147e-003
 1.25663706e+000 3.34363844e+000 3.34161850e+000 2.01993491e-003
 1.28805299e+000 3.48784392e+000 3.48175637e+000 6.08755868e-003
 1.31946891e+000 3.63269651e+000 3.62388980e+000 8.80671008e-003
 1.35088484e+000 3.77741827e+000 3.76785871e+000 9.55955588e-003
 1.38230077e+000 3.92167285e+000 3.91348887e+000 8.18397812e-003
 1.41371669e+000 4.06560147e+000 4.06059136e+000 5.01011205e-003
 1.44513262e+000 4.20974588e+000 4.20896203e+000 7.83852931e-004
 1.47654855e+000 4.35487552e+000 4.35838090e+000 3.50537489e-003
 1.50796447e+000 4.50175825e+000 4.50861158e+000 6.85333574e-003
 1.53938040e+000 4.65092690e+000 4.65940072e+000 8.47382035e-003
 1.57079633e+000 4.80249538e+000 4.81047738e+000 7.98200443e-003
 1.60221225e+000 4.95606673e+000 4.96155248e+000 5.48574982e-003
 1.63362818e+000 5.11075506e+000 5.11231819e+000 1.56312846e-003
 1.66504411e+000 5.26531688e+000 5.26244735e+000 2.86952806e-003
 1.69646003e+000 5.41836234e+000 5.41159287e+000 6.76946214e-003
 1.72787596e+000 5.56859804e+000 5.55938719e+000 9.21085690e-003
 1.75929189e+000 5.71504515e+000 5.70544161e+000 9.60353129e-003
 1.79070781e+000 5.85718158e+000 5.84934583e+000 7.83575089e-003
 1.82212374e+000 5.99497410e+000 5.99066728e+000 4.30681520e-003
 1.85353967e+000 6.12879076e+000 6.12895062e+000 1.59858585e-004
 1.88495559e+000 6.25921233e+000 6.26371715e+000 4.50481719e-003
 1.91637152e+000 6.38678470e+000 6.39446431e+000 7.67961150e-003
 1.94778745e+000 6.51176910e+000 6.52066514e+000 8.89603502e-003
 1.97920337e+000 6.63394865e+000 6.64176775e+000 7.81910056e-003
 2.01061930e+000 6.75253774e+000 6.75719486e+000 4.65711659e-003
 2.04203522e+000 6.86621816e+000 6.86634331e+000 1.25150186e-004
 2.07345115e+000 6.97329645e+000 6.96858362e+000 4.71282799e-003
 2.10486708e+000 7.07194882e+000 7.06325955e+000 8.68926597e-003
 2.13628300e+000 7.16049821e+000 7.14968773e+000 1.08104743e-002
 2.16769893e+000 7.23765883e+000 7.22715726e+000 1.05015769e-002
 2.19911486e+000 7.30268921e+000 7.29492939e+000 7.75982785e-003
 2.23053078e+000 7.35541380e+000 7.35223721e+000 3.17658724e-003
 2.26194671e+000 7.39610305e+000 7.39828542e+000 2.18237104e-003
 2.29336264e+000 7.42523442e+000 7.43225005e+000 7.01562913e-003
 2.32477856e+000 7.44318594e+000 7.45327834e+000 1.00923935e-002
 2.35619449e+000 7.44993208e+000 7.46048854e+000 1.05564557e-002
 2.38761042e+000 7.44481468e+000 7.45296991e+000 8.15522820e-003
 2.41902634e+000 7.42644744e+000 7.42978262e+000 3.33518391e-003
 2.45044227e+000 7.39278452e+000 7.38995783e+000 2.82668922e-003
 2.48185820e+000 7.34134671e+000 7.33249776e+000 8.84894552e-003
 2.51327412e+000 7.26956116e+000 7.25637583e+000 1.31853202e-002
 2.54469005e+000 7.17514139e+000 7.16053693e+000 1.46044600e-002
 2.57610598e+000 7.05641942e+000 7.04389766e+000 1.25217577e-002
 2.60752190e+000 6.91254680e+000 6.90534676e+000 7.20004042e-003
 2.63893783e+000 6.74350548e+000 6.74374551e+000 2.40027906e-004
 2.67035376e+000 6.54990872e+000 6.55792832e+000 8.01960134e-003
 2.70176968e+000 6.33261915e+000 6.34670335e+000 1.40841995e-002
 2.73318561e+000 6.09225596e+000 6.10885319e+000 1.65972317e-002
 2.76460154e+000 5.82869589e+000 5.84313575e+000 1.44398574e-002
 2.79601746e+000 5.54068546e+000 5.54828513e+000 7.59966828e-003
 2.82743339e+000 5.22567098e+000 5.22301271e+000 2.65826855e-003
 2.85884931e+000 4.87991845e+000 4.86600825e+000 1.39102007e-002
 2.89026524e+000 4.49894376e+000 4.47594118e+000 2.30025747e-002
 2.92168117e+000 4.07821314e+000 4.05146201e+000 2.67511259e-002
 2.95309709e+000 3.61401731e+000 3.59120382e+000 2.28134932e-002
 2.98451302e+000 3.10438059e+000 3.09378392e+000 1.05966678e-002
 3.01592895e+000 2.54984798e+000 2.55780566e+000 7.95768351e-003
 3.04734487e+000 1.95400351e+000 1.98186037e+000 2.78568547e-002
 3.07876080e+000 1.32361064e+000 1.36452942e+000 4.09187756e-002
 3.11017673e+000 6.68324982e-001 7.04386497e-001 3.60615148e-002
 3.14159265e+000 3.20017295e-015 2.83382392e-015 3.66349026e-016
