 0.00000000e+000 0.00000000e+000 0.00000000e+000 0.00000000e+000
 3.14159265e-002 7.98195029e-002 3.24132214e-002 4.74062816e-002
 6.28318531e-002 1.58926096e-001 6.68623449e-002 9.20637510e-002
 9.42477796e-002 2.36630149e-001 1.03409224e-001 1.33220925e-001
 1.25663706e-001 3.12287962e-001 1.42115451e-001 1.70172511e-001
 1.57079633e-001 3.85323164e-001 1.83042214e-001 2.02280950e-001
 1.88495559e-001 4.55246285e-001 2.26250143e-001 2.28996142e-001
 2.19911486e-001 5.21671965e-001 2.71799158e-001 2.49872807e-001
 2.51327412e-001 5.84333324e-001 3.19748292e-001 2.64585032e-001
 2.82743339e-001 6.43093099e-001 3.70155520e-001 2.72937579e-001
 3.14159265e-001 6.97951241e-001 4.23077568e-001 2.74873672e-001
 3.45575192e-001 7.49048741e-001 4.78569719e-001 2.70479022e-001
 3.76991118e-001 7.96667582e-001 5.36685605e-001 2.59981977e-001
 4.08407045e-001 8.41226790e-001 5.97476992e-001 2.43749797e-001
 4.39822972e-001 8.83274673e-001 6.60993554e-001 2.22281118e-001
 4.71238898e-001 9.23477448e-001 7.27282634e-001 1.96194813e-001
 5.02654825e-001 9.62604523e-001 7.96388999e-001 1.66215524e-001
 5.34070751e-001 1.00151083e+000 8.68354578e-001 1.33156254e-001
 5.65486678e-001 1.04111666e+000 9.43218198e-001 9.78984573e-002
 5.96902604e-001 1.08238547e+000 1.02101530e+000 6.13701662e-002
 6.28318531e-001 1.12630037e+000 1.10177764e+000 2.45227244e-002
 6.59734457e-001 1.17383976e+000 1.18553302e+000 1.16932554e-002
 6.91150384e-001 1.22595284e+000 1.27230491e+000 4.63520669e-002
 7.22566310e-001 1.28353561e+000 1.36211218e+000 7.85765731e-002
 7.53982237e-001 1.34740802e+000 1.45496874e+000 1.07560721e-001
 7.85398163e-001 1.41829290e+000 1.55088320e+000 1.32590298e-001
 8.16814090e-001 1.49679710e+000 1.64985847e+000 1.53061363e-001
 8.48230016e-001 1.58339558e+000 1.75189144e+000 1.68495853e-001
 8.79645943e-001 1.67841864e+000 1.85697256e+000 1.78553919e-001
 9.11061870e-001 1.78204281e+000 1.96508546e+000 1.83042652e-001
 9.42477796e-001 1.89428559e+000 2.07620652e+000 1.81920936e-001
 9.73893723e-001 2.01500419e+000 2.19030447e+000 1.75300281e-001
 1.00530965e+000 2.14389838e+000 2.30733996e+000 1.63441580e-001
 1.03672558e+000 2.28051722e+000 2.42726507e+000 1.46747847e-001
 1.06814150e+000 2.42426979e+000 2.55002291e+000 1.25753124e-001
 1.09955743e+000 2.57443935e+000 2.67554714e+000 1.01107795e-001
 1.13097336e+000 2.73020077e+000 2.80376147e+000 7.35607066e-002
 1.16238928e+000 2.89064065e+000 2.93457919e+000 4.39385325e-002
 1.19380521e+000 3.05477972e+000 3.06790264e+000 1.31229219e-002
 1.22522113e+000 3.22159672e+000 3.20362276e+000 1.79739665e-002
 1.25663706e+000 3.39005341e+000 3.34161850e+000 4.84349029e-002
 1.28805299e+000 3.55911968e+000 3.48175637e+000 7.73633152e-002
 1.31946891e+000 3.72779842e+000 3.62388980e+000 1.03908615e-001
 1.35088484e+000 3.89514914e+000 3.76785871e+000 1.27290429e-001
 1.38230077e+000 4.06030994e+000 3.91348887e+000 1.46821070e-001
 1.41371669e+000 4.22251697e+000 4.06059136e+000 1.61925607e-001
 1.44513262e+000 4.38112101e+000 4.20896203e+000 1.72158982e-001
 1.47654855e+000 4.53560054e+000 4.35838090e+000 1.77219641e-001
 1.50796447e+000 4.68557088e+000 4.50861158e+000 1.76959296e-001
 1.53938040e+000 4.83078919e+000 4.65940072e+000 1.71388472e-001
 1.57079633e+000 4.97115503e+000 4.81047738e+000 1.60677649e-001
 1.60221225e+000 5.10670637e+000 4.96155248e+000 1.45153888e-001
 1.63362818e+000 5.23761117e+000 5.11231819e+000 1.25292978e-001
 1.66504411e+000 5.36415458e+000 5.26244735e+000 1.01707236e-001
 1.69646003e+000 5.48672209e+000 5.41159287e+000 7.51292207e-002
 1.72787596e+000 5.60577893e+000 5.55938719e+000 4.63917459e-002
 1.75929189e+000 5.72184627e+000 5.70544161e+000 1.64046559e-002
 1.79070781e+000 5.83547478e+000 5.84934583e+000 1.38710482e-002
 1.82212374e+000 5.94721620e+000 5.99066728e+000 4.34510829e-002
 1.85353967e+000 6.05759358e+000 6.12895062e+000 7.13570333e-002
 1.88495559e+000 6.16707114e+000 6.26371715e+000 9.66460061e-002
 1.91637152e+000 6.27602433e+000 6.39446431e+000 1.18439984e-001
 1.94778745e+000 6.38471107e+000 6.52066514e+000 1.35954066e-001
 1.97920337e+000 6.49324496e+000 6.64176775e+000 1.48522788e-001
 2.01061930e+000 6.60157111e+000 6.75719486e+000 1.55623746e-001
 2.04203522e+000 6.70944552e+000 6.86634331e+000 1.56897794e-001
 2.07345115e+000 6.81641845e+000 6.96858362e+000 1.52165167e-001
 2.10486708e+000 6.92182262e+000 7.06325955e+000 1.41436931e-001
 2.13628300e+000 7.02476642e+000 7.14968773e+000 1.24921312e-001
 2.16769893e+000 7.12413273e+000 7.22715726e+000 1.03024530e-001
 2.19911486e+000 7.21858348e+000 7.29492939e+000 7.63459034e-002
 2.23053078e+000 7.30657008e+000 7.35223721e+000 4.56671282e-002
 2.26194671e+000 7.38634966e+000 7.39828542e+000 1.19357637e-002
 2.29336264e+000 7.45600695e+000 7.43225005e+000 2.37568979e-002
 2.32477856e+000 7.51348160e+000 7.45327834e+000 6.02032647e-002
 2.35619449e+000 7.55660028e+000 7.46048854e+000 9.61117359e-002
 2.38761042e+000 7.58311318e+000 7.45296991e+000 1.30143277e-001
 2.41902634e+000 7.59073422e+000 7.42978262e+000 1.60951597e-001
 2.45044227e+000 7.57718398e+000 7.38995783e+000 1.87226144e-001
 2.48185820e+000 7.54023481e+000 7.33249776e+000 2.07737050e-001
 2.51327412e+000 7.47775693e+000 7.25637583e+000 2.21381095e-001
 2.54469005e+000 7.38776465e+000 7.16053693e+000 2.27227722e-001
 2.57610598e+000 7.26846175e+000 7.04389766e+000 2.24564089e-001
 2.60752190e+000 7.11828494e+000 6.90534676e+000 2.12938187e-001
 2.63893783e+000 6.93594452e+000 6.74374551e+000 1.92199015e-001
 2.67035376e+000 6.72046125e+000 6.55792832e+000 1.62532924e-001
 2.70176968e+000 6.47119857e+000 6.34670335e+000 1.24495222e-001
 2.73318561e+000 6.18788949e+000 6.10885319e+000 7.90362992e-002
 2.76460154e+000 5.87065733e+000 5.84313575e+000 2.75215819e-002
 2.79601746e+000 5.52002989e+000 5.54828513e+000 2.82552371e-002
 2.82743339e+000 5.13694661e+000 5.22301271e+000 8.60661024e-002
 2.85884931e+000 4.72275833e+000 4.86600825e+000 1.43249913e-001
 2.89026524e+000 4.27921981e+000 4.47594118e+000 1.96721374e-001
 2.92168117e+000 3.80847466e+000 4.05146201e+000 2.42987355e-001
 2.95309709e+000 3.31303327e+000 3.59120382e+000 2.78170549e-001
 2.98451302e+000 2.79574379e+000 3.09378392e+000 2.98040125e-001
 3.01592895e+000 2.25975682e+000 2.55780566e+000 2.98048844e-001
 3.04734487e+000 1.70848432e+000 1.98186037e+000 2.73376053e-001
 3.07876080e+000 1.14555363e+000 1.36452942e+000 2.18975789e-001
 3.11017673e+000 5.74757345e-001 7.04386497e-001 1.29629152e-001
 3.14159265e+000 2.84454940e-015 2.83382392e-015 1.07254725e-017
