 0.00000000e+000 0.00000000e+000 0.00000000e+000 0.00000000e+000
 3.14159265e-002 5.39596117e-002 3.24132214e-002 2.15463903e-002
 6.28318531e-002 1.07737318e-001 6.68623449e-002 4.08749732e-002
 9.42477796e-002 1.61162486e-001 1.03409224e-001 5.77532615e-002
 1.25663706e-001 2.14086675e-001 1.42115451e-001 7.19712240e-002
 1.57079633e-001 2.66393874e-001 1.83042214e-001 8.33516601e-002
 1.88495559e-001 3.18009716e-001 2.26250143e-001 9.17595724e-002
 2.19911486e-001 3.68909404e-001 2.71799158e-001 9.71102459e-002
 2.51327412e-001 4.19124071e-001 3.19748292e-001 9.93757786e-002
 2.82743339e-001 4.68745374e-001 3.70155520e-001 9.85898534e-002
 3.14159265e-001 5.17928159e-001 4.23077568e-001 9.48505908e-002
 3.45575192e-001 5.66891096e-001 4.78569719e-001 8.83213768e-002
 3.76991118e-001 6.15915225e-001 5.36685605e-001 7.92296199e-002
 4.08407045e-001 6.65340442e-001 5.97476992e-001 6.78634498e-002
 4.39822972e-001 7.15559985e-001 6.60993554e-001 5.45664301e-002
 4.71238898e-001 7.67013053e-001 7.27282634e-001 3.97304182e-002
 5.02654825e-001 8.20175754e-001 7.96388999e-001 2.37867555e-002
 5.34070751e-001 8.75550606e-001 8.68354578e-001 7.19602774e-003
 5.65486678e-001 9.33654871e-001 9.43218198e-001 9.56332715e-003
 5.96902604e-001 9.95008054e-001 1.02101530e+000 2.60072445e-002
 6.28318531e-001 1.06011890e+000 1.10177764e+000 4.16587483e-002
 6.59734457e-001 1.12947222e+000 1.18553302e+000 5.60607927e-002
 6.91150384e-001 1.20351605e+000 1.27230491e+000 6.87888570e-002
 7.22566310e-001 1.28264925e+000 1.36211218e+000 7.94629251e-002
 7.53982237e-001 1.36721025e+000 1.45496874e+000 8.77584900e-002
 7.85398163e-001 1.45746695e+000 1.55088320e+000 9.34162472e-002
 8.16814090e-001 1.55360829e+000 1.64985847e+000 9.62501736e-002
 8.48230016e-001 1.65573771e+000 1.75189144e+000 9.61537279e-002
 8.79645943e-001 1.76386860e+000 1.85697256e+000 9.31039571e-002
 9.11061870e-001 1.87792211e+000 1.96508546e+000 8.71633492e-002
 9.42477796e-001 1.99772719e+000 2.07620652e+000 7.84793336e-002
 9.73893723e-001 2.12302308e+000 2.19030447e+000 6.72813936e-002
 1.00530965e+000 2.25346413e+000 2.30733996e+000 5.38758210e-002
 1.03672558e+000 2.38862685e+000 2.42726507e+000 3.86382119e-002
 1.06814150e+000 2.52801905e+000 2.55002291e+000 2.20038638e-002
 1.09955743e+000 2.67109085e+000 2.67554714e+000 4.45629937e-003
 1.13097336e+000 2.81724728e+000 2.80376147e+000 1.34858040e-002
 1.16238928e+000 2.96586214e+000 2.93457919e+000 3.12829485e-002
 1.19380521e+000 3.11629268e+000 3.06790264e+000 4.83900425e-002
 1.22522113e+000 3.26789487e+000 3.20362276e+000 6.42721138e-002
 1.25663706e+000 3.42003859e+000 3.34161850e+000 7.84200841e-002
 1.28805299e+000 3.57212253e+000 3.48175637e+000 9.03661657e-002
 1.31946891e+000 3.72358825e+000 3.62388980e+000 9.96984431e-002
 1.35088484e+000 3.87393293e+000 3.76785871e+000 1.06074213e-001
 1.38230077e+000 4.02272055e+000 3.91348887e+000 1.09231682e-001
 1.41371669e+000 4.16959101e+000 4.06059136e+000 1.08999654e-001
 1.44513262e+000 4.31426692e+000 4.20896203e+000 1.05304886e-001
 1.47654855e+000 4.45655774e+000 4.35838090e+000 9.81768432e-002
 1.50796447e+000 4.59636124e+000 4.50861158e+000 8.77496606e-002
 1.53938040e+000 4.73366188e+000 4.65940072e+000 7.42611602e-002
 1.57079633e+000 4.86852627e+000 4.81047738e+000 5.80488842e-002
 1.60221225e+000 5.00109564e+000 4.96155248e+000 3.95431551e-002
 1.63362818e+000 5.13157546e+000 5.11231819e+000 1.92572674e-002
 1.66504411e+000 5.26022234e+000 5.26244735e+000 2.22500792e-003
 1.69646003e+000 5.38732852e+000 5.41159287e+000 2.42643493e-002
 1.72787596e+000 5.51320428e+000 5.55938719e+000 4.61829088e-002
 1.75929189e+000 5.63815857e+000 5.70544161e+000 6.72830408e-002
 1.79070781e+000 5.76247855e+000 5.84934583e+000 8.68672786e-002
 1.82212374e+000 5.88640822e+000 5.99066728e+000 1.04259061e-001
 1.85353967e+000 6.01012695e+000 6.12895062e+000 1.18823670e-001
 1.88495559e+000 6.13372833e+000 6.26371715e+000 1.29988813e-001
 1.91637152e+000 6.25720002e+000 6.39446431e+000 1.37264294e-001
 1.94778745e+000 6.38040496e+000 6.52066514e+000 1.40260180e-001
 1.97920337e+000 6.50306481e+000 6.64176775e+000 1.38702936e-001
 2.01061930e+000 6.62474587e+000 6.75719486e+000 1.32448991e-001
 2.04203522e+000 6.74484804e+000 6.86634331e+000 1.21495271e-001
 2.07345115e+000 6.86259736e+000 6.96858362e+000 1.05986266e-001
 2.10486708e+000 6.97704225e+000 7.06325955e+000 8.62173049e-002
 2.13628300e+000 7.08705400e+000 7.14968773e+000 6.26337340e-002
 2.16769893e+000 7.19133141e+000 7.22715726e+000 3.58258482e-002
 2.19911486e+000 7.28840992e+000 7.29492939e+000 6.51946040e-003
 2.23053078e+000 7.37667508e+000 7.35223721e+000 2.44378707e-002
 2.26194671e+000 7.45438027e+000 7.39828542e+000 5.60948517e-002
 2.29336264e+000 7.51966855e+000 7.43225005e+000 8.74184949e-002
 2.32477856e+000 7.57059822e+000 7.45327834e+000 1.17319881e-001
 2.35619449e+000 7.60517179e+000 7.46048854e+000 1.44683249e-001
 2.38761042e+000 7.62136783e+000 7.45296991e+000 1.68397919e-001
 2.41902634e+000 7.61717512e+000 7.42978262e+000 1.87392496e-001
 2.45044227e+000 7.59062855e+000 7.38995783e+000 2.00670717e-001
 2.48185820e+000 7.53984603e+000 7.33249776e+000 2.07348265e-001
 2.51327412e+000 7.46306565e+000 7.25637583e+000 2.06689818e-001
 2.54469005e+000 7.35868253e+000 7.16053693e+000 1.98145597e-001
 2.57610598e+000 7.22528430e+000 7.04389766e+000 1.81386643e-001
 2.60752190e+000 7.06168484e+000 6.90534676e+000 1.56338088e-001
 2.63893783e+000 6.86695519e+000 6.74374551e+000 1.23209686e-001
 2.67035376e+000 6.64045124e+000 6.55792832e+000 8.25229148e-002
 2.70176968e+000 6.38183738e+000 6.34670335e+000 3.51340285e-002
 2.73318561e+000 6.09110568e+000 6.10885319e+000 1.77475084e-002
 2.76460154e+000 5.76859006e+000 5.84313575e+000 7.45456848e-002
 2.79601746e+000 5.41497504e+000 5.54828513e+000 1.33310088e-001
 2.82743339e+000 5.03129889e+000 5.22301271e+000 1.91713815e-001
 2.85884931e+000 4.61895092e+000 4.86600825e+000 2.47057326e-001
 2.89026524e+000 4.17966289e+000 4.47594118e+000 2.96278296e-001
 2.92168117e+000 3.71549460e+000 4.05146201e+000 3.35967412e-001
 2.95309709e+000 3.22881388e+000 3.59120382e+000 3.62389936e-001
 2.98451302e+000 2.72227116e+000 3.09378392e+000 3.71512762e-001
 3.01592895e+000 2.19876911e+000 2.55780566e+000 3.59036549e-001
 3.04734487e+000 1.66142792e+000 1.98186037e+000 3.20432452e-001
 3.07876080e+000 1.11354656e+000 1.36452942e+000 2.50982863e-001
 3.11017673e+000 5.58561017e-001 7.04386497e-001 1.45825480e-001
 3.14159265e+000 2.58165475e-015 2.83382392e-015 2.52169177e-016
