 0.00000000e+000 0.00000000e+000 0.00000000e+000 0.00000000e+000
 3.14159265e-002 6.69913566e-002 3.24132214e-002 3.45781352e-002
 6.28318531e-002 1.33602829e-001 6.68623449e-002 6.67404842e-002
 9.42477796e-002 1.99471549e-001 1.03409224e-001 9.60623249e-002
 1.25663706e-001 2.64268172e-001 1.42115451e-001 1.22152720e-001
 1.57079633e-001 3.27712375e-001 1.83042214e-001 1.44670162e-001
 1.88495559e-001 3.89586893e-001 2.26250143e-001 1.63336750e-001
 2.19911486e-001 4.49749642e-001 2.71799158e-001 1.77950485e-001
 2.51327412e-001 5.08143585e-001 3.19748292e-001 1.88395293e-001
 2.82743339e-001 5.64804003e-001 3.70155520e-001 1.94648483e-001
 3.14159265e-001 6.19862958e-001 4.23077568e-001 1.96785390e-001
 3.45575192e-001 6.73550767e-001 4.78569719e-001 1.94981048e-001
 3.76991118e-001 7.26194432e-001 5.36685605e-001 1.89508827e-001
 4.08407045e-001 7.78213025e-001 5.97476992e-001 1.80736032e-001
 4.39822972e-001 8.30110129e-001 6.60993554e-001 1.69116574e-001
 4.71238898e-001 8.82463522e-001 7.27282634e-001 1.55180888e-001
 5.02654825e-001 9.35912362e-001 7.96388999e-001 1.39523363e-001
 5.34070751e-001 9.91142202e-001 8.68354578e-001 1.22787624e-001
 5.65486678e-001 1.04886825e+000 9.43218198e-001 1.05650056e-001
 5.96902604e-001 1.10981733e+000 1.02101530e+000 8.88020335e-002
 6.28318531e-001 1.17470898e+000 1.10177764e+000 7.29313398e-002
 6.59734457e-001 1.24423633e+000 1.18553302e+000 5.87033087e-002
 6.91150384e-001 1.31904713e+000 1.27230491e+000 4.67422198e-002
 7.22566310e-001 1.39972567e+000 1.36211218e+000 3.76134865e-002
 7.53982237e-001 1.48677590e+000 1.45496874e+000 3.18071573e-002
 7.85398163e-001 1.58060642e+000 1.55088320e+000 2.97232212e-002
 8.16814090e-001 1.68151763e+000 1.64985847e+000 3.16591663e-002
 8.48230016e-001 1.78969162e+000 1.75189144e+000 3.78001816e-002
 8.79645943e-001 1.90518489e+000 1.85697256e+000 4.82123259e-002
 9.11061870e-001 2.02792437e+000 1.96508546e+000 6.28389096e-002
 9.42477796e-001 2.15770677e+000 2.07620652e+000 8.15002489e-002
 9.73893723e-001 2.29420134e+000 2.19030447e+000 1.03896863e-001
 1.00530965e+000 2.43695605e+000 2.30733996e+000 1.29616090e-001
 1.03672558e+000 2.58540706e+000 2.42726507e+000 1.58141999e-001
 1.06814150e+000 2.73889130e+000 2.55002291e+000 1.88868389e-001
 1.09955743e+000 2.89666172e+000 2.67554714e+000 2.21114577e-001
 1.13097336e+000 3.05790506e+000 2.80376147e+000 2.54143582e-001
 1.16238928e+000 3.22176145e+000 2.93457919e+000 2.87182259e-001
 1.19380521e+000 3.38734550e+000 3.06790264e+000 3.19442858e-001
 1.22522113e+000 3.55376821e+000 3.20362276e+000 3.50145452e-001
 1.25663706e+000 3.72015912e+000 3.34161850e+000 3.78540617e-001
 1.28805299e+000 3.88568812e+000 3.48175637e+000 4.03931750e-001
 1.31946891e+000 4.04958622e+000 3.62388980e+000 4.25696413e-001
 1.35088484e+000 4.21116478e+000 3.76785871e+000 4.43306063e-001
 1.38230077e+000 4.36983249e+000 3.91348887e+000 4.56343624e-001
 1.41371669e+000 4.52510969e+000 4.06059136e+000 4.64518329e-001
 1.44513262e+000 4.67663942e+000 4.20896203e+000 4.67677388e-001
 1.47654855e+000 4.82419496e+000 4.35838090e+000 4.65814063e-001
 1.50796447e+000 4.96768343e+000 4.50861158e+000 4.59071846e-001
 1.53938040e+000 5.10714523e+000 4.65940072e+000 4.47744515e-001
 1.57079633e+000 5.24274935e+000 4.81047738e+000 4.32271967e-001
 1.60221225e+000 5.37478430e+000 4.96155248e+000 4.13231816e-001
 1.63362818e+000 5.50364505e+000 5.11231819e+000 3.91326861e-001
 1.66504411e+000 5.62981601e+000 5.26244735e+000 3.67368660e-001
 1.69646003e+000 5.75385040e+000 5.41159287e+000 3.42257527e-001
 1.72787596e+000 5.87634656e+000 5.55938719e+000 3.16959375e-001
 1.75929189e+000 5.99792157e+000 5.70544161e+000 2.92479957e-001
 1.79070781e+000 6.11918292e+000 5.84934583e+000 2.69837091e-001
 1.82212374e+000 6.24069883e+000 5.99066728e+000 2.50031550e-001
 1.85353967e+000 6.36296798e+000 6.12895062e+000 2.34017361e-001
 1.88495559e+000 6.48638942e+000 6.26371715e+000 2.22672273e-001
 1.91637152e+000 6.61123349e+000 6.39446431e+000 2.16769184e-001
 1.94778745e+000 6.73761446e+000 6.52066514e+000 2.16949322e-001
 1.97920337e+000 6.86546569e+000 6.64176775e+000 2.23697941e-001
 2.01061930e+000 6.99451814e+000 6.75719486e+000 2.37323275e-001
 2.04203522e+000 7.12428273e+000 6.86634331e+000 2.57939417e-001
 2.07345115e+000 7.25403734e+000 6.96858362e+000 2.85453722e-001
 2.10486708e+000 7.38281881e+000 7.06325955e+000 3.19559252e-001
 2.13628300e+000 7.50942039e+000 7.14968773e+000 3.59732663e-001
 2.16769893e+000 7.63239507e+000 7.22715726e+000 4.05237813e-001
 2.19911486e+000 7.75006466e+000 7.29492939e+000 4.55135274e-001
 2.23053078e+000 7.86053497e+000 7.35223721e+000 5.08297755e-001
 2.26194671e+000 7.96171676e+000 7.39828542e+000 5.63431335e-001
 2.29336264e+000 8.05135233e+000 7.43225005e+000 6.19102272e-001
 2.32477856e+000 8.12704732e+000 7.45327834e+000 6.73768985e-001
 2.35619449e+000 8.18630727e+000 7.46048854e+000 7.25818734e-001
 2.38761042e+000 8.22657824e+000 7.45296991e+000 7.73608334e-001
 2.41902634e+000 8.24529082e+000 7.42978262e+000 8.15508202e-001
 2.45044227e+000 8.23990672e+000 7.38995783e+000 8.49948889e-001
 2.48185820e+000 8.20796696e+000 7.33249776e+000 8.75469200e-001
 2.51327412e+000 8.14714078e+000 7.25637583e+000 8.90764946e-001
 2.54469005e+000 8.05527426e+000 7.16053693e+000 8.94737325e-001
 2.57610598e+000 7.93043757e+000 7.04389766e+000 8.86539912e-001
 2.60752190e+000 7.77097003e+000 6.90534676e+000 8.65623275e-001
 2.63893783e+000 7.57552172e+000 6.74374551e+000 8.31776212e-001
 2.67035376e+000 7.34309102e+000 6.55792832e+000 7.85162696e-001
 2.70176968e+000 7.07305702e+000 6.34670335e+000 7.26353677e-001
 2.73318561e+000 6.76520615e+000 6.10885319e+000 6.56352963e-001
 2.76460154e+000 6.41975228e+000 5.84313575e+000 5.76616531e-001
 2.79601746e+000 6.03734987e+000 5.54828513e+000 4.89064739e-001
 2.82743339e+000 5.61909975e+000 5.22301271e+000 3.96087038e-001
 2.85884931e+000 5.16654718e+000 4.86600825e+000 3.00538933e-001
 2.89026524e+000 4.68167229e+000 4.47594118e+000 2.05731104e-001
 2.92168117e+000 4.16687276e+000 4.05146201e+000 1.15410747e-001
 2.95309709e+000 3.62493916e+000 3.59120382e+000 3.37353428e-002
 2.98451302e+000 3.05902315e+000 3.09378392e+000 3.47607643e-002
 3.01592895e+000 2.47259919e+000 2.55780566e+000 8.52064710e-002
 3.04734487e+000 1.86942032e+000 1.98186037e+000 1.12440046e-001
 3.07876080e+000 1.25346890e+000 1.36452942e+000 1.11060516e-001
 3.11017673e+000 6.28903072e-001 7.04386497e-001 7.54834256e-002
 3.14159265e+000 1.89514086e-015 2.83382392e-015 9.38683060e-016
