 0.00000000e+000 0.00000000e+000 0.00000000e+000 0.00000000e+000
 3.14159265e-002 8.78778978e-002 3.24132214e-002 5.54646765e-002
 6.28318531e-002 1.74865832e-001 6.68623449e-002 1.08003487e-001
 9.42477796e-002 2.60101276e-001 1.03409224e-001 1.56692052e-001
 1.25663706e-001 3.42775846e-001 1.42115451e-001 2.00660395e-001
 1.57079633e-001 4.22160562e-001 1.83042214e-001 2.39118348e-001
 1.88495559e-001 4.97628983e-001 2.26250143e-001 2.71378840e-001
 2.19911486e-001 5.68677610e-001 2.71799158e-001 2.96878452e-001
 2.51327412e-001 6.34942990e-001 3.19748292e-001 3.15194697e-001
 2.82743339e-001 6.96215074e-001 3.70155520e-001 3.26059554e-001
 3.14159265e-001 7.52446456e-001 4.23077568e-001 3.29368888e-001
 3.45575192e-001 8.03757235e-001 4.78569719e-001 3.25187516e-001
 3.76991118e-001 8.50435363e-001 5.36685605e-001 3.13749758e-001
 4.08407045e-001 8.92932449e-001 5.97476992e-001 2.95455457e-001
 4.39822972e-001 9.31855121e-001 6.60993554e-001 2.70861567e-001
 4.71238898e-001 9.67952147e-001 7.27282634e-001 2.40669512e-001
 5.02654825e-001 1.00209765e+000 7.96388999e-001 2.05708647e-001
 5.34070751e-001 1.03527082e+000 8.68354578e-001 1.66916240e-001
 5.65486678e-001 1.06853271e+000 9.43218198e-001 1.25314508e-001
 5.96902604e-001 1.10300059e+000 1.02101530e+000 8.19852872e-002
 6.28318531e-001 1.13982066e+000 1.10177764e+000 3.80430174e-002
 6.59734457e-001 1.18013975e+000 1.18553302e+000 5.39326319e-003
 6.91150384e-001 1.22507674e+000 1.27230491e+000 4.72281685e-002
 7.22566310e-001 1.27569446e+000 1.36211218e+000 8.64177171e-002
 7.53982237e-001 1.33297289e+000 1.45496874e+000 1.21995850e-001
 7.85398163e-001 1.39778419e+000 1.55088320e+000 1.53099006e-001
 8.16814090e-001 1.47087036e+000 1.64985847e+000 1.78988103e-001
 8.48230016e-001 1.55282412e+000 1.75189144e+000 1.99067318e-001
 8.79645943e-001 1.64407338e+000 1.85697256e+000 2.12899176e-001
 9.11061870e-001 1.74486994e+000 1.96508546e+000 2.20215514e-001
 9.42477796e-001 1.85528250e+000 2.07620652e+000 2.20924019e-001
 9.73893723e-001 1.97519433e+000 2.19030447e+000 2.15110142e-001
 1.00530965e+000 2.10430563e+000 2.30733996e+000 2.03034323e-001
 1.03672558e+000 2.24214050e+000 2.42726507e+000 1.85124561e-001
 1.06814150e+000 2.38805838e+000 2.55002291e+000 1.61964528e-001
 1.09955743e+000 2.54126966e+000 2.67554714e+000 1.34277484e-001
 1.13097336e+000 2.70085504e+000 2.80376147e+000 1.02906431e-001
 1.16238928e+000 2.86578819e+000 2.93457919e+000 6.87909961e-002
 1.19380521e+000 3.03496100e+000 3.06790264e+000 3.29416392e-002
 1.22522113e+000 3.20721089e+000 3.20362276e+000 3.58813473e-003
 1.25663706e+000 3.38134934e+000 3.34161850e+000 3.97308326e-002
 1.28805299e+000 3.55619090e+000 3.48175637e+000 7.44345305e-002
 1.31946891e+000 3.73058194e+000 3.62388980e+000 1.06692140e-001
 1.35088484e+000 3.90342831e+000 3.76785871e+000 1.35569594e-001
 1.38230077e+000 4.07372106e+000 3.91348887e+000 1.60232193e-001
 1.41371669e+000 4.24055973e+000 4.06059136e+000 1.79968367e-001
 1.44513262e+000 4.40317225e+000 4.20896203e+000 1.94210215e-001
 1.47654855e+000 4.56093110e+000 4.35838090e+000 2.02550206e-001
 1.50796447e+000 4.71336516e+000 4.50861158e+000 2.04753575e-001
 1.53938040e+000 4.86016674e+000 4.65940072e+000 2.00766017e-001
 1.57079633e+000 5.00119380e+000 4.81047738e+000 1.90716422e-001
 1.60221225e+000 5.13646699e+000 4.96155248e+000 1.74914508e-001
 1.63362818e+000 5.26616156e+000 5.11231819e+000 1.53843367e-001
 1.66504411e+000 5.39059439e+000 5.26244735e+000 1.28147040e-001
 1.69646003e+000 5.51020627e+000 5.41159287e+000 9.86133938e-002
 1.72787596e+000 5.62553989e+000 5.55938719e+000 6.61527082e-002
 1.75929189e+000 5.73721408e+000 5.70544161e+000 3.17724644e-002
 1.79070781e+000 5.84589481e+000 5.84934583e+000 3.45101928e-003
 1.82212374e+000 5.95226388e+000 5.99066728e+000 3.84033970e-002
 1.85353967e+000 6.05698586e+000 6.12895062e+000 7.19647504e-002
 1.88495559e+000 6.16067431e+000 6.26371715e+000 1.03042835e-001
 1.91637152e+000 6.26385809e+000 6.39446431e+000 1.30606224e-001
 1.94778745e+000 6.36694869e+000 6.52066514e+000 1.53716445e-001
 1.97920337e+000 6.47020955e+000 6.64176775e+000 1.71558196e-001
 2.01061930e+000 6.57372808e+000 6.75719486e+000 1.83466783e-001
 2.04203522e+000 6.67739137e+000 6.86634331e+000 1.88951938e-001
 2.07345115e+000 6.78086633e+000 6.96858362e+000 1.87717289e-001
 2.10486708e+000 6.88358476e+000 7.06325955e+000 1.79674800e-001
 2.13628300e+000 6.98473408e+000 7.14968773e+000 1.64953650e-001
 2.16769893e+000 7.08325413e+000 7.22715726e+000 1.43903124e-001
 2.19911486e+000 7.17784016e+000 7.29492939e+000 1.17089222e-001
 2.23053078e+000 7.26695235e+000 7.35223721e+000 8.52848588e-002
 2.26194671e+000 7.34883177e+000 7.39828542e+000 4.94536549e-002
 2.29336264e+000 7.42152256e+000 7.43225005e+000 1.07274969e-002
 2.32477856e+000 7.48290015e+000 7.45327834e+000 2.96218182e-002
 2.35619449e+000 7.53070492e+000 7.46048854e+000 7.02163853e-002
 2.38761042e+000 7.56258074e+000 7.45296991e+000 1.09610830e-001
 2.41902634e+000 7.57611767e+000 7.42978262e+000 1.46335050e-001
 2.45044227e+000 7.56889805e+000 7.38995783e+000 1.78940217e-001
 2.48185820e+000 7.53854485e+000 7.33249776e+000 2.06047088e-001
 2.51327412e+000 7.48277146e+000 7.25637583e+000 2.26395621e-001
 2.54469005e+000 7.39943176e+000 7.16053693e+000 2.38894829e-001
 2.57610598e+000 7.28656944e+000 7.04389766e+000 2.42671776e-001
 2.60752190e+000 7.14246538e+000 6.90534676e+000 2.37118626e-001
 2.63893783e+000 6.96568218e+000 6.74374551e+000 2.21936671e-001
 2.67035376e+000 6.75510463e+000 6.55792832e+000 1.97176308e-001
 2.70176968e+000 6.50997537e+000 6.34670335e+000 1.63272024e-001
 2.73318561e+000 6.22992471e+000 6.10885319e+000 1.21071517e-001
 2.76460154e+000 5.91499395e+000 5.84313575e+000 7.18582037e-002
 2.79601746e+000 5.56565165e+000 5.54828513e+000 1.73665161e-002
 2.82743339e+000 5.18280220e+000 5.22301271e+000 4.02105056e-002
 2.85884931e+000 4.76778663e+000 4.86600825e+000 9.82216195e-002
 2.89026524e+000 4.32237524e+000 4.47594118e+000 1.53565939e-001
 2.92168117e+000 3.84875240e+000 4.05146201e+000 2.02709615e-001
 2.95309709e+000 3.34949337e+000 3.59120382e+000 2.41710447e-001
 2.98451302e+000 2.82753386e+000 3.09378392e+000 2.66250057e-001
 3.01592895e+000 2.28613255e+000 2.55780566e+000 2.71673106e-001
 3.04734487e+000 1.72882749e+000 1.98186037e+000 2.53032877e-001
 3.07876080e+000 1.15938700e+000 1.36452942e+000 2.05142414e-001
 3.11017673e+000 5.81756204e-001 7.04386497e-001 1.22630294e-001
 3.14159265e+000 1.59420378e-015 2.83382392e-015 1.23962014e-015
