 0.00000000e+000 0.00000000e+000 0.00000000e+000 0.00000000e+000
 3.14159265e-002 5.34596740e-002 3.24132214e-002 2.10464527e-002
 6.28318531e-002 1.06747649e-001 6.68623449e-002 3.98853037e-002
 9.42477796e-002 1.59703260e-001 1.03409224e-001 5.62940362e-002
 1.25663706e-001 2.12187575e-001 1.42115451e-001 7.00721241e-002
 1.57079633e-001 2.64093401e-001 1.83042214e-001 8.10511878e-002
 1.88495559e-001 3.15354308e-001 2.26250143e-001 8.91041649e-002
 2.19911486e-001 3.65952366e-001 2.71799158e-001 9.41532082e-002
 2.51327412e-001 4.15924354e-001 3.19748292e-001 9.61760617e-002
 2.82743339e-001 4.65366226e-001 3.70155520e-001 9.52107059e-002
 3.14159265e-001 5.14435686e-001 4.23077568e-001 9.13581175e-002
 3.45575192e-001 5.63352757e-001 4.78569719e-001 8.47830379e-002
 3.76991118e-001 6.12398313e-001 5.36685605e-001 7.57127077e-002
 4.08407045e-001 6.61910570e-001 5.97476992e-001 6.44335780e-002
 4.39822972e-001 7.12279627e-001 6.60993554e-001 5.12860730e-002
 4.71238898e-001 7.63940168e-001 7.27282634e-001 3.66575331e-002
 5.02654825e-001 8.17362521e-001 7.96388999e-001 2.09735225e-002
 5.34070751e-001 8.73042313e-001 8.68354578e-001 4.68773496e-003
 5.65486678e-001 9.31488972e-001 9.43218198e-001 1.17292255e-002
 5.96902604e-001 9.93213422e-001 1.02101530e+000 2.78018765e-002
 6.28318531e-001 1.05871528e+000 1.10177764e+000 4.30623620e-002
 6.59734457e-001 1.12846995e+000 1.18553302e+000 5.70630705e-002
 6.91150384e-001 1.20291591e+000 1.27230491e+000 6.93890016e-002
 7.22566310e-001 1.28244266e+000 1.36211218e+000 7.96695155e-002
 7.53982237e-001 1.36737963e+000 1.45496874e+000 8.75891126e-002
 7.85398163e-001 1.45798628e+000 1.55088320e+000 9.28969130e-002
 8.16814090e-001 1.55444393e+000 1.64985847e+000 9.54145368e-002
 8.48230016e-001 1.65684931e+000 1.75189144e+000 9.50421258e-002
 8.79645943e-001 1.76521026e+000 1.85697256e+000 9.17622966e-002
 9.11061870e-001 1.87944359e+000 1.96508546e+000 8.56418688e-002
 9.42477796e-001 1.99937525e+000 2.07620652e+000 7.68312715e-002
 9.73893723e-001 2.12474288e+000 2.19030447e+000 6.55615958e-002
 1.00530965e+000 2.25520063e+000 2.30733996e+000 5.21393249e-002
 1.03672558e+000 2.39032623e+000 2.42726507e+000 3.69388395e-002
 1.06814150e+000 2.52963005e+000 2.55002291e+000 2.03928618e-002
 1.09955743e+000 2.67256609e+000 2.67554714e+000 2.98105760e-003
 1.13097336e+000 2.81854440e+000 2.80376147e+000 1.47829224e-002
 1.16238928e+000 2.96694482e+000 2.93457919e+000 3.23656371e-002
 1.19380521e+000 3.11713156e+000 3.06790264e+000 4.92289161e-002
 1.22522113e+000 3.26846814e+000 3.20362276e+000 6.48453866e-002
 1.25663706e+000 3.42033255e+000 3.34161850e+000 7.87140457e-002
 1.28805299e+000 3.57213181e+000 3.48175637e+000 9.03754427e-002
 1.31946891e+000 3.72331585e+000 3.62388980e+000 9.94260410e-002
 1.35088484e+000 3.87339005e+000 3.76785871e+000 1.05531339e-001
 1.38230077e+000 4.02192622e+000 3.91348887e+000 1.08437352e-001
 1.41371669e+000 4.16857146e+000 4.06059136e+000 1.07980098e-001
 1.44513262e+000 4.31305479e+000 4.20896203e+000 1.04092760e-001
 1.47654855e+000 4.45519118e+000 4.35838090e+000 9.68102834e-002
 1.50796447e+000 4.59488276e+000 4.50861158e+000 8.62711836e-002
 1.53938040e+000 4.73211718e+000 4.65940072e+000 7.27164567e-002
 1.57079633e+000 4.86696291e+000 4.81047738e+000 5.64855266e-002
 1.60221225e+000 4.99956174e+000 4.96155248e+000 3.80092558e-002
 1.63362818e+000 5.13011831e+000 5.11231819e+000 1.78001221e-002
 1.66504411e+000 5.25888709e+000 5.26244735e+000 3.56025716e-003
 1.69646003e+000 5.38615688e+000 5.41159287e+000 2.54359964e-002
 1.72787596e+000 5.51223331e+000 5.55938719e+000 4.71538786e-002
 1.75929189e+000 5.63741965e+000 5.70544161e+000 6.80219648e-002
 1.79070781e+000 5.76199641e+000 5.84934583e+000 8.73494250e-002
 1.82212374e+000 5.88620019e+000 5.99066728e+000 1.04467092e-001
 1.85353967e+000 6.01020241e+000 6.12895062e+000 1.18748209e-001
 1.88495559e+000 6.13408834e+000 6.26371715e+000 1.29628807e-001
 1.91637152e+000 6.25783716e+000 6.39446431e+000 1.36627152e-001
 1.94778745e+000 6.38130344e+000 6.52066514e+000 1.39361699e-001
 1.97920337e+000 6.50420075e+000 6.64176775e+000 1.37567000e-001
 2.01061930e+000 6.62608780e+000 6.75719486e+000 1.31107060e-001
 2.04203522e+000 6.74635765e+000 6.86634331e+000 1.19985662e-001
 2.07345115e+000 6.86423037e+000 6.96858362e+000 1.04353255e-001
 2.10486708e+000 6.97874950e+000 7.06325955e+000 8.45100579e-002
 2.13628300e+000 7.08878263e+000 7.14968773e+000 6.09051055e-002
 2.16769893e+000 7.19302619e+000 7.22715726e+000 3.41310681e-002
 2.19911486e+000 7.29001464e+000 7.29492939e+000 4.91474575e-003
 2.23053078e+000 7.37813396e+000 7.35223721e+000 2.58967472e-002
 2.26194671e+000 7.45563942e+000 7.39828542e+000 5.73539994e-002
 2.29336264e+000 7.52067737e+000 7.43225005e+000 8.84273134e-002
 2.32477856e+000 7.57131074e+000 7.45327834e+000 1.18032405e-001
 2.35619449e+000 7.60554793e+000 7.46048854e+000 1.45059393e-001
 2.38761042e+000 7.62137450e+000 7.45296991e+000 1.68404593e-001
 2.41902634e+000 7.61678718e+000 7.42978262e+000 1.87004565e-001
 2.45044227e+000 7.58982961e+000 7.38995783e+000 1.99871776e-001
 2.48185820e+000 7.53862897e+000 7.33249776e+000 2.06131206e-001
 2.51327412e+000 7.46143302e+000 7.25637583e+000 2.05057187e-001
 2.54469005e+000 7.35664664e+000 7.16053693e+000 1.96109712e-001
 2.57610598e+000 7.22286715e+000 7.04389766e+000 1.78969486e-001
 2.60752190e+000 7.05891772e+000 6.90534676e+000 1.53570963e-001
 2.63893783e+000 6.86387815e+000 6.74374551e+000 1.20132644e-001
 2.67035376e+000 6.63711230e+000 6.55792832e+000 7.91839751e-002
 2.70176968e+000 6.37829154e+000 6.34670335e+000 3.15881976e-002
 2.73318561e+000 6.08741380e+000 6.10885319e+000 2.14393910e-002
 2.76460154e+000 5.76481750e+000 5.84313575e+000 7.83182470e-002
 2.79601746e+000 5.41119029e+000 5.54828513e+000 1.37094843e-001
 2.82743339e+000 5.02757204e+000 5.22301271e+000 1.95440665e-001
 2.85884931e+000 4.61535214e+000 4.86600825e+000 2.50656109e-001
 2.89026524e+000 4.17626083e+000 4.47594118e+000 2.99680350e-001
 2.92168117e+000 3.71235490e+000 4.05146201e+000 3.39107112e-001
 2.95309709e+000 3.22599764e+000 3.59120382e+000 3.65206174e-001
 2.98451302e+000 2.71983360e+000 3.09378392e+000 3.73950318e-001
 3.01592895e+000 2.19675831e+000 2.55780566e+000 3.61047347e-001
 3.04734487e+000 1.65988372e+000 1.98186037e+000 3.21976651e-001
 3.07876080e+000 1.11249966e+000 1.36452942e+000 2.52029757e-001
 3.11017673e+000 5.58032293e-001 7.04386497e-001 1.46354204e-001
 3.14159265e+000 1.77980105e-015 2.83382392e-015 1.05402287e-015
