 0.00000000e+000 0.00000000e+000 0.00000000e+000 0.00000000e+000
 3.14159265e-002 4.67585119e-002 3.24132214e-002 1.43452905e-002
 6.28318531e-002 9.14785123e-002 6.68623449e-002 2.46161673e-002
 9.42477796e-002 1.32657004e-001 1.03409224e-001 2.92477800e-002
 1.25663706e-001 1.69742401e-001 1.42115451e-001 2.76269501e-002
 1.57079633e-001 2.03337529e-001 1.83042214e-001 2.02953157e-002
 1.88495559e-001 2.35143359e-001 2.26250143e-001 8.89321604e-003
 2.19911486e-001 2.67654266e-001 2.71799158e-001 4.14489180e-003
 2.51327412e-001 3.03670469e-001 3.19748292e-001 1.60778228e-002
 2.82743339e-001 3.45733846e-001 3.70155520e-001 2.44216744e-002
 3.14159265e-001 3.95610563e-001 4.23077568e-001 2.74670054e-002
 3.45575192e-001 4.53934182e-001 4.78569719e-001 2.46355370e-002
 3.76991118e-001 5.20088128e-001 5.36685605e-001 1.65974775e-002
 4.08407045e-001 5.92354320e-001 5.97476992e-001 5.12267217e-003
 4.39822972e-001 6.68296731e-001 6.60993554e-001 7.30317617e-003
 4.71238898e-001 7.45297322e-001 7.27282634e-001 1.80146873e-002
 5.02654825e-001 8.21128568e-001 7.96388999e-001 2.47395689e-002
 5.34070751e-001 8.94438721e-001 8.68354578e-001 2.60841427e-002
 5.65486678e-001 9.65045030e-001 9.43218198e-001 2.18268322e-002
 5.96902604e-001 1.03397200e+000 1.02101530e+000 1.29566981e-002
 6.28318531e-001 1.10322732e+000 1.10177764e+000 1.44967885e-003
 6.59734457e-001 1.17536531e+000 1.18553302e+000 1.01677114e-002
 6.91150384e-001 1.25293355e+000 1.27230491e+000 1.93713541e-002
 7.22566310e-001 1.33792397e+000 1.36211218e+000 2.41882066e-002
 7.53982237e-001 1.43134760e+000 1.45496874e+000 2.36211411e-002
 7.85398163e-001 1.53302526e+000 1.55088320e+000 1.78579322e-002
 8.16814090e-001 1.64163851e+000 1.64985847e+000 8.21996157e-003
 8.48230016e-001 1.75502808e+000 1.75189144e+000 3.13663845e-003
 8.79645943e-001 1.87067308e+000 1.85697256e+000 1.37005205e-002
 9.11061870e-001 1.98624461e+000 1.96508546e+000 2.11591482e-002
 9.42477796e-001 2.10011179e+000 2.07620652e+000 2.39052712e-002
 9.73893723e-001 2.21168930e+000 2.19030447e+000 2.13848214e-002
 1.00530965e+000 2.32155054e+000 2.30733996e+000 1.42105866e-002
 1.03672558e+000 2.43128299e+000 2.42726507e+000 4.01792530e-003
 1.06814150e+000 2.54311865e+000 2.55002291e+000 6.90426151e-003
 1.09955743e+000 2.65942249e+000 2.67554714e+000 1.61246530e-002
 1.13097336e+000 2.78215243e+000 2.80376147e+000 2.16090426e-002
 1.16238928e+000 2.91241041e+000 2.93457919e+000 2.21687744e-002
 1.19380521e+000 3.05018346e+000 3.06790264e+000 1.77191845e-002
 1.22522113e+000 3.19433117e+000 3.20362276e+000 9.29158323e-003
 1.25663706e+000 3.34282136e+000 3.34161850e+000 1.20285366e-003
 1.28805299e+000 3.49316022e+000 3.48175637e+000 1.14038586e-002
 1.31946891e+000 3.64292080e+000 3.62388980e+000 1.90309927e-002
 1.35088484e+000 3.79025133e+000 3.76785871e+000 2.23926200e-002
 1.38230077e+000 3.93425042e+000 3.91348887e+000 2.07615477e-002
 1.41371669e+000 4.07512523e+000 4.06059136e+000 1.45338663e-002
 1.44513262e+000 4.21409803e+000 4.20896203e+000 5.13600380e-003
 1.47654855e+000 4.35308215e+000 4.35838090e+000 5.29875124e-003
 1.50796447e+000 4.49420007e+000 4.50861158e+000 1.44115127e-002
 1.53938040e+000 4.63925187e+000 4.65940072e+000 2.01488511e-002
 1.57079633e+000 4.78925288e+000 4.81047738e+000 2.12245028e-002
 1.60221225e+000 4.94414439e+000 4.96155248e+000 1.74080922e-002
 1.63362818e+000 5.10274225e+000 5.11231819e+000 9.57593823e-003
 1.66504411e+000 5.26293500e+000 5.26244735e+000 4.87655832e-004
 1.69646003e+000 5.42208705e+000 5.41159287e+000 1.04941796e-002
 1.72787596e+000 5.57755626e+000 5.55938719e+000 1.81690784e-002
 1.75929189e+000 5.72720922e+000 5.70544161e+000 2.17676086e-002
 1.79070781e+000 5.86981765e+000 5.84934583e+000 2.04718150e-002
 1.82212374e+000 6.00524570e+000 5.99066728e+000 1.45784144e-002
 1.85353967e+000 6.13438480e+000 6.12895062e+000 5.43418149e-003
 1.88495559e+000 6.25884944e+000 6.26371715e+000 4.86771039e-003
 1.91637152e+000 6.38050156e+000 6.39446431e+000 1.39627537e-002
 1.94778745e+000 6.50091049e+000 6.52066514e+000 1.97546470e-002
 1.97920337e+000 6.62087079e+000 6.64176775e+000 2.08969591e-002
 2.01061930e+000 6.74008816e+000 6.75719486e+000 1.71066970e-002
 2.04203522e+000 6.85710655e+000 6.86634331e+000 9.23676721e-003
 2.07345115e+000 6.96949515e+000 6.96858362e+000 9.11530366e-004
 2.10486708e+000 7.07425536e+000 7.06325955e+000 1.09958022e-002
 2.13628300e+000 7.16835658e+000 7.14968773e+000 1.86688434e-002
 2.16769893e+000 7.24927969e+000 7.22715726e+000 2.21224319e-002
 2.19911486e+000 7.31544309e+000 7.29492939e+000 2.05137030e-002
 2.23053078e+000 7.36641133e+000 7.35223721e+000 1.41741172e-002
 2.26194671e+000 7.40283462e+000 7.39828542e+000 4.54920070e-003
 2.29336264e+000 7.42612816e+000 7.43225005e+000 6.12189044e-003
 2.32477856e+000 7.43796042e+000 7.45327834e+000 1.53179204e-002
 2.35619449e+000 7.43966487e+000 7.46048854e+000 2.08236671e-002
 2.38761042e+000 7.43171027e+000 7.45296991e+000 2.12596392e-002
 2.41902634e+000 7.41335410e+000 7.42978262e+000 1.64285208e-002
 2.45044227e+000 7.38256548e+000 7.38995783e+000 7.39235224e-003
 2.48185820e+000 7.33624358e+000 7.33249776e+000 3.74581490e-003
 2.51327412e+000 7.27069026e+000 7.25637583e+000 1.43144208e-002
 2.54469005e+000 7.18223518e+000 7.16053693e+000 2.16982529e-002
 2.57610598e+000 7.06787218e+000 7.04389766e+000 2.39745195e-002
 2.60752190e+000 6.92575718e+000 6.90534676e+000 2.04104241e-002
 2.63893783e+000 6.75544331e+000 6.74374551e+000 1.16978043e-002
 2.67035376e+000 6.55778355e+000 6.55792832e+000 1.44775872e-004
 2.70176968e+000 6.33450465e+000 6.34670335e+000 1.21986976e-002
 2.73318561e+000 6.08753272e+000 6.10885319e+000 2.13204674e-002
 2.76460154e+000 5.81821342e+000 5.84313575e+000 2.49223277e-002
 2.79601746e+000 5.52660468e+000 5.54828513e+000 2.16804457e-002
 2.82743339e+000 5.21101773e+000 5.22301271e+000 1.19949791e-002
 2.85884931e+000 4.86794155e+000 4.86600825e+000 1.93329986e-003
 2.89026524e+000 4.49241453e+000 4.47594118e+000 1.64733521e-002
 2.92168117e+000 4.07881721e+000 4.05146201e+000 2.73552030e-002
 2.95309709e+000 3.62197076e+000 3.59120382e+000 3.07669443e-002
 2.98451302e+000 3.11835532e+000 3.09378392e+000 2.45714066e-002
 3.01592895e+000 2.56722532e+000 2.55780566e+000 9.41965730e-003
 3.04734487e+000 1.97140453e+000 1.98186037e+000 1.04558392e-002
 3.07876080e+000 1.33759234e+000 1.36452942e+000 2.69370809e-002
 3.11017673e+000 6.76095287e-001 7.04386497e-001 2.82912104e-002
 3.14159265e+000 3.28079213e-015 2.83382392e-015 4.46968207e-016
