 0.00000000e+000 0.00000000e+000 0.00000000e+000 0.00000000e+000
 3.14159265e-002 -4.70161325e-003 3.24132214e-002 3.71148346e-002
 6.28318531e-002 -8.82268807e-003 6.68623449e-002 7.56850330e-002
 9.42477796e-002 -1.17830577e-002 1.03409224e-001 1.15192282e-001
 1.25663706e-001 -1.30034772e-002 1.42115451e-001 1.55118929e-001
 1.57079633e-001 -1.19065226e-002 1.83042214e-001 1.94948736e-001
 1.88495559e-001 -7.91799457e-003 2.26250143e-001 2.34168138e-001
 2.19911486e-001 -4.68961576e-004 2.71799158e-001 2.72268119e-001
 2.51327412e-001 1.10014540e-002 3.19748292e-001 3.08746838e-001
 2.82743339e-001 2.70424729e-002 3.70155520e-001 3.43113047e-001
 3.14159265e-001 4.81872051e-002 4.23077568e-001 3.74890363e-001
 3.45575192e-001 7.49473521e-002 4.78569719e-001 4.03622367e-001
 3.76991118e-001 1.07807113e-001 5.36685605e-001 4.28878493e-001
 4.08407045e-001 1.47216382e-001 5.97476992e-001 4.50260610e-001
 4.39822972e-001 1.93583380e-001 6.60993554e-001 4.67410174e-001
 4.71238898e-001 2.47266874e-001 7.27282634e-001 4.80015760e-001
 5.02654825e-001 3.08568203e-001 7.96388999e-001 4.87820796e-001
 5.34070751e-001 3.77723338e-001 8.68354578e-001 4.90631240e-001
 5.65486678e-001 4.54895233e-001 9.43218198e-001 4.88322964e-001
 5.96902604e-001 5.40166740e-001 1.02101530e+000 4.80848559e-001
 6.28318531e-001 6.33534356e-001 1.10177764e+000 4.68243288e-001
 6.59734457e-001 7.34903100e-001 1.18553302e+000 4.50629918e-001
 6.91150384e-001 8.44082751e-001 1.27230491e+000 4.28222156e-001
 7.22566310e-001 9.60785724e-001 1.36211218e+000 4.01326455e-001
 7.53982237e-001 1.08462678e+000 1.45496874e+000 3.70341965e-001
 7.85398163e-001 1.21512473e+000 1.55088320e+000 3.35758463e-001
 8.16814090e-001 1.35170634e+000 1.64985847e+000 2.98152126e-001
 8.48230016e-001 1.49371237e+000 1.75189144e+000 2.58179064e-001
 8.79645943e-001 1.64040596e+000 1.85697256e+000 2.16566601e-001
 9.11061870e-001 1.79098313e+000 1.96508546e+000 1.74102331e-001
 9.42477796e-001 1.94458546e+000 2.07620652e+000 1.31621066e-001
 9.73893723e-001 2.10031464e+000 2.19030447e+000 8.99898327e-002
 1.00530965e+000 2.25724880e+000 2.30733996e+000 5.00911554e-002
 1.03672558e+000 2.41446015e+000 2.42726507e+000 1.28049139e-002
 1.06814150e+000 2.57103379e+000 2.55002291e+000 2.10108749e-002
 1.09955743e+000 2.72608710e+000 2.67554714e+000 5.05399557e-002
 1.13097336e+000 2.87878945e+000 2.80376147e+000 7.50279761e-002
 1.16238928e+000 3.02838159e+000 2.93457919e+000 9.38024011e-002
 1.19380521e+000 3.17419435e+000 3.06790264e+000 1.06291709e-001
 1.22522113e+000 3.31566613e+000 3.20362276e+000 1.12043372e-001
 1.25663706e+000 3.45235862e+000 3.34161850e+000 1.10740116e-001
 1.28805299e+000 3.58397036e+000 3.48175637e+000 1.02213994e-001
 1.31946891e+000 3.71034761e+000 3.62388980e+000 8.64578011e-002
 1.35088484e+000 3.83149215e+000 3.76785871e+000 6.36334349e-002
 1.38230077e+000 3.94756571e+000 3.91348887e+000 3.40768392e-002
 1.41371669e+000 4.05889060e+000 4.06059136e+000 1.70076312e-003
 1.44513262e+000 4.16594647e+000 4.20896203e+000 4.30155646e-002
 1.47654855e+000 4.26936297e+000 4.35838090e+000 8.90179282e-002
 1.50796447e+000 4.36990833e+000 4.50861158e+000 1.38703248e-001
 1.53938040e+000 4.46847386e+000 4.65940072e+000 1.90926864e-001
 1.57079633e+000 4.56605450e+000 4.81047738e+000 2.44422881e-001
 1.60221225e+000 4.66372583e+000 4.96155248e+000 2.97826647e-001
 1.63362818e+000 4.76261765e+000 5.11231819e+000 3.49700542e-001
 1.66504411e+000 4.86388470e+000 5.26244735e+000 3.98562648e-001
 1.69646003e+000 4.96867510e+000 5.41159287e+000 4.42917770e-001
 1.72787596e+000 5.07809696e+000 5.55938719e+000 4.81290225e-001
 1.75929189e+000 5.19318390e+000 5.70544161e+000 5.12257713e-001
 1.79070781e+000 5.31486026e+000 5.84934583e+000 5.34485571e-001
 1.82212374e+000 5.44390662e+000 5.99066728e+000 5.46760658e-001
 1.85353967e+000 5.58092655e+000 6.12895062e+000 5.48024066e-001
 1.88495559e+000 5.72631523e+000 6.26371715e+000 5.37401912e-001
 1.91637152e+000 5.88023091e+000 6.39446431e+000 5.14233402e-001
 1.94778745e+000 6.04256968e+000 6.52066514e+000 4.78095455e-001
 1.97920337e+000 6.21294458e+000 6.64176775e+000 4.28823168e-001
 2.01061930e+000 6.39066936e+000 6.75719486e+000 3.66525497e-001
 2.04203522e+000 6.57474770e+000 6.86634331e+000 2.91595612e-001
 2.07345115e+000 6.76386818e+000 6.96858362e+000 2.04715446e-001
 2.10486708e+000 6.95640546e+000 7.06325955e+000 1.06854099e-001
 2.13628300e+000 7.15042787e+000 7.14968773e+000 7.40135205e-004
 2.16769893e+000 7.34371149e+000 7.22715726e+000 1.16554236e-001
 2.19911486e+000 7.53376077e+000 7.29492939e+000 2.38831389e-001
 2.23053078e+000 7.71783544e+000 7.35223721e+000 3.65598229e-001
 2.26194671e+000 7.89298351e+000 7.39828542e+000 4.94698087e-001
 2.29336264e+000 8.05607989e+000 7.43225005e+000 6.23829832e-001
 2.32477856e+000 8.20387008e+000 7.45327834e+000 7.50591741e-001
 2.35619449e+000 8.33301826e+000 7.46048854e+000 8.72529721e-001
 2.38761042e+000 8.44015902e+000 7.45296991e+000 9.87189115e-001
 2.41902634e+000 8.52195183e+000 7.42978262e+000 1.09216921e+000
 2.45044227e+000 8.57513733e+000 7.38995783e+000 1.18517950e+000
 2.48185820e+000 8.59659441e+000 7.33249776e+000 1.26409665e+000
 2.51327412e+000 8.58339708e+000 7.25637583e+000 1.32702124e+000
 2.54469005e+000 8.53286995e+000 7.16053693e+000 1.37233302e+000
 2.57610598e+000 8.44264140e+000 7.04389766e+000 1.39874374e+000
 2.60752190e+000 8.31069332e+000 6.90534676e+000 1.40534657e+000
 2.63893783e+000 8.13540636e+000 6.74374551e+000 1.39166086e+000
 2.67035376e+000 7.91559993e+000 6.55792832e+000 1.35767161e+000
 2.70176968e+000 7.65056591e+000 6.34670335e+000 1.30386257e+000
 2.73318561e+000 7.34009554e+000 6.10885319e+000 1.23124235e+000
 2.76460154e+000 6.98449861e+000 5.84313575e+000 1.14136286e+000
 2.79601746e+000 6.58461475e+000 5.54828513e+000 1.03632962e+000
 2.82743339e+000 6.14181627e+000 5.22301271e+000 9.18803566e-001
 2.85884931e+000 5.65800243e+000 4.86600825e+000 7.91994188e-001
 2.89026524e+000 5.13558515e+000 4.47594118e+000 6.59643971e-001
 2.92168117e+000 4.57746625e+000 4.05146201e+000 5.26004242e-001
 2.95309709e+000 3.98700655e+000 3.59120382e+000 3.95802736e-001
 2.98451302e+000 3.36798724e+000 3.09378392e+000 2.74203325e-001
 3.01592895e+000 2.72456416e+000 2.55780566e+000 1.66758500e-001
 3.04734487e+000 2.06121570e+000 1.98186037e+000 7.93553356e-002
 3.07876080e+000 1.38268522e+000 1.36452942e+000 1.81558027e-002
 3.11017673e+000 6.93918873e-001 7.04386497e-001 1.04676238e-002
 3.14159265e+000 3.16221656e-015 2.83382392e-015 3.28392633e-016
