 0.00000000e+000 0.00000000e+000 0.00000000e+000 0.00000000e+000
 3.14159265e-002 5.35229752e-002 3.24132214e-002 2.11097539e-002
 6.28318531e-002 1.06872297e-001 6.68623449e-002 4.00099522e-002
 9.42477796e-002 1.59885404e-001 1.03409224e-001 5.64761798e-002
 1.25663706e-001 2.12421572e-001 1.42115451e-001 7.03061211e-002
 1.57079633e-001 2.64371981e-001 1.83042214e-001 8.13297673e-002
 1.88495559e-001 3.15668776e-001 2.26250143e-001 8.94186333e-002
 2.19911486e-001 3.66292855e-001 2.71799158e-001 9.44936971e-002
 2.51327412e-001 4.16280101e-001 3.19748292e-001 9.65318091e-002
 2.82743339e-001 4.65725885e-001 3.70155520e-001 9.55703653e-002
 3.14159265e-001 5.14787652e-001 4.23077568e-001 9.17100835e-002
 3.45575192e-001 5.63685502e-001 4.78569719e-001 8.51157826e-002
 3.76991118e-001 6.12700721e-001 5.36685605e-001 7.60151159e-002
 4.08407045e-001 6.62172266e-001 5.97476992e-001 6.46952738e-002
 4.39822972e-001 7.12491282e-001 6.60993554e-001 5.14977278e-002
 4.71238898e-001 7.64093781e-001 7.27282634e-001 3.68111468e-002
 5.02654825e-001 8.17451669e-001 7.96388999e-001 2.10626700e-002
 5.34070751e-001 8.73062348e-001 8.68354578e-001 4.70777026e-003
 5.65486678e-001 9.31437186e-001 9.43218198e-001 1.17810123e-002
 5.96902604e-001 9.93089143e-001 1.02101530e+000 2.79261555e-002
 6.28318531e-001 1.05851993e+000 1.10177764e+000 4.32577146e-002
 6.59734457e-001 1.12820702e+000 1.18553302e+000 5.73259994e-002
 6.91150384e-001 1.20259091e+000 1.27230491e+000 6.97139980e-002
 7.22566310e-001 1.28206300e+000 1.36211218e+000 8.00491833e-002
 7.53982237e-001 1.36695440e+000 1.45496874e+000 8.80143468e-002
 7.85398163e-001 1.45752607e+000 1.55088320e+000 9.33571278e-002
 8.16814090e-001 1.55396053e+000 1.64985847e+000 9.58979378e-002
 8.48230016e-001 1.65635542e+000 1.75189144e+000 9.55360193e-002
 8.79645943e-001 1.76471913e+000 1.85697256e+000 9.22534293e-002
 9.11061870e-001 1.87896867e+000 1.96508546e+000 8.61167869e-002
 9.42477796e-001 1.99892983e+000 2.07620652e+000 7.72766923e-002
 9.73893723e-001 2.12433969e+000 2.19030447e+000 6.59647797e-002
 1.00530965e+000 2.25485152e+000 2.30733996e+000 5.24884393e-002
 1.03672558e+000 2.39004176e+000 2.42726507e+000 3.72233049e-002
 1.06814150e+000 2.52941924e+000 2.55002291e+000 2.06036686e-002
 1.09955743e+000 2.67243610e+000 2.67554714e+000 3.11104739e-003
 1.13097336e+000 2.81850030e+000 2.80376147e+000 1.47388212e-002
 1.16238928e+000 2.96698941e+000 2.93457919e+000 3.24102251e-002
 1.19380521e+000 3.11726524e+000 3.06790264e+000 4.93625965e-002
 1.22522113e+000 3.26868886e+000 3.20362276e+000 6.50661011e-002
 1.25663706e+000 3.42063578e+000 3.34161850e+000 7.90172741e-002
 1.28805299e+000 3.57251064e+000 3.48175637e+000 9.07542694e-002
 1.31946891e+000 3.72376109e+000 3.62388980e+000 9.98712860e-002
 1.35088484e+000 3.87389047e+000 3.76785871e+000 1.06031752e-001
 1.38230077e+000 4.02246874e+000 3.91348887e+000 1.08979867e-001
 1.41371669e+000 4.16914150e+000 4.06059136e+000 1.08550137e-001
 1.44513262e+000 4.31363662e+000 4.20896203e+000 1.04674593e-001
 1.47654855e+000 4.45576831e+000 4.35838090e+000 9.73874143e-002
 1.50796447e+000 4.59543836e+000 4.50861158e+000 8.68267754e-002
 1.53938040e+000 4.73263449e+000 4.65940072e+000 7.32337711e-002
 1.57079633e+000 4.86742575e+000 4.81047738e+000 5.69483731e-002
 1.60221225e+000 4.99995492e+000 4.96155248e+000 3.84024369e-002
 1.63362818e+000 5.13042805e+000 5.11231819e+000 1.81098651e-002
 1.66504411e+000 5.25910145e+000 5.26244735e+000 3.34589498e-003
 1.69646003e+000 5.38626612e+000 5.41159287e+000 2.53267578e-002
 1.72787596e+000 5.51223020e+000 5.55938719e+000 4.71569834e-002
 1.75929189e+000 5.63729977e+000 5.70544161e+000 6.81418417e-002
 1.79070781e+000 5.76175833e+000 5.84934583e+000 8.75875062e-002
 1.82212374e+000 5.88584560e+000 5.99066728e+000 1.04821678e-001
 1.85353967e+000 6.00973621e+000 6.12895062e+000 1.19214405e-001
 1.88495559e+000 6.13351861e+000 6.26371715e+000 1.30198540e-001
 1.91637152e+000 6.25717505e+000 6.39446431e+000 1.37289264e-001
 1.94778745e+000 6.38056302e+000 6.52066514e+000 1.40102116e-001
 1.97920337e+000 6.50339877e+000 6.64176775e+000 1.38368979e-001
 2.01061930e+000 6.62524336e+000 6.75719486e+000 1.31951505e-001
 2.04203522e+000 6.74549181e+000 6.86634331e+000 1.20851504e-001
 2.07345115e+000 6.86336573e+000 6.96858362e+000 1.05217889e-001
 2.10486708e+000 6.97790973e+000 7.06325955e+000 8.53498271e-002
 2.13628300e+000 7.08799191e+000 7.14968773e+000 6.16958214e-002
 2.16769893e+000 7.19230870e+000 7.22715726e+000 3.48485560e-002
 2.19911486e+000 7.28939398e+000 7.29492939e+000 5.53540299e-003
 2.23053078e+000 7.37763261e+000 7.35223721e+000 2.53953932e-002
 2.26194671e+000 7.45527817e+000 7.39828542e+000 5.69927461e-002
 2.29336264e+000 7.52047482e+000 7.43225005e+000 8.82247644e-002
 2.32477856e+000 7.57128283e+000 7.45327834e+000 1.18004489e-001
 2.35619449e+000 7.60570747e+000 7.46048854e+000 1.45218934e-001
 2.38761042e+000 7.62173085e+000 7.45296991e+000 1.68760940e-001
 2.41902634e+000 7.61734591e+000 7.42978262e+000 1.87563292e-001
 2.45044227e+000 7.59059229e+000 7.38995783e+000 2.00634458e-001
 2.48185820e+000 7.53959304e+000 7.33249776e+000 2.07095284e-001
 2.51327412e+000 7.46259175e+000 7.25637583e+000 2.06215917e-001
 2.54469005e+000 7.35798914e+000 7.16053693e+000 1.97452207e-001
 2.57610598e+000 7.22437851e+000 7.04389766e+000 1.80480845e-001
 2.60752190e+000 7.06057925e+000 6.90534676e+000 1.55232495e-001
 2.63893783e+000 6.86566768e+000 6.74374551e+000 1.21922174e-001
 2.67035376e+000 6.63900455e+000 6.55792832e+000 8.10762279e-002
 2.70176968e+000 6.38025860e+000 6.34670335e+000 3.35552572e-002
 2.73318561e+000 6.08942563e+000 6.10885319e+000 1.94275622e-002
 2.76460154e+000 5.76684251e+000 5.84313575e+000 7.62932364e-002
 2.79601746e+000 5.41319595e+000 5.54828513e+000 1.35089177e-001
 2.82743339e+000 5.02952554e+000 5.22301271e+000 1.93487169e-001
 2.85884931e+000 4.61722098e+000 4.86600825e+000 2.48787262e-001
 2.89026524e+000 4.17801355e+000 4.47594118e+000 2.97927632e-001
 2.92168117e+000 3.71396164e+000 4.05146201e+000 3.37500370e-001
 2.95309709e+000 3.22743080e+000 3.59120382e+000 3.63773019e-001
 2.98451302e+000 2.72106835e+000 3.09378392e+000 3.72715564e-001
 3.01592895e+000 2.19777316e+000 2.55780566e+000 3.60032502e-001
 3.04734487e+000 1.66066089e+000 1.98186037e+000 3.21199477e-001
 3.07876080e+000 1.11302551e+000 1.36452942e+000 2.51503908e-001
 3.11017673e+000 5.58297557e-001 7.04386497e-001 1.46088940e-001
 3.14159265e+000 2.57771033e-015 2.83382392e-015 2.56113596e-016
