 0.00000000e+000 0.00000000e+000 0.00000000e+000 0.00000000e+000
 3.14159265e-002 -4.12520667e-001 3.24132214e-002 4.44933888e-001
 6.28318531e-002 -5.36012241e-001 6.68623449e-002 6.02874586e-001
 9.42477796e-002 -2.72878032e-001 1.03409224e-001 3.76287257e-001
 1.25663706e-001 2.25983855e-001 1.42115451e-001 8.38684033e-002
 1.57079633e-001 6.76222252e-001 1.83042214e-001 4.93180038e-001
 1.88495559e-001 8.61972963e-001 2.26250143e-001 6.35722820e-001
 2.19911486e-001 7.79384465e-001 2.71799158e-001 5.07585307e-001
 2.51327412e-001 6.21920236e-001 3.19748292e-001 3.02171943e-001
 2.82743339e-001 6.24220713e-001 3.70155520e-001 2.54065193e-001
 3.14159265e-001 8.83052376e-001 4.23077568e-001 4.59974808e-001
 3.45575192e-001 1.28685438e+000 4.78569719e-001 8.08284663e-001
 3.76991118e-001 1.60184241e+000 5.36685605e-001 1.06515681e+000
 4.08407045e-001 1.64588855e+000 5.97476992e-001 1.04841155e+000
 4.39822972e-001 1.41835696e+000 6.60993554e-001 7.57363401e-001
 4.71238898e-001 1.09055551e+000 7.27282634e-001 3.63272877e-001
 5.02654825e-001 8.68547232e-001 7.96388999e-001 7.21582329e-002
 5.34070751e-001 8.36322761e-001 8.68354578e-001 3.20318168e-002
 5.65486678e-001 9.00190350e-001 9.43218198e-001 4.30278484e-002
 5.96902604e-001 8.75559455e-001 1.02101530e+000 1.45455844e-001
 6.28318531e-001 6.46242234e-001 1.10177764e+000 4.55535410e-001
 6.59734457e-001 2.69252952e-001 1.18553302e+000 9.16280065e-001
 6.91150384e-001 -6.04871148e-002 1.27230491e+000 1.33279202e+000
 7.22566310e-001 -1.61642368e-001 1.36211218e+000 1.52375455e+000
 7.53982237e-001 -1.62859335e-002 1.45496874e+000 1.47125468e+000
 7.85398163e-001 2.04483661e-001 1.55088320e+000 1.34639954e+000
 8.16814090e-001 2.69811734e-001 1.64985847e+000 1.38004673e+000
 8.48230016e-001 8.24297929e-002 1.75189144e+000 1.66946164e+000
 8.79645943e-001 -2.13344064e-001 1.85697256e+000 2.07031662e+000
 9.11061870e-001 -3.05283954e-001 1.96508546e+000 2.27036941e+000
 9.42477796e-001 6.62117900e-002 2.07620652e+000 2.00999473e+000
 9.73893723e-001 8.90693934e-001 2.19030447e+000 1.29961054e+000
 1.00530965e+000 1.83549291e+000 2.30733996e+000 4.71847046e-001
 1.03672558e+000 2.41509493e+000 2.42726507e+000 1.21701348e-002
 1.06814150e+000 2.28484291e+000 2.55002291e+000 2.65179999e-001
 1.09955743e+000 1.46822569e+000 2.67554714e+000 1.20732145e+000
 1.13097336e+000 3.62000838e-001 2.80376147e+000 2.44176064e+000
 1.16238928e+000 -4.93396039e-001 2.93457919e+000 3.42797523e+000
 1.19380521e+000 -7.35365516e-001 3.06790264e+000 3.80326816e+000
 1.22522113e+000 -3.87714004e-001 3.20362276e+000 3.59133676e+000
 1.25663706e+000 1.75600359e-001 3.34161850e+000 3.16601814e+000
 1.28805299e+000 4.85090956e-001 3.48175637e+000 2.99666541e+000
 1.31946891e+000 2.84232341e-001 3.62388980e+000 3.33965746e+000
 1.35088484e+000 -3.01642607e-001 3.76785871e+000 4.06950132e+000
 1.38230077e+000 -8.35737882e-001 3.91348887e+000 4.74922675e+000
 1.41371669e+000 -8.29009145e-001 4.06059136e+000 4.88960051e+000
 1.44513262e+000 -2.84968022e-002 4.20896203e+000 4.23745883e+000
 1.47654855e+000 1.43027977e+000 4.35838090e+000 2.92810112e+000
 1.50796447e+000 3.08144567e+000 4.50861158e+000 1.42716591e+000
 1.53938040e+000 4.35076124e+000 4.65940072e+000 3.08639480e-001
 1.57079633e+000 4.81604790e+000 4.81047738e+000 5.57051629e-003
 1.60221225e+000 4.37934427e+000 4.96155248e+000 5.82208210e-001
 1.63362818e+000 3.28424017e+000 5.11231819e+000 1.82807802e+000
 1.66504411e+000 1.98877826e+000 5.26244735e+000 3.27366909e+000
 1.69646003e+000 9.59613885e-001 5.41159287e+000 4.45197899e+000
 1.72787596e+000 4.73762137e-001 5.55938719e+000 5.08562505e+000
 1.75929189e+000 5.06628661e-001 5.70544161e+000 5.19881295e+000
 1.79070781e+000 7.57026265e-001 5.84934583e+000 5.09231957e+000
 1.82212374e+000 8.12510634e-001 5.99066728e+000 5.17815665e+000
 1.85353967e+000 3.95270619e-001 6.12895062e+000 5.73368000e+000
 1.88495559e+000 -4.28530004e-001 6.26371715e+000 6.69224715e+000
 1.91637152e+000 -1.20593385e+000 6.39446431e+000 7.60039816e+000
 1.94778745e+000 -1.28851252e+000 6.52066514e+000 7.80917766e+000
 1.97920337e+000 -1.98787038e-001 6.64176775e+000 6.84055479e+000
 2.01061930e+000 2.01404331e+000 6.75719486e+000 4.74315155e+000
 2.04203522e+000 4.65429581e+000 6.86634331e+000 2.21204750e+000
 2.07345115e+000 6.62238595e+000 6.96858362e+000 3.46197674e-001
 2.10486708e+000 6.94316455e+000 7.06325955e+000 1.20095006e-001
 2.13628300e+000 5.31038433e+000 7.14968773e+000 1.83930341e+000
 2.16769893e+000 2.32479115e+000 7.22715726e+000 4.90236611e+000
 2.19911486e+000 -7.52254861e-001 7.29492939e+000 8.04718425e+000
 2.23053078e+000 -2.63263570e+000 7.35223721e+000 9.98487291e+000
 2.26194671e+000 -2.68181725e+000 7.39828542e+000 1.00801027e+001
 2.29336264e+000 -1.25082907e+000 7.43225005e+000 8.68307913e+000
 2.32477856e+000 5.48578533e-001 7.45327834e+000 6.90469980e+000
 2.35619449e+000 1.50844274e+000 7.46048854e+000 5.95204580e+000
 2.38761042e+000 1.04322301e+000 7.45296991e+000 6.40974690e+000
 2.41902634e+000 -4.64369833e-001 7.42978262e+000 7.89415245e+000
 2.45044227e+000 -1.89911245e+000 7.38995783e+000 9.28907029e+000
 2.48185820e+000 -2.09128826e+000 7.33249776e+000 9.42378602e+000
 2.51327412e+000 -5.32537108e-001 7.25637583e+000 7.78891294e+000
 2.54469005e+000 2.29492978e+000 7.16053693e+000 4.86560715e+000
 2.57610598e+000 5.16514968e+000 7.04389766e+000 1.87874798e+000
 2.60752190e+000 6.77751793e+000 6.90534676e+000 1.27828829e-001
 2.63893783e+000 6.45279470e+000 6.74374551e+000 2.90950804e-001
 2.67035376e+000 4.46143319e+000 6.55792832e+000 2.09649513e+000
 2.70176968e+000 1.82131644e+000 6.34670335e+000 4.52538691e+000
 2.73318561e+000 -2.85493754e-001 6.10885319e+000 6.39434694e+000
 2.76460154e+000 -1.12353337e+000 5.84313575e+000 6.96666912e+000
 2.79601746e+000 -7.05281378e-001 5.54828513e+000 6.25356651e+000
 2.82743339e+000 3.45037795e-001 5.22301271e+000 4.87797491e+000
 2.85884931e+000 1.23207781e+000 4.86600825e+000 3.63393044e+000
 2.89026524e+000 1.44595872e+000 4.47594118e+000 3.02998246e+000
 2.92168117e+000 9.76765152e-001 4.05146201e+000 3.07469686e+000
 2.95309709e+000 2.06045974e-001 3.59120382e+000 3.38515784e+000
 2.98451302e+000 -4.04300557e-001 3.09378392e+000 3.49808447e+000
 3.01592895e+000 -6.03620087e-001 2.55780566e+000 3.16142575e+000
 3.04734487e+000 -4.49901046e-001 1.98186037e+000 2.43176141e+000
 3.07876080e+000 -1.87827462e-001 1.36452942e+000 1.55235688e+000
 3.11017673e+000 -2.83480962e-002 7.04386497e-001 7.32734593e-001
 3.14159265e+000 -2.43904617e-014 2.83382392e-015 2.72242857e-014
