 0.00000000e+000 0.00000000e+000 0.00000000e+000 0.00000000e+000
 3.14159265e-002 3.10803071e-002 3.24132214e-002 1.33291427e-003
 6.28318531e-002 6.30904454e-002 6.68623449e-002 3.77189949e-003
 9.42477796e-002 9.68963188e-002 1.03409224e-001 6.51290544e-003
 1.25663706e-001 1.33242151e-001 1.42115451e-001 8.87330049e-003
 1.57079633e-001 1.72704455e-001 1.83042214e-001 1.03377585e-002
 1.88495559e-001 2.15662094e-001 2.26250143e-001 1.05880495e-002
 2.19911486e-001 2.62285163e-001 2.71799158e-001 9.51399473e-003
 2.51327412e-001 3.12543546e-001 3.19748292e-001 7.20474580e-003
 2.82743339e-001 3.66233995e-001 3.70155520e-001 3.92152490e-003
 3.14159265e-001 4.23022748e-001 4.23077568e-001 5.48204343e-005
 3.45575192e-001 4.82499144e-001 4.78569719e-001 3.92942525e-003
 3.76991118e-001 5.44234629e-001 5.36685605e-001 7.54902385e-003
 4.08407045e-001 6.07841030e-001 5.97476992e-001 1.03640372e-002
 4.39822972e-001 6.73022141e-001 6.60993554e-001 1.20285861e-002
 4.71238898e-001 7.39613377e-001 7.27282634e-001 1.23307423e-002
 5.02654825e-001 8.07605555e-001 7.96388999e-001 1.12165563e-002
 5.34070751e-001 8.77150535e-001 8.68354578e-001 8.79595749e-003
 5.65486678e-001 9.48548373e-001 9.43218198e-001 5.33017538e-003
 5.96902604e-001 1.02221757e+000 1.02101530e+000 1.20227213e-003
 6.28318531e-001 1.09865179e+000 1.10177764e+000 3.12585299e-003
 6.59734457e-001 1.17836780e+000 1.18553302e+000 7.16521401e-003
 6.91150384e-001 1.26185035e+000 1.27230491e+000 1.04545594e-002
 7.22566310e-001 1.34949991e+000 1.36211218e+000 1.26122690e-002
 7.53982237e-001 1.44158909e+000 1.45496874e+000 1.33796539e-002
 7.85398163e-001 1.53823229e+000 1.55088320e+000 1.26509068e-002
 8.16814090e-001 1.63937209e+000 1.64985847e+000 1.04863776e-002
 8.48230016e-001 1.74478380e+000 1.75189144e+000 7.10763521e-003
 8.79645943e-001 1.85409783e+000 1.85697256e+000 2.87472814e-003
 9.11061870e-001 1.96683748e+000 1.96508546e+000 1.75201855e-003
 9.42477796e-001 2.08246817e+000 2.07620652e+000 6.26165045e-003
 9.73893723e-001 2.20045286e+000 2.19030447e+000 1.01483859e-002
 1.00530965e+000 2.32030753e+000 2.30733996e+000 1.29675703e-002
 1.03672558e+000 2.44165076e+000 2.42726507e+000 1.43856976e-002
 1.06814150e+000 2.56424190e+000 2.55002291e+000 1.42189851e-002
 1.09955743e+000 2.68800329e+000 2.67554714e+000 1.24561473e-002
 1.13097336e+000 2.81302414e+000 2.80376147e+000 9.26266087e-003
 1.16238928e+000 2.93954495e+000 2.93457919e+000 4.96576514e-003
 1.19380521e+000 3.06792414e+000 3.06790264e+000 2.15037511e-005
 1.22522113e+000 3.19858983e+000 3.20362276e+000 5.03293001e-003
 1.25663706e+000 3.33198186e+000 3.34161850e+000 9.63664684e-003
 1.28805299e+000 3.46849009e+000 3.48175637e+000 1.32662731e-002
 1.31946891e+000 3.60839544e+000 3.62388980e+000 1.54943611e-002
 1.35088484e+000 3.75182010e+000 3.76785871e+000 1.60386110e-002
 1.38230077e+000 3.89869250e+000 3.91348887e+000 1.47963707e-002
 1.41371669e+000 4.04873102e+000 4.06059136e+000 1.18603439e-002
 1.44513262e+000 4.20144867e+000 4.20896203e+000 7.51336318e-003
 1.47654855e+000 4.35617862e+000 4.35838090e+000 2.20227962e-003
 1.50796447e+000 4.51211831e+000 4.50861158e+000 3.50673392e-003
 1.53938040e+000 4.66838784e+000 4.65940072e+000 8.98712148e-003
 1.57079633e+000 4.82409652e+000 4.81047738e+000 1.36191376e-002
 1.60221225e+000 4.97841074e+000 4.96155248e+000 1.68582639e-002
 1.63362818e+000 5.13061568e+000 5.11231819e+000 1.82974895e-002
 1.66504411e+000 5.28016389e+000 5.26244735e+000 1.77165379e-002
 1.69646003e+000 5.42670519e+000 5.41159287e+000 1.51123163e-002
 1.72787596e+000 5.57009387e+000 5.55938719e+000 1.07066890e-002
 1.75929189e+000 5.71037159e+000 5.70544161e+000 4.92997875e-003
 1.79070781e+000 5.84772697e+000 5.84934583e+000 1.61886272e-003
 1.82212374e+000 5.98243533e+000 5.99066728e+000 8.23195251e-003
 1.85353967e+000 6.11478428e+000 6.12895062e+000 1.41663376e-002
 1.88495559e+000 6.24499255e+000 6.26371715e+000 1.87245985e-002
 1.91637152e+000 6.37313053e+000 6.39446431e+000 2.13337756e-002
 1.94778745e+000 6.49905109e+000 6.52066514e+000 2.16140494e-002
 1.97920337e+000 6.62233840e+000 6.64176775e+000 1.94293490e-002
 2.01061930e+000 6.74228121e+000 6.75719486e+000 1.49136528e-002
 2.04203522e+000 6.85787426e+000 6.86634331e+000 8.46905632e-003
 2.07345115e+000 6.96784913e+000 6.96858362e+000 7.34491529e-004
 2.10486708e+000 7.07073252e+000 7.06325955e+000 7.47296647e-003
 2.13628300e+000 7.16492702e+000 7.14968773e+000 1.52392862e-002
 2.16769893e+000 7.24880689e+000 7.22715726e+000 2.16496318e-002
 2.19911486e+000 7.32081938e+000 7.29492939e+000 2.58899954e-002
 2.23053078e+000 7.37958096e+000 7.35223721e+000 2.73437524e-002
 2.26194671e+000 7.42395796e+000 7.39828542e+000 2.56725371e-002
 2.29336264e+000 7.45312192e+000 7.43225005e+000 2.08718701e-002
 2.32477856e+000 7.46657237e+000 7.45327834e+000 1.32940367e-002
 2.35619449e+000 7.46412219e+000 7.46048854e+000 3.63364575e-003
 2.38761042e+000 7.44584477e+000 7.45296991e+000 7.12513835e-003
 2.41902634e+000 7.41198579e+000 7.42978262e+000 1.77968326e-002
 2.45044227e+000 7.36284616e+000 7.38995783e+000 2.71116732e-002
 2.48185820e+000 7.29864636e+000 7.33249776e+000 3.38513962e-002
 2.51327412e+000 7.21938475e+000 7.25637583e+000 3.69910864e-002
 2.54469005e+000 7.12470408e+000 7.16053693e+000 3.58328547e-002
 2.57610598e+000 7.01378087e+000 7.04389766e+000 3.01167931e-002
 2.60752190e+000 6.88525107e+000 6.90534676e+000 2.00956891e-002
 2.63893783e+000 6.73718319e+000 6.74374551e+000 6.56231828e-003
 2.67035376e+000 6.56710669e+000 6.55792832e+000 9.17836425e-003
 2.70176968e+000 6.37209878e+000 6.34670335e+000 2.53954298e-002
 2.73318561e+000 6.14892814e+000 6.10885319e+000 4.00749462e-002
 2.76460154e+000 5.89424878e+000 5.84313575e+000 5.11130366e-002
 2.79601746e+000 5.60483275e+000 5.54828513e+000 5.65476246e-002
 2.82743339e+000 5.27782619e+000 5.22301271e+000 5.48134824e-002
 2.85884931e+000 4.91101058e+000 4.86600825e+000 4.50023361e-002
 2.89026524e+000 4.50304950e+000 4.47594118e+000 2.71083209e-002
 2.92168117e+000 4.05370120e+000 4.05146201e+000 2.23919215e-003
 2.95309709e+000 3.56397924e+000 3.59120382e+000 2.72245815e-002
 2.98451302e+000 3.03624643e+000 3.09378392e+000 5.75374824e-002
 3.01592895e+000 2.47423216e+000 2.55780566e+000 8.35734971e-002
 3.04734487e+000 1.88296812e+000 1.98186037e+000 9.88922452e-002
 3.07876080e+000 1.26864399e+000 1.36452942e+000 9.58854295e-002
 3.11017673e+000 6.38390113e-001 7.04386497e-001 6.59963842e-002
 3.14159265e+000 1.69118236e-015 2.83382392e-015 1.14264156e-015
