 0.00000000e+000 0.00000000e+000 0.00000000e+000 0.00000000e+000
 3.14159265e-002 1.63223935e-001 3.24132214e-002 1.30810713e-001
 6.28318531e-002 1.45116025e+000 6.68623449e-002 1.38429791e+000
 9.42477796e-002 4.63600395e+000 1.03409224e-001 4.53259472e+000
 1.25663706e-001 9.87715913e+000 1.42115451e-001 9.73504368e+000
 1.57079633e-001 1.66223829e+001 1.83042214e-001 1.64393406e+001
 1.88495559e-001 2.36990307e+001 2.26250143e-001 2.34727805e+001
 2.19911486e-001 2.95761201e+001 2.71799158e-001 2.93043210e+001
 2.51327412e-001 3.27343065e+001 3.19748292e-001 3.24145582e+001
 2.82743339e-001 3.20524313e+001 3.70155520e-001 3.16822758e+001
 3.14159265e-001 2.71132694e+001 4.23077568e-001 2.66901918e+001
 3.45575192e-001 1.83492565e+001 4.78569719e-001 1.78706867e+001
 3.76991118e-001 6.98719758e+000 5.36685605e-001 6.45051197e+000
 4.08407045e-001 -5.19987344e+000 5.97476992e-001 5.79735043e+000
 4.39822972e-001 -1.62773438e+001 6.60993554e-001 1.69383373e+001
 4.71238898e-001 -2.45785932e+001 7.27282634e-001 2.53058759e+001
 5.02654825e-001 -2.90745667e+001 7.96388999e-001 2.98709557e+001
 5.34070751e-001 -2.95908166e+001 8.68354578e-001 3.04591711e+001
 5.65486678e-001 -2.68151930e+001 9.43218198e-001 2.77584112e+001
 5.96902604e-001 -2.20902078e+001 1.02101530e+000 2.31112231e+001
 6.28318531e-001 -1.70379704e+001 1.10177764e+000 1.81397480e+001
 6.59734457e-001 -1.31092964e+001 1.18553302e+000 1.42948294e+001
 6.91150384e-001 -1.11709962e+001 1.27230491e+000 1.24433011e+001
 7.22566310e-001 -1.12401834e+001 1.36211218e+000 1.26022956e+001
 7.53982237e-001 -1.24419284e+001 1.45496874e+000 1.38968972e+001
 7.85398163e-001 -1.32136182e+001 1.55088320e+000 1.47645014e+001
 8.16814090e-001 -1.17181054e+001 1.64985847e+000 1.33679639e+001
 8.48230016e-001 -6.37275849e+000 1.75189144e+000 8.12464993e+000
 8.79645943e-001 3.63341953e+000 1.85697256e+000 1.77644697e+000
 9.11061870e-001 1.79679007e+001 1.96508546e+000 1.60028152e+001
 9.42477796e-001 3.50344617e+001 2.07620652e+000 3.29582552e+001
 9.73893723e-001 5.21569767e+001 2.19030447e+000 4.99666722e+001
 1.00530965e+000 6.60493296e+001 2.30733996e+000 6.37419897e+001
 1.03672558e+000 7.34836029e+001 2.42726507e+000 7.10563379e+001
 1.06814150e+000 7.20154294e+001 2.55002291e+000 6.94654064e+001
 1.09955743e+000 6.06023606e+001 2.67554714e+000 5.79268134e+001
 1.13097336e+000 3.99653101e+001 2.80376147e+000 3.71615486e+001
 1.16238928e+000 1.25931922e+001 2.93457919e+000 9.65861297e+000
 1.19380521e+000 -1.76330588e+001 3.06790264e+000 2.07009614e+001
 1.22522113e+000 -4.61352280e+001 3.20362276e+000 4.93388508e+001
 1.25663706e+000 -6.85135897e+001 3.34161850e+000 7.18552082e+001
 1.28805299e+000 -8.14179815e+001 3.48175637e+000 8.48997379e+001
 1.31946891e+000 -8.32208129e+001 3.62388980e+000 8.68447027e+001
 1.35088484e+000 -7.43350732e+001 3.76785871e+000 7.81029319e+001
 1.38230077e+000 -5.70946606e+001 3.91348887e+000 6.10081495e+001
 1.41371669e+000 -3.52111318e+001 4.06059136e+000 3.92717232e+001
 1.44513262e+000 -1.29190511e+001 4.20896203e+000 1.71280131e+001
 1.47654855e+000 6.00107705e+000 4.35838090e+000 1.64269616e+000
 1.50796447e+000 1.90965724e+001 4.50861158e+000 1.45879608e+001
 1.53938040e+000 2.58012118e+001 4.65940072e+000 2.11418111e+001
 1.57079633e+000 2.75308915e+001 4.81047738e+000 2.27204141e+001
 1.60221225e+000 2.72705494e+001 4.96155248e+000 2.23089969e+001
 1.63362818e+000 2.87253328e+001 5.11231819e+000 2.36130146e+001
 1.66504411e+000 3.52180632e+001 5.26244735e+000 2.99556158e+001
 1.69646003e+000 4.85887617e+001 5.41159287e+000 4.31771688e+001
 1.72787596e+000 6.83712267e+001 5.55938719e+000 6.28118395e+001
 1.75929189e+000 9.14784786e+001 5.70544161e+000 8.57730370e+001
 1.79070781e+000 1.12528954e+002 5.84934583e+000 1.06679608e+002
 1.82212374e+000 1.24807371e+002 5.99066728e+000 1.18816704e+002
 1.85353967e+000 1.21706581e+002 6.12895062e+000 1.15577631e+002
 1.88495559e+000 9.83717260e+001 6.26371715e+000 9.21080088e+001
 1.91637152e+000 5.31949813e+001 6.39446431e+000 4.68005169e+001
 1.94778745e+000 -1.11922130e+001 6.52066514e+000 1.77128781e+001
 1.97920337e+000 -8.77068404e+001 6.64176775e+000 9.43486081e+001
 2.01061930e+000 -1.65517539e+002 6.75719486e+000 1.72274734e+002
 2.04203522e+000 -2.31616964e+002 6.86634331e+000 2.38483308e+002
 2.07345115e+000 -2.73030518e+002 6.96858362e+000 2.79999102e+002
 2.10486708e+000 -2.79277006e+002 7.06325955e+000 2.86340266e+002
 2.13628300e+000 -2.44613615e+002 7.14968773e+000 2.51763303e+002
 2.16769893e+000 -1.69604402e+002 7.22715726e+000 1.76831559e+002
 2.19911486e+000 -6.16521044e+001 7.29492939e+000 6.89470338e+001
 2.23053078e+000 6.56877521e+001 7.35223721e+000 5.83355149e+001
 2.26194671e+000 1.94565909e+002 7.39828542e+000 1.87167623e+002
 2.29336264e+000 3.05598047e+002 7.43225005e+000 2.98165797e+002
 2.32477856e+000 3.81062788e+002 7.45327834e+000 3.73609509e+002
 2.35619449e+000 4.07973016e+002 7.46048854e+000 4.00512527e+002
 2.38761042e+000 3.80454077e+002 7.45296991e+000 3.73001107e+002
 2.41902634e+000 3.00970920e+002 7.42978262e+000 2.93541138e+002
 2.45044227e+000 1.80146217e+002 7.38995783e+000 1.72756259e+002
 2.48185820e+000 3.51663617e+001 7.33249776e+000 2.78338640e+001
 2.51327412e+000 -1.12966049e+002 7.25637583e+000 1.20222425e+002
 2.54469005e+000 -2.42856916e+002 7.16053693e+000 2.50017452e+002
 2.57610598e+000 -3.36215260e+002 7.04389766e+000 3.43259158e+002
 2.60752190e+000 -3.80793299e+002 6.90534676e+000 3.87698646e+002
 2.63893783e+000 -3.72248456e+002 6.74374551e+000 3.78992202e+002
 2.67035376e+000 -3.14604619e+002 6.55792832e+000 3.21162547e+002
 2.70176968e+000 -2.19252143e+002 6.34670335e+000 2.25598846e+002
 2.73318561e+000 -1.02699060e+002 6.10885319e+000 1.08807914e+002
 2.76460154e+000 1.64835048e+001 5.84313575e+000 1.06403691e+001
 2.79601746e+000 1.20935365e+002 5.54828513e+000 1.15387080e+002
 2.82743339e+000 1.97385977e+002 5.22301271e+000 1.92162964e+002
 2.85884931e+000 2.38614359e+002 4.86600825e+000 2.33748350e+002
 2.89026524e+000 2.44158784e+002 4.47594118e+000 2.39682843e+002
 2.92168117e+000 2.19698553e+002 4.05146201e+000 2.15647091e+002
 2.95309709e+000 1.75294344e+002 3.59120382e+000 1.71703140e+002
 2.98451302e+000 1.22895311e+002 3.09378392e+000 1.19801527e+002
 3.01592895e+000 7.36560408e+001 2.55780566e+000 7.10982351e+001
 3.04734487e+000 3.56283793e+001 1.98186037e+000 3.36465189e+001
 3.07876080e+000 1.22989067e+001 1.36452942e+000 1.09343773e+001
 3.11017673e+000 2.25289034e+000 7.04386497e-001 1.54850384e+000
 3.14159265e+000 6.82476317e-013 2.83382392e-015 6.79642493e-013
