 0.00000000e+000 0.00000000e+000 0.00000000e+000 0.00000000e+000
 3.14159265e-002 5.38350670e-002 3.24132214e-002 2.14218456e-002
 6.28318531e-002 1.07486913e-001 6.68623449e-002 4.06245678e-002
 9.42477796e-002 1.60783677e-001 1.03409224e-001 5.73744525e-002
 1.25663706e-001 2.13575869e-001 1.42115451e-001 7.14604174e-002
 1.57079633e-001 2.65746680e-001 1.83042214e-001 8.27044660e-002
 1.88495559e-001 3.17221275e-001 2.26250143e-001 9.09711320e-002
 2.19911486e-001 3.67974776e-001 2.71799158e-001 9.61756178e-002
 2.51327412e-001 4.18038663e-001 3.19748292e-001 9.82903712e-002
 2.82743339e-001 4.67505408e-001 3.70155520e-001 9.73498881e-002
 3.14159265e-001 5.16531146e-001 4.23077568e-001 9.34535781e-002
 3.45575192e-001 5.65336308e-001 4.78569719e-001 8.67665889e-002
 3.76991118e-001 6.14204146e-001 5.36685605e-001 7.75185411e-002
 4.08407045e-001 6.63477179e-001 5.97476992e-001 6.60001866e-002
 4.39822972e-001 7.13551619e-001 6.60993554e-001 5.25580647e-002
 4.71238898e-001 7.64869923e-001 7.27282634e-001 3.75872888e-002
 5.02654825e-001 8.17911649e-001 7.96388999e-001 2.15226504e-002
 5.34070751e-001 8.73182859e-001 8.68354578e-001 4.82828111e-003
 5.65486678e-001 9.31204351e-001 9.43218198e-001 1.20138469e-002
 5.96902604e-001 9.92499039e-001 1.02101530e+000 2.85162596e-002
 6.28318531e-001 1.05757883e+000 1.10177764e+000 4.41988121e-002
 6.59734457e-001 1.12693137e+000 1.18553302e+000 5.86016456e-002
 6.91150384e-001 1.20100701e+000 1.27230491e+000 7.12978940e-002
 7.22566310e-001 1.28020641e+000 1.36211218e+000 8.19057659e-002
 7.53982237e-001 1.36486910e+000 1.45496874e+000 9.00996421e-002
 7.85398163e-001 1.45526335e+000 1.55088320e+000 9.56198481e-002
 8.16814090e-001 1.55157767e+000 1.64985847e+000 9.82807938e-002
 8.48230016e-001 1.65391422e+000 1.75189144e+000 9.79772171e-002
 8.79645943e-001 1.76228425e+000 1.85697256e+000 9.46883108e-002
 9.11061870e-001 1.87660588e+000 1.96508546e+000 8.84795750e-002
 9.42477796e-001 1.99670423e+000 2.07620652e+000 7.95022919e-002
 9.73893723e-001 2.12231388e+000 2.19030447e+000 6.79905902e-002
 1.00530965e+000 2.25308383e+000 2.30733996e+000 5.42561278e-002
 1.03672558e+000 2.38858457e+000 2.42726507e+000 3.86804935e-002
 1.06814150e+000 2.52831742e+000 2.55002291e+000 2.17054898e-002
 1.09955743e+000 2.67172562e+000 2.67554714e+000 3.82152386e-003
 1.13097336e+000 2.81820709e+000 2.80376147e+000 1.44456119e-002
 1.16238928e+000 2.96712842e+000 2.93457919e+000 3.25492345e-002
 1.19380521e+000 3.11783981e+000 3.06790264e+000 4.99371658e-002
 1.22522113e+000 3.26969038e+000 3.20362276e+000 6.60676203e-002
 1.25663706e+000 3.42204366e+000 3.34161850e+000 8.04251530e-002
 1.28805299e+000 3.57429259e+000 3.48175637e+000 9.25362266e-002
 1.31946891e+000 3.72587376e+000 3.62388980e+000 1.01983954e-001
 1.35088484e+000 3.87628030e+000 3.76785871e+000 1.08421589e-001
 1.38230077e+000 4.02507322e+000 3.91348887e+000 1.11584351e-001
 1.41371669e+000 4.17189059e+000 4.06059136e+000 1.11299231e-001
 1.44513262e+000 4.31645446e+000 4.20896203e+000 1.07492429e-001
 1.47654855e+000 4.45857507e+000 4.35838090e+000 1.00194172e-001
 1.50796447e+000 4.59815229e+000 4.50861158e+000 8.95407056e-002
 1.53938040e+000 4.73517403e+000 4.65940072e+000 7.57733138e-002
 1.57079633e+000 4.86971170e+000 4.81047738e+000 5.92343199e-002
 1.60221225e+000 5.00191256e+000 4.96155248e+000 4.03600841e-002
 1.63362818e+000 5.13198929e+000 5.11231819e+000 1.96711015e-002
 1.66504411e+000 5.26020673e+000 5.26244735e+000 2.24061755e-003
 1.69646003e+000 5.38686625e+000 5.41159287e+000 2.47266246e-002
 1.72787596e+000 5.51228795e+000 5.55938719e+000 4.70992340e-002
 1.75929189e+000 5.63679117e+000 5.70544161e+000 6.86504492e-002
 1.79070781e+000 5.76067368e+000 5.84934583e+000 8.86721549e-002
 1.82212374e+000 5.88419021e+000 5.99066728e+000 1.06477072e-001
 1.85353967e+000 6.00753069e+000 6.12895062e+000 1.21419928e-001
 1.88495559e+000 6.13079886e+000 6.26371715e+000 1.32918288e-001
 1.91637152e+000 6.25399186e+000 6.39446431e+000 1.40472445e-001
 1.94778745e+000 6.37698131e+000 6.52066514e+000 1.43683832e-001
 1.97920337e+000 6.49949639e+000 6.64176775e+000 1.42271356e-001
 2.01061930e+000 6.62110969e+000 6.75719486e+000 1.36085173e-001
 2.04203522e+000 6.74122593e+000 6.86634331e+000 1.25117380e-001
 2.07345115e+000 6.85907438e+000 6.96858362e+000 1.09509238e-001
 2.10486708e+000 6.97370501e+000 7.06325955e+000 8.95545469e-002
 2.13628300e+000 7.08398882e+000 7.14968773e+000 6.56989145e-002
 2.16769893e+000 7.18862254e+000 7.22715726e+000 3.85347182e-002
 2.19911486e+000 7.28613770e+000 7.29492939e+000 8.79168076e-003
 2.23053078e+000 7.37491415e+000 7.35223721e+000 2.26769416e-002
 2.26194671e+000 7.45319787e+000 7.39828542e+000 5.49124473e-002
 2.29336264e+000 7.51912290e+000 7.43225005e+000 8.68728455e-002
 2.32477856e+000 7.57073711e+000 7.45327834e+000 1.17458772e-001
 2.35619449e+000 7.60603130e+000 7.46048854e+000 1.45542763e-001
 2.38761042e+000 7.62297130e+000 7.45296991e+000 1.70001396e-001
 2.41902634e+000 7.61953236e+000 7.42978262e+000 1.89749737e-001
 2.45044227e+000 7.59373528e+000 7.38995783e+000 2.03777447e-001
 2.48185820e+000 7.54368364e+000 7.33249776e+000 2.11185877e-001
 2.51327412e+000 7.46760124e+000 7.25637583e+000 2.11225406e-001
 2.54469005e+000 7.36386921e+000 7.16053693e+000 2.03332279e-001
 2.57610598e+000 7.23106184e+000 7.04389766e+000 1.87164174e-001
 2.60752190e+000 7.06798051e+000 6.90534676e+000 1.62633757e-001
 2.63893783e+000 6.87368498e+000 6.74374551e+000 1.29939472e-001
 2.67035376e+000 6.64752122e+000 6.55792832e+000 8.95928936e-002
 2.70176968e+000 6.38914534e+000 6.34670335e+000 4.24419934e-002
 2.73318561e+000 6.09854295e+000 6.10885319e+000 1.03102366e-002
 2.76460154e+000 5.77604345e+000 5.84313575e+000 6.70922968e-002
 2.79601746e+000 5.42232892e+000 5.54828513e+000 1.25956213e-001
 2.82743339e+000 5.03843733e+000 5.22301271e+000 1.84575378e-001
 2.85884931e+000 4.62575987e+000 4.86600825e+000 2.40248375e-001
 2.89026524e+000 4.18603233e+000 4.47594118e+000 2.89908849e-001
 2.92168117e+000 3.72132065e+000 4.05146201e+000 3.30141367e-001
 2.95309709e+000 3.23400073e+000 3.59120382e+000 3.57203084e-001
 2.98451302e+000 2.72673297e+000 3.09378392e+000 3.67050945e-001
 3.01592895e+000 2.20243166e+000 2.55780566e+000 3.55374006e-001
 3.04734487e+000 1.66422999e+000 1.98186037e+000 3.17630382e-001
 3.07876080e+000 1.11544118e+000 1.36452942e+000 2.49088237e-001
 3.11017673e+000 5.59516366e-001 7.04386497e-001 1.44870131e-001
 3.14159265e+000 2.58902082e-015 2.83382392e-015 2.44803105e-016
