 0.00000000e+000 0.00000000e+000 0.00000000e+000 0.00000000e+000
 3.14159265e-002 7.97063637e-001 3.24132214e-002 7.64650416e-001
 6.28318531e-002 1.00519983e+000 6.68623449e-002 9.38337488e-001
 9.42477796e-002 4.15649796e-001 1.03409224e-001 3.12240572e-001
 1.25663706e-001 -6.55485072e-001 1.42115451e-001 7.97600523e-001
 1.57079633e-001 -1.54940595e+000 1.83042214e-001 1.73244817e+000
 1.88495559e-001 -1.66447818e+000 2.26250143e-001 1.89072833e+000
 2.19911486e-001 -8.29922805e-001 2.71799158e-001 1.10172196e+000
 2.51327412e-001 5.76750167e-001 3.19748292e-001 2.57001875e-001
 2.82743339e-001 1.84374412e+000 3.70155520e-001 1.47358860e+000
 3.14159265e-001 2.34306782e+000 4.23077568e-001 1.91999025e+000
 3.45575192e-001 1.89870348e+000 4.78569719e-001 1.42013376e+000
 3.76991118e-001 8.78555613e-001 5.36685605e-001 3.41870008e-001
 4.08407045e-001 -4.87960557e-002 5.97476992e-001 6.46273048e-001
 4.39822972e-001 -3.44974647e-001 6.60993554e-001 1.00596820e+000
 4.71238898e-001 4.68843217e-002 7.27282634e-001 6.80398313e-001
 5.02654825e-001 6.54854835e-001 7.96388999e-001 1.41534164e-001
 5.34070751e-001 7.76512209e-001 8.68354578e-001 9.18423685e-002
 5.65486678e-001 -5.03444702e-002 9.43218198e-001 9.93562668e-001
 5.96902604e-001 -1.69336076e+000 1.02101530e+000 2.71437606e+000
 6.28318531e-001 -3.41899763e+000 1.10177764e+000 4.52077528e+000
 6.59734457e-001 -4.26306826e+000 1.18553302e+000 5.44860128e+000
 6.91150384e-001 -3.57902285e+000 1.27230491e+000 4.85132776e+000
 7.22566310e-001 -1.44611872e+000 1.36211218e+000 2.80823090e+000
 7.53982237e-001 1.31293256e+000 1.45496874e+000 1.42036184e-001
 7.85398163e-001 3.53554009e+000 1.55088320e+000 1.98465690e+000
 8.16814090e-001 4.32851419e+000 1.64985847e+000 2.67865572e+000
 8.48230016e-001 3.54017820e+000 1.75189144e+000 1.78828676e+000
 8.79645943e-001 1.82288019e+000 1.85697256e+000 3.40923736e-002
 9.11061870e-001 2.45556904e-001 1.96508546e+000 1.71952856e+000
 9.42477796e-001 -3.23037317e-001 2.07620652e+000 2.39924384e+000
 9.73893723e-001 2.96894188e-001 2.19030447e+000 1.89341029e+000
 1.00530965e+000 1.52186120e+000 2.30733996e+000 7.85478760e-001
 1.03672558e+000 2.39051775e+000 2.42726507e+000 3.67473126e-002
 1.06814150e+000 2.18157280e+000 2.55002291e+000 3.68450108e-001
 1.09955743e+000 8.93469955e-001 2.67554714e+000 1.78207719e+000
 1.13097336e+000 -7.11025094e-001 2.80376147e+000 3.51478657e+000
 1.16238928e+000 -1.53921998e+000 2.93457919e+000 4.47379916e+000
 1.19380521e+000 -8.38697091e-001 3.06790264e+000 3.90659973e+000
 1.22522113e+000 1.29190070e+000 3.20362276e+000 1.91172205e+000
 1.25663706e+000 3.86946110e+000 3.34161850e+000 5.27842594e-001
 1.28805299e+000 5.51970430e+000 3.48175637e+000 2.03794793e+000
 1.31946891e+000 5.23798364e+000 3.62388980e+000 1.61409383e+000
 1.35088484e+000 2.98928286e+000 3.76785871e+000 7.78575855e-001
 1.38230077e+000 -2.07165413e-001 3.91348887e+000 4.12065428e+000
 1.41371669e+000 -2.78147861e+000 4.06059136e+000 6.84206997e+000
 1.44513262e+000 -3.44431930e+000 4.20896203e+000 7.65328133e+000
 1.47654855e+000 -1.89019682e+000 4.35838090e+000 6.24857772e+000
 1.50796447e+000 1.02354122e+000 4.50861158e+000 3.48507036e+000
 1.53938040e+000 3.73300464e+000 4.65940072e+000 9.26396079e-001
 1.57079633e+000 4.81604790e+000 4.81047738e+000 5.57051629e-003
 1.60221225e+000 3.76586483e+000 4.96155248e+000 1.19568766e+000
 1.63362818e+000 1.25928986e+000 5.11231819e+000 3.85302833e+000
 1.66504411e+000 -1.23206816e+000 5.26244735e+000 6.49451551e+000
 1.69646003e+000 -2.27287982e+000 5.41159287e+000 7.68447269e+000
 1.72787596e+000 -1.27336780e+000 5.55938719e+000 6.83275499e+000
 1.75929189e+000 1.17712369e+000 5.70544161e+000 4.52831793e+000
 1.79070781e+000 3.64115546e+000 5.84934583e+000 2.20819037e+000
 1.82212374e+000 4.64554124e+000 5.99066728e+000 1.34512604e+000
 1.85353967e+000 3.52120316e+000 6.12895062e+000 2.60774745e+000
 1.88495559e+000 7.99896377e-001 6.26371715e+000 5.46382077e+000
 1.91637152e+000 -2.05631285e+000 6.39446431e+000 8.45077716e+000
 1.94778745e+000 -3.44527570e+000 6.52066514e+000 9.96594083e+000
 1.97920337e+000 -2.49844487e+000 6.64176775e+000 9.14021262e+000
 2.01061930e+000 4.43173395e-001 6.75719486e+000 6.31402147e+000
 2.04203522e+000 4.00956927e+000 6.86634331e+000 2.85677404e+000
 2.07345115e+000 6.53374038e+000 6.96858362e+000 4.34843242e-001
 2.10486708e+000 6.92860030e+000 7.06325955e+000 1.34659253e-001
 2.13628300e+000 5.22961055e+000 7.14968773e+000 1.92007718e+000
 2.16769893e+000 2.51710514e+000 7.22715726e+000 4.71005212e+000
 2.19911486e+000 2.79455584e-001 7.29492939e+000 7.01547380e+000
 2.23053078e+000 -4.16088732e-001 7.35223721e+000 7.76832594e+000
 2.26194671e+000 5.17472457e-001 7.39828542e+000 6.88081296e+000
 2.29336264e+000 2.19734976e+000 7.43225005e+000 5.23490029e+000
 2.32477856e+000 3.32614758e+000 7.45327834e+000 4.12713075e+000
 2.35619449e+000 2.96521091e+000 7.46048854e+000 4.49527763e+000
 2.38761042e+000 1.08754163e+000 7.45296991e+000 6.36542827e+000
 2.41902634e+000 -1.39382152e+000 7.42978262e+000 8.82360414e+000
 2.45044227e+000 -3.12696794e+000 7.38995783e+000 1.05169258e+001
 2.48185820e+000 -3.06403549e+000 7.33249776e+000 1.03965333e+001
 2.51327412e+000 -1.03343099e+000 7.25637583e+000 8.28980683e+000
 2.54469005e+000 2.16474665e+000 7.16053693e+000 4.99579028e+000
 2.57610598e+000 5.17630552e+000 7.04389766e+000 1.86759214e+000
 2.60752190e+000 6.78169827e+000 6.90534676e+000 1.23648488e-001
 2.63893783e+000 6.48064586e+000 6.74374551e+000 2.63099649e-001
 2.67035376e+000 4.67441006e+000 6.55792832e+000 1.88351826e+000
 2.70176968e+000 2.38086428e+000 6.34670335e+000 3.96583907e+000
 2.73318561e+000 6.69909349e-001 6.10885319e+000 5.43894384e+000
 2.76460154e+000 1.38766754e-001 5.84313575e+000 5.70436899e+000
 2.79601746e+000 6.94853450e-001 5.54828513e+000 4.85343168e+000
 2.82743339e+000 1.72165177e+000 5.22301271e+000 3.50136094e+000
 2.85884931e+000 2.48873924e+000 4.86600825e+000 2.37726900e+000
 2.89026524e+000 2.55219692e+000 4.47594118e+000 1.92374426e+000
 2.92168117e+000 1.93071364e+000 4.05146201e+000 2.12074837e+000
 2.95309709e+000 9.97772882e-001 3.59120382e+000 2.59343094e+000
 2.98451302e+000 1.99846417e-001 3.09378392e+000 2.89393750e+000
 3.01592895e+000 -2.05918942e-001 2.55780566e+000 2.76372460e+000
 3.04734487e+000 -2.43443765e-001 1.98186037e+000 2.22530413e+000
 3.07876080e+000 -1.16547784e-001 1.36452942e+000 1.48107720e+000
 3.11017673e+000 -1.85680302e-002 7.04386497e-001 7.22954527e-001
 3.14159265e+000 -2.23529203e-014 2.83382392e-015 2.51867442e-014
