 0.00000000e+000 0.00000000e+000 0.00000000e+000 0.00000000e+000
 3.14159265e-002 5.32020763e-001 3.24132214e-002 4.99607542e-001
 6.28318531e-002 3.75939802e+000 6.68623449e-002 3.69253567e+000
 9.42477796e-002 1.03318241e+001 1.03409224e-001 1.02284148e+001
 1.25663706e-001 1.81836044e+001 1.42115451e-001 1.80414889e+001
 1.57079633e-001 2.37129181e+001 1.83042214e-001 2.35298759e+001
 1.88495559e-001 2.40609860e+001 2.26250143e-001 2.38347359e+001
 2.19911486e-001 1.89953153e+001 2.71799158e-001 1.87235162e+001
 2.51327412e-001 1.11254654e+001 3.19748292e-001 1.08057171e+001
 2.82743339e-001 4.24870746e+000 3.70155520e-001 3.87855194e+000
 3.14159265e-001 8.59234486e-001 4.23077568e-001 4.36156918e-001
 3.45575192e-001 4.55311766e-001 4.78569719e-001 2.32579527e-002
 3.76991118e-001 -1.70524168e-001 5.36685605e-001 7.07209773e-001
 4.08407045e-001 -4.72132601e+000 5.97476992e-001 5.31880300e+000
 4.39822972e-001 -1.46004367e+001 6.60993554e-001 1.52614302e+001
 4.71238898e-001 -2.73406587e+001 7.27282634e-001 2.80679413e+001
 5.02654825e-001 -3.74025990e+001 7.96388999e-001 3.81989880e+001
 5.34070751e-001 -3.90517983e+001 8.68354578e-001 3.99201528e+001
 5.65486678e-001 -2.96925128e+001 9.43218198e-001 3.06357310e+001
 5.96902604e-001 -1.16515406e+001 1.02101530e+000 1.26725559e+001
 6.28318531e-001 8.74979598e+000 1.10177764e+000 7.64801833e+000
 6.59734457e-001 2.44000232e+001 1.18553302e+000 2.32144902e+001
 6.91150384e-001 3.10553161e+001 1.27230491e+000 2.97830112e+001
 7.22566310e-001 2.93139389e+001 1.36211218e+000 2.79518267e+001
 7.53982237e-001 2.37540186e+001 1.45496874e+000 2.22990499e+001
 7.85398163e-001 1.97879653e+001 1.55088320e+000 1.82370821e+001
 8.16814090e-001 2.01791711e+001 1.64985847e+000 1.85293127e+001
 8.48230016e-001 2.33767259e+001 1.75189144e+000 2.16248344e+001
 8.79645943e-001 2.46984462e+001 1.85697256e+000 2.28414737e+001
 9.11061870e-001 1.96074147e+001 1.96508546e+000 1.76423293e+001
 9.42477796e-001 6.98773221e+000 2.07620652e+000 4.91152569e+000
 9.73893723e-001 -9.71419425e+000 2.19030447e+000 1.19044987e+001
 1.00530965e+000 -2.42960046e+001 2.30733996e+000 2.66033446e+001
 1.03672558e+000 -3.14840810e+001 2.42726507e+000 3.39113461e+001
 1.06814150e+000 -3.01646506e+001 2.55002291e+000 3.27146735e+001
 1.09955743e+000 -2.40197587e+001 2.67554714e+000 2.66953059e+001
 1.13097336e+000 -1.90132000e+001 2.80376147e+000 2.18169614e+001
 1.16238928e+000 -1.92048400e+001 2.93457919e+000 2.21394192e+001
 1.19380521e+000 -2.35696683e+001 3.06790264e+000 2.66375709e+001
 1.22522113e+000 -2.60414161e+001 3.20362276e+000 2.92450389e+001
 1.25663706e+000 -1.90766911e+001 3.34161850e+000 2.24183096e+001
 1.28805299e+000 1.22530726e+000 3.48175637e+000 2.25644910e+000
 1.31946891e+000 3.15955351e+001 3.62388980e+000 2.79716453e+001
 1.35088484e+000 6.20879951e+001 3.76785871e+000 5.83201364e+001
 1.38230077e+000 8.07136122e+001 3.91348887e+000 7.68001233e+001
 1.41371669e+000 7.97740218e+001 4.06059136e+000 7.57134305e+001
 1.44513262e+000 6.02152723e+001 4.20896203e+000 5.60063103e+001
 1.47654855e+000 3.12646454e+001 4.35838090e+000 2.69062645e+001
 1.50796447e+000 5.30275152e+000 4.50861158e+000 7.94139937e-001
 1.53938040e+000 -9.18366809e+000 4.65940072e+000 1.38430688e+001
 1.57079633e+000 -1.23889209e+001 4.81047738e+000 1.71993983e+001
 1.60221225e+000 -1.26772063e+001 4.96155248e+000 1.76387588e+001
 1.63362818e+000 -2.08062876e+001 5.11231819e+000 2.59186058e+001
 1.66504411e+000 -4.21641187e+001 5.26244735e+000 4.74265661e+001
 1.69646003e+000 -7.17471320e+001 5.41159287e+000 7.71587249e+001
 1.72787596e+000 -9.52723885e+001 5.55938719e+000 1.00831776e+002
 1.75929189e+000 -9.63323429e+001 5.70544161e+000 1.02037784e+002
 1.79070781e+000 -6.58454332e+001 5.84934583e+000 7.16947790e+001
 1.82212374e+000 -8.41497638e+000 5.99066728e+000 1.44056437e+001
 1.85353967e+000 5.83264562e+001 6.12895062e+000 5.21975056e+001
 1.88495559e+000 1.11456729e+002 6.26371715e+000 1.05193012e+002
 1.91637152e+000 1.33594069e+002 6.39446431e+000 1.27199605e+002
 1.94778745e+000 1.20946091e+002 6.52066514e+000 1.14425426e+002
 1.97920337e+000 8.41976061e+001 6.64176775e+000 7.75558384e+001
 2.01061930e+000 4.19231842e+001 6.75719486e+000 3.51659893e+001
 2.04203522e+000 1.04873707e+001 6.86634331e+000 3.62102739e+000
 2.07345115e+000 -3.67811550e+000 6.96858362e+000 1.06466991e+001
 2.10486708e+000 -5.15735807e+000 7.06325955e+000 1.22206176e+001
 2.13628300e+000 -3.96088308e+000 7.14968773e+000 1.11105708e+001
 2.16769893e+000 -7.46241563e+000 7.22715726e+000 1.46895729e+001
 2.19911486e+000 -1.55844142e+001 7.29492939e+000 2.28793436e+001
 2.23053078e+000 -2.26663969e+001 7.35223721e+000 3.00186341e+001
 2.26194671e+000 -2.46530612e+001 7.39828542e+000 3.20513466e+001
 2.29336264e+000 -2.59936143e+001 7.43225005e+000 3.34258643e+001
 2.32477856e+000 -3.99410538e+001 7.45327834e+000 4.73943321e+001
 2.35619449e+000 -7.97548753e+001 7.46048854e+000 8.72153639e+001
 2.38761042e+000 -1.44734999e+002 7.45296991e+000 1.52187969e+002
 2.41902634e+000 -2.10123853e+002 7.42978262e+000 2.17553635e+002
 2.45044227e+000 -2.30005275e+002 7.38995783e+000 2.37395233e+002
 2.48185820e+000 -1.56304080e+002 7.33249776e+000 1.63636578e+002
 2.51327412e+000 3.25697160e+001 7.25637583e+000 2.53133402e+001
 2.54469005e+000 3.07751941e+002 7.16053693e+000 3.00591404e+002
 2.57610598e+000 5.86006358e+002 7.04389766e+000 5.78962460e+002
 2.60752190e+000 7.53548946e+002 6.90534676e+000 7.46643599e+002
 2.63893783e+000 7.11716880e+002 6.74374551e+000 7.04973134e+002
 2.67035376e+000 4.25724691e+002 6.55792832e+000 4.19166763e+002
 2.70176968e+000 -4.72076166e+001 6.34670335e+000 5.35543199e+001
 2.73318561e+000 -5.67339223e+002 6.10885319e+000 5.73448076e+002
 2.76460154e+000 -9.60138392e+002 5.84313575e+000 9.65981528e+002
 2.79601746e+000 -1.08432983e+003 5.54828513e+000 1.08987811e+003
 2.82743339e+000 -8.90867282e+002 5.22301271e+000 8.96090295e+002
 2.85884931e+000 -4.45499934e+002 4.86600825e+000 4.50365942e+002
 2.89026524e+000 9.68549820e+001 4.47594118e+000 9.23790409e+001
 2.92168117e+000 5.55625884e+002 4.05146201e+000 5.51574422e+002
 2.95309709e+000 7.97681479e+002 3.59120382e+000 7.94090275e+002
 2.98451302e+000 7.86873247e+002 3.09378392e+000 7.83779463e+002
 3.01592895e+000 5.88015379e+002 2.55780566e+000 5.85457574e+002
 3.04734487e+000 3.25199362e+002 1.98186037e+000 3.23217502e+002
 3.07876080e+000 1.16317337e+002 1.36452942e+000 1.14952807e+002
 3.11017673e+000 1.67737409e+001 7.04386497e-001 1.60693544e+001
 3.14159265e+000 2.11357960e-012 2.83382392e-015 2.11074577e-012
