 0.00000000e+000 0.00000000e+000 0.00000000e+000 0.00000000e+000
 3.14159265e-002 3.16568685e-001 3.24132214e-002 2.84155464e-001
 6.28318531e-002 5.50065468e-001 6.68623449e-002 4.83203123e-001
 9.42477796e-002 6.25971205e-001 1.03409224e-001 5.22561981e-001
 1.25663706e-001 4.85999626e-001 1.42115451e-001 3.43884175e-001
 1.57079633e-001 9.41211331e-002 1.83042214e-001 8.89210804e-002
 1.88495559e-001 -5.59684473e-001 2.26250143e-001 7.85934616e-001
 2.19911486e-001 -1.45832943e+000 2.71799158e-001 1.73012859e+000
 2.51327412e-001 -2.55928583e+000 3.19748292e-001 2.87903413e+000
 2.82743339e-001 -3.79884963e+000 3.70155520e-001 4.16900515e+000
 3.14159265e-001 -5.09856508e+000 4.23077568e-001 5.52164265e+000
 3.45575192e-001 -6.37315311e+000 4.78569719e-001 6.85172283e+000
 3.76991118e-001 -7.53913232e+000 5.36685605e-001 8.07581792e+000
 4.08407045e-001 -8.52325005e+000 5.97476992e-001 9.12072705e+000
 4.39822972e-001 -9.26985907e+000 6.60993554e-001 9.93085263e+000
 4.71238898e-001 -9.74648229e+000 7.27282634e-001 1.04737649e+001
 5.02654825e-001 -9.94699249e+000 7.96388999e-001 1.07433815e+001
 5.34070751e-001 -9.89207736e+000 8.68354578e-001 1.07604319e+001
 5.65486678e-001 -9.62693807e+000 9.43218198e-001 1.05701563e+001
 5.96902604e-001 -9.21645333e+000 1.02101530e+000 1.02374686e+001
 6.28318531e-001 -8.73830203e+000 1.10177764e+000 9.84007968e+000
 6.59734457e-001 -8.27474852e+000 1.18553302e+000 9.46028154e+000
 6.91150384e-001 -7.90393459e+000 1.27230491e+000 9.17623950e+000
 7.22566310e-001 -7.69157592e+000 1.36211218e+000 9.05368810e+000
 7.53982237e-001 -7.68392260e+000 1.45496874e+000 9.13889134e+000
 7.85398163e-001 -7.90271696e+000 1.55088320e+000 9.45360016e+000
 8.16814090e-001 -8.34267951e+000 1.64985847e+000 9.99253798e+000
 8.48230016e-001 -8.97179581e+000 1.75189144e+000 1.07236872e+001
 8.79645943e-001 -9.73439001e+000 1.85697256e+000 1.15913626e+001
 9.11061870e-001 -1.05566832e+001 1.96508546e+000 1.25217687e+001
 9.42477796e-001 -1.13542764e+001 2.07620652e+000 1.34304829e+001
 9.73893723e-001 -1.20407961e+001 2.19030447e+000 1.42311006e+001
 1.00530965e+000 -1.25368154e+001 2.30733996e+000 1.48441554e+001
 1.03672558e+000 -1.27781277e+001 2.42726507e+000 1.52053927e+001
 1.06814150e+000 -1.27225121e+001 2.55002291e+000 1.52725350e+001
 1.09955743e+000 -1.23542774e+001 2.67554714e+000 1.50298245e+001
 1.13097336e+000 -1.16860959e+001 2.80376147e+000 1.44898574e+001
 1.16238928e+000 -1.07579148e+001 2.93457919e+000 1.36924940e+001
 1.19380521e+000 -9.63303401e+000 3.06790264e+000 1.27009367e+001
 1.22522113e+000 -8.39173317e+000 3.20362276e+000 1.15953559e+001
 1.25663706e+000 -7.12308933e+000 3.34161850e+000 1.04647078e+001
 1.28805299e+000 -5.91582061e+000 3.48175637e+000 9.39757697e+000
 1.31946891e+000 -4.84910203e+000 3.62388980e+000 8.47299183e+000
 1.35088484e+000 -3.98431303e+000 3.76785871e+000 7.75217174e+000
 1.38230077e+000 -3.35859082e+000 3.91348887e+000 7.27207969e+000
 1.41371669e+000 -2.98088666e+000 4.06059136e+000 7.04147802e+000
 1.44513262e+000 -2.83097005e+000 4.20896203e+000 7.03993208e+000
 1.47654855e+000 -2.86152422e+000 4.35838090e+000 7.21990512e+000
 1.50796447e+000 -3.00315484e+000 4.50861158e+000 7.51176642e+000
 1.53938040e+000 -3.17182565e+000 4.65940072e+000 7.83122637e+000
 1.57079633e+000 -3.27797158e+000 4.81047738e+000 8.08844896e+000
 1.60221225e+000 -3.23634947e+000 4.96155248e+000 8.19790195e+000
 1.63362818e+000 -2.97559029e+000 5.11231819e+000 8.08790848e+000
 1.66504411e+000 -2.44642530e+000 5.26244735e+000 7.70887265e+000
 1.69646003e+000 -1.62767457e+000 5.41159287e+000 7.03926744e+000
 1.72787596e+000 -5.29298317e-001 5.55938719e+000 6.08868550e+000
 1.75929189e+000 8.07897918e-001 5.70544161e+000 4.89754370e+000
 1.79070781e+000 2.31597434e+000 5.84934583e+000 3.53337149e+000
 1.82212374e+000 3.90669849e+000 5.99066728e+000 2.08396879e+000
 1.85353967e+000 5.48089594e+000 6.12895062e+000 6.48054680e-001
 1.88495559e+000 6.93940696e+000 6.26371715e+000 6.75689816e-001
 1.91637152e+000 8.19454884e+000 6.39446431e+000 1.80008453e+000
 1.94778745e+000 9.18089167e+000 6.52066514e+000 2.66022653e+000
 1.97920337e+000 9.86418274e+000 6.64176775e+000 3.22241499e+000
 2.01061930e+000 1.02473998e+001 6.75719486e+000 3.49020495e+000
 2.04203522e+000 1.03731663e+001 6.86634331e+000 3.50682301e+000
 2.07345115e+000 1.03220997e+001 6.96858362e+000 3.35351604e+000
 2.10486708e+000 1.02070553e+001 7.06325955e+000 3.14379572e+000
 2.13628300e+000 1.01636384e+001 7.14968773e+000 3.01395062e+000
 2.16769893e+000 1.03377403e+001 7.22715726e+000 3.11058302e+000
 2.19911486e+000 1.08711818e+001 7.29492939e+000 3.57625244e+000
 2.23053078e+000 1.18867743e+001 7.35223721e+000 4.53453708e+000
 2.26194671e+000 1.34742200e+001 7.39828542e+000 6.07593455e+000
 2.29336264e+000 1.56782497e+001 7.43225005e+000 8.24599964e+000
 2.32477856e+000 1.84902362e+001 7.45327834e+000 1.10369578e+001
 2.35619449e+000 2.18442401e+001 7.46048854e+000 1.43837515e+001
 2.38761042e+000 2.56180635e+001 7.45296991e+000 1.81650936e+001
 2.41902634e+000 2.96394385e+001 7.42978262e+000 2.22096559e+001
 2.45044227e+000 3.36970034e+001 7.38995783e+000 2.63070455e+001
 2.48185820e+000 3.75552678e+001 7.33249776e+000 3.02227700e+001
 2.51327412e+000 4.09723727e+001 7.25637583e+000 3.37159969e+001
 2.54469005e+000 4.37191609e+001 7.16053693e+000 3.65586240e+001
 2.57610598e+000 4.55979098e+001 7.04389766e+000 3.85540122e+001
 2.60752190e+000 4.64590647e+001 6.90534676e+000 3.95537179e+001
 2.63893783e+000 4.62144454e+001 6.74374551e+000 3.94706999e+001
 2.67035376e+000 4.48456803e+001 6.55792832e+000 3.82877520e+001
 2.70176968e+000 4.24070194e+001 6.34670335e+000 3.60603161e+001
 2.73318561e+000 3.90221604e+001 6.10885319e+000 3.29133072e+001
 2.76460154e+000 3.48752477e+001 5.84313575e+000 2.90321120e+001
 2.79601746e+000 3.01967234e+001 5.54828513e+000 2.46484383e+001
 2.82743339e+000 2.52451755e+001 5.22301271e+000 2.00221628e+001
 2.85884931e+000 2.02866992e+001 4.86600825e+000 1.54206910e+001
 2.89026524e+000 1.55735267e+001 4.47594118e+000 1.10975855e+001
 2.92168117e+000 1.13237654e+001 4.05146201e+000 7.27230339e+000
 2.95309709e+000 7.70400741e+000 3.59120382e+000 4.11280359e+000
 2.98451302e+000 4.81633457e+000 3.09378392e+000 1.72255065e+000
 3.01592895e+000 2.69087119e+000 2.55780566e+000 1.33065534e-001
 3.04734487e+000 1.28455487e+000 1.98186037e+000 6.97305494e-001
 3.07876080e+000 4.86253774e-001 1.36452942e+000 8.78275644e-001
 3.11017673e+000 1.27801636e-001 7.04386497e-001 5.76584861e-001
 3.14159265e+000 -7.84249160e-015 2.83382392e-015 1.06763155e-014
