 0.00000000e+000 0.00000000e+000 0.00000000e+000 0.00000000e+000
 3.14159265e-002 8.13609395e-002 3.24132214e-002 4.89477182e-002
 6.28318531e-002 6.27121679e-001 6.68623449e-002 5.60259334e-001
 9.42477796e-002 1.98816954e+000 1.03409224e-001 1.88476032e+000
 1.25663706e-001 4.31204482e+000 1.42115451e-001 4.16992937e+000
 1.57079633e-001 7.49560140e+000 1.83042214e-001 7.31255919e+000
 1.88495559e-001 1.11902624e+001 2.26250143e-001 1.09640123e+001
 2.19911486e-001 1.48591957e+001 2.71799158e-001 1.45873965e+001
 2.51327412e-001 1.78751215e+001 3.19748292e-001 1.75553732e+001
 2.82743339e-001 1.96391984e+001 3.70155520e-001 1.92690428e+001
 3.14159265e-001 1.96971970e+001 4.23077568e-001 1.92741194e+001
 3.45575192e-001 1.78298225e+001 4.78569719e-001 1.73512528e+001
 3.76991118e-001 1.40994066e+001 5.36685605e-001 1.35627210e+001
 4.08407045e-001 8.84412311e+000 5.97476992e-001 8.24664612e+000
 4.39822972e-001 2.62151039e+000 6.60993554e-001 1.96051684e+000
 4.71238898e-001 -3.88681787e+000 7.27282634e-001 4.61410051e+000
 5.02654825e-001 -9.98989746e+000 7.96388999e-001 1.07862865e+001
 5.34070751e-001 -1.50988421e+001 8.68354578e-001 1.59671967e+001
 5.65486678e-001 -1.88136550e+001 9.43218198e-001 1.97568732e+001
 5.96902604e-001 -2.09699044e+001 1.02101530e+000 2.19909197e+001
 6.28318531e-001 -2.16386262e+001 1.10177764e+000 2.27404038e+001
 6.59734457e-001 -2.10828221e+001 1.18553302e+000 2.22683552e+001
 6.91150384e-001 -1.96828720e+001 1.27230491e+000 2.09551769e+001
 7.22566310e-001 -1.78491436e+001 1.36211218e+000 1.92112557e+001
 7.53982237e-001 -1.59418024e+001 1.45496874e+000 1.73967712e+001
 7.85398163e-001 -1.42149886e+001 1.55088320e+000 1.57658718e+001
 8.16814090e-001 -1.27958356e+001 1.64985847e+000 1.44456941e+001
 8.48230016e-001 -1.16998481e+001 1.75189144e+000 1.34517396e+001
 8.79645943e-001 -1.08750177e+001 1.85697256e+000 1.27319903e+001
 9.11061870e-001 -1.02599050e+001 1.96508546e+000 1.22249904e+001
 9.42477796e-001 -9.83747400e+000 2.07620652e+000 1.19136805e+001
 9.73893723e-001 -9.66762512e+000 2.19030447e+000 1.18579296e+001
 1.00530965e+000 -9.88696000e+000 2.30733996e+000 1.21943000e+001
 1.03672558e+000 -1.06731038e+001 2.42726507e+000 1.31003688e+001
 1.06814150e+000 -1.21808608e+001 2.55002291e+000 1.47308837e+001
 1.09955743e+000 -1.44661803e+001 2.67554714e+000 1.71417274e+001
 1.13097336e+000 -1.74191102e+001 2.80376147e+000 2.02228717e+001
 1.16238928e+000 -2.07270755e+001 2.93457919e+000 2.36616547e+001
 1.19380521e+000 -2.38844855e+001 3.06790264e+000 2.69523882e+001
 1.22522113e+000 -2.62546841e+001 3.20362276e+000 2.94583069e+001
 1.25663706e+000 -2.71776018e+001 3.34161850e+000 3.05192203e+001
 1.28805299e+000 -2.61039608e+001 3.48175637e+000 2.95857172e+001
 1.31946891e+000 -2.27275315e+001 3.62388980e+000 2.63514213e+001
 1.35088484e+000 -1.70833202e+001 3.76785871e+000 2.08511789e+001
 1.38230077e+000 -9.58318209e+000 3.91348887e+000 1.34966710e+001
 1.41371669e+000 -9.71184703e-001 4.06059136e+000 5.03177606e+000
 1.44513262e+000 7.80253784e+000 4.20896203e+000 3.59357581e+000
 1.47654855e+000 1.57718031e+001 4.35838090e+000 1.14134222e+001
 1.50796447e+000 2.21732212e+001 4.50861158e+000 1.76646096e+001
 1.53938040e+000 2.66469840e+001 4.65940072e+000 2.19875833e+001
 1.57079633e+000 2.93698219e+001 4.81047738e+000 2.45593445e+001
 1.60221225e+000 3.10781468e+001 4.96155248e+000 2.61165943e+001
 1.63362818e+000 3.29575929e+001 5.11231819e+000 2.78452747e+001
 1.66504411e+000 3.64011940e+001 5.26244735e+000 3.11387466e+001
 1.69646003e+000 4.26677918e+001 5.41159287e+000 3.72561990e+001
 1.72787596e+000 5.24992231e+001 5.55938719e+000 4.69398359e+001
 1.75929189e+000 6.57734687e+001 5.70544161e+000 6.00680270e+001
 1.79070781e+000 8.12763583e+001 5.84934583e+000 7.54270125e+001
 1.82212374e+000 9.66637771e+001 5.99066728e+000 9.06731098e+001
 1.85353967e+000 1.08659663e+002 6.12895062e+000 1.02530713e+002
 1.88495559e+000 1.13495611e+002 6.26371715e+000 1.07231894e+002
 1.91637152e+000 1.07551634e+002 6.39446431e+000 1.01157170e+002
 1.94778745e+000 8.81126502e+001 6.52066514e+000 8.15919851e+001
 1.97920337e+000 5.41201146e+001 6.64176775e+000 4.74783468e+001
 2.01061930e+000 6.78076654e+000 6.75719486e+000 2.35716755e-002
 2.04203522e+000 -5.01001764e+001 6.86634331e+000 5.69665197e+001
 2.07345115e+000 -1.10164167e+002 6.96858362e+000 1.17132750e+002
 2.10486708e+000 -1.64973963e+002 7.06325955e+000 1.72037223e+002
 2.13628300e+000 -2.04902336e+002 7.14968773e+000 2.12052024e+002
 2.16769893e+000 -2.20348069e+002 7.22715726e+000 2.27575226e+002
 2.19911486e+000 -2.03128260e+002 7.29492939e+000 2.10423189e+002
 2.23053078e+000 -1.47850461e+002 7.35223721e+000 1.55202698e+002
 2.26194671e+000 -5.30508529e+001 7.39828542e+000 6.04491383e+001
 2.29336264e+000 7.80992407e+001 7.43225005e+000 7.06669906e+001
 2.32477856e+000 2.37666758e+002 7.45327834e+000 2.30213480e+002
 2.35619449e+000 4.13481274e+002 7.46048854e+000 4.06020785e+002
 2.38761042e+000 5.90287177e+002 7.45296991e+000 5.82834207e+002
 2.41902634e+000 7.51403454e+002 7.42978262e+000 7.43973671e+002
 2.45044227e+000 8.80686519e+002 7.38995783e+000 8.73296561e+002
 2.48185820e+000 9.64534169e+002 7.33249776e+000 9.57201671e+002
 2.51327412e+000 9.93648958e+002 7.25637583e+000 9.86392582e+002
 2.54469005e+000 9.64302084e+002 7.16053693e+000 9.57141547e+002
 2.57610598e+000 8.78902443e+002 7.04389766e+000 8.71858546e+002
 2.60752190e+000 7.45771529e+002 6.90534676e+000 7.38866182e+002
 2.63893783e+000 5.78139204e+002 6.74374551e+000 5.71395458e+002
 2.67035376e+000 3.92490677e+002 6.55792832e+000 3.85932749e+002
 2.70176968e+000 2.06493097e+002 6.34670335e+000 2.00146394e+002
 2.73318561e+000 3.67951382e+001 6.10885319e+000 3.06862850e+001
 2.76460154e+000 -1.02986156e+002 5.84313575e+000 1.08829291e+002
 2.79601746e+000 -2.03804268e+002 5.54828513e+000 2.09352553e+002
 2.82743339e+000 -2.62032753e+002 5.22301271e+000 2.67255765e+002
 2.85884931e+000 -2.79515943e+002 4.86600825e+000 2.84381951e+002
 2.89026524e+000 -2.62834353e+002 4.47594118e+000 2.67310294e+002
 2.92168117e+000 -2.21919129e+002 4.05146201e+000 2.25970591e+002
 2.95309709e+000 -1.68249305e+002 3.59120382e+000 1.71840508e+002
 2.98451302e+000 -1.12927570e+002 3.09378392e+000 1.16021354e+002
 3.01592895e+000 -6.49446071e+001 2.55780566e+000 6.75024127e+001
 3.04734487e+000 -2.99065452e+001 1.98186037e+000 3.18884055e+001
 3.07876080e+000 -9.42034386e+000 1.36452942e+000 1.07848733e+001
 3.11017673e+000 -1.22094686e+000 7.04386497e-001 1.92533335e+000
 3.14159265e+000 4.60126921e-013 2.83382392e-015 4.57293098e-013
