 0.00000000e+000 0.00000000e+000 0.00000000e+000 0.00000000e+000
 3.14159265e-002 -3.37257344e-003 3.24132214e-002 3.57857948e-002
 6.28318531e-002 -2.51141821e-002 6.68623449e-002 9.19765270e-002
 9.42477796e-002 -7.48333250e-002 1.03409224e-001 1.78242549e-001
 1.25663706e-001 -1.47193969e-001 1.42115451e-001 2.89309420e-001
 1.57079633e-001 -2.20457999e-001 1.83042214e-001 4.03500212e-001
 1.88495559e-001 -2.60990206e-001 2.26250143e-001 4.87240350e-001
 2.19911486e-001 -2.33537830e-001 2.71799158e-001 5.05336988e-001
 2.51327412e-001 -1.15312331e-001 3.19748292e-001 4.35060623e-001
 2.82743339e-001 8.98386423e-002 3.70155520e-001 2.80316878e-001
 3.14159265e-001 3.41963754e-001 4.23077568e-001 8.11138147e-002
 3.45575192e-001 5.64839149e-001 4.78569719e-001 8.62694302e-002
 3.76991118e-001 6.57852400e-001 5.36685605e-001 1.21166795e-001
 4.08407045e-001 5.19381100e-001 5.97476992e-001 7.80958924e-002
 4.39822972e-001 7.71119397e-002 6.60993554e-001 5.83881615e-001
 4.71238898e-001 -6.82670495e-001 7.27282634e-001 1.40995313e+000
 5.02654825e-001 -1.69627501e+000 7.96388999e-001 2.49266401e+000
 5.34070751e-001 -2.82231932e+000 8.68354578e-001 3.69067390e+000
 5.65486678e-001 -3.86363325e+000 9.43218198e-001 4.80685144e+000
 5.96902604e-001 -4.60862328e+000 1.02101530e+000 5.62963858e+000
 6.28318531e-001 -4.88282296e+000 1.10177764e+000 5.98460061e+000
 6.59734457e-001 -4.59684999e+000 1.18553302e+000 5.78238301e+000
 6.91150384e-001 -3.77634544e+000 1.27230491e+000 5.04865035e+000
 7.22566310e-001 -2.56340400e+000 1.36211218e+000 3.92551618e+000
 7.53982237e-001 -1.18674300e+000 1.45496874e+000 2.64171174e+000
 7.85398163e-001 9.27672394e-002 1.55088320e+000 1.45811596e+000
 8.16814090e-001 1.04654030e+000 1.64985847e+000 6.03318172e-001
 8.48230016e-001 1.53408055e+000 1.75189144e+000 2.17810890e-001
 8.79645943e-001 1.53339843e+000 1.85697256e+000 3.23574127e-001
 9.11061870e-001 1.13667508e+000 1.96508546e+000 8.28410378e-001
 9.42477796e-001 5.12668327e-001 2.07620652e+000 1.56353819e+000
 9.73893723e-001 -1.51804836e-001 2.19030447e+000 2.34210931e+000
 1.00530965e+000 -7.11830371e-001 2.30733996e+000 3.01917033e+000
 1.03672558e+000 -1.10553203e+000 2.42726507e+000 3.53279710e+000
 1.06814150e+000 -1.36227720e+000 2.55002291e+000 3.91230011e+000
 1.09955743e+000 -1.57520168e+000 2.67554714e+000 4.25074883e+000
 1.13097336e+000 -1.84812023e+000 2.80376147e+000 4.65188171e+000
 1.16238928e+000 -2.23671939e+000 2.93457919e+000 5.17129857e+000
 1.19380521e+000 -2.70709101e+000 3.06790264e+000 5.77499365e+000
 1.22522113e+000 -3.12961184e+000 3.20362276e+000 6.33323460e+000
 1.25663706e+000 -3.31417950e+000 3.34161850e+000 6.65579800e+000
 1.28805299e+000 -3.07771184e+000 3.48175637e+000 6.55946821e+000
 1.31946891e+000 -2.32180851e+000 3.62388980e+000 5.94569832e+000
 1.35088484e+000 -1.09238889e+000 3.76785871e+000 4.86024761e+000
 1.38230077e+000 4.03323051e-001 3.91348887e+000 3.51016582e+000
 1.41371669e+000 1.83439700e+000 4.06059136e+000 2.22619436e+000
 1.44513262e+000 2.83222382e+000 4.20896203e+000 1.37673821e+000
 1.47654855e+000 3.10127435e+000 4.35838090e+000 1.25710654e+000
 1.50796447e+000 2.52005156e+000 4.50861158e+000 1.98856002e+000
 1.53938040e+000 1.19783054e+000 4.65940072e+000 3.46157018e+000
 1.57079633e+000 -5.35349815e-001 4.81047738e+000 5.34582720e+000
 1.60221225e+000 -2.20760925e+000 4.96155248e+000 7.16916173e+000
 1.63362818e+000 -3.33272524e+000 5.11231819e+000 8.44504343e+000
 1.66504411e+000 -3.54873809e+000 5.26244735e+000 8.81118544e+000
 1.69646003e+000 -2.72454990e+000 5.41159287e+000 8.13614277e+000
 1.72787596e+000 -9.99812698e-001 5.55938719e+000 6.55919988e+000
 1.75929189e+000 1.25623038e+000 5.70544161e+000 4.44921124e+000
 1.79070781e+000 3.55524058e+000 5.84934583e+000 2.29410525e+000
 1.82212374e+000 5.43473002e+000 5.99066728e+000 5.55937259e-001
 1.85353967e+000 6.59028481e+000 6.12895062e+000 4.61334192e-001
 1.88495559e+000 6.95118608e+000 6.26371715e+000 6.87468934e-001
 1.91637152e+000 6.67402377e+000 6.39446431e+000 2.79559460e-001
 1.94778745e+000 6.05689930e+000 6.52066514e+000 4.63765839e-001
 1.97920337e+000 5.40510660e+000 6.64176775e+000 1.23666115e+000
 2.01061930e+000 4.89791793e+000 6.75719486e+000 1.85927693e+000
 2.04203522e+000 4.50817717e+000 6.86634331e+000 2.35816615e+000
 2.07345115e+000 4.01005962e+000 6.96858362e+000 2.95852400e+000
 2.10486708e+000 3.08010566e+000 7.06325955e+000 3.98315389e+000
 2.13628300e+000 1.46209965e+000 7.14968773e+000 5.68758808e+000
 2.16769893e+000 -8.60690421e-001 7.22715726e+000 8.08784768e+000
 2.19911486e+000 -3.55194029e+000 7.29492939e+000 1.08468697e+001
 2.23053078e+000 -5.92064091e+000 7.35223721e+000 1.32728781e+001
 2.26194671e+000 -7.05208284e+000 7.39828542e+000 1.44503683e+001
 2.29336264e+000 -6.04897027e+000 7.43225005e+000 1.34812203e+001
 2.32477856e+000 -2.32002587e+000 7.45327834e+000 9.77330420e+000
 2.35619449e+000 4.17015551e+000 7.46048854e+000 3.29033303e+000
 2.38761042e+000 1.27741884e+001 7.45296991e+000 5.32121845e+000
 2.41902634e+000 2.22129688e+001 7.42978262e+000 1.47831861e+001
 2.45044227e+000 3.08108043e+001 7.38995783e+000 2.34208465e+001
 2.48185820e+000 3.68658260e+001 7.33249776e+000 2.95333282e+001
 2.51327412e+000 3.90628994e+001 7.25637583e+000 3.18065235e+001
 2.54469005e+000 3.68172985e+001 7.16053693e+000 2.96567616e+001
 2.57610598e+000 3.04506360e+001 7.04389766e+000 2.34067383e+001
 2.60752190e+000 2.11434716e+001 6.90534676e+000 1.42381248e+001
 2.63893783e+000 1.06699390e+001 6.74374551e+000 3.92619354e+000
 2.67035376e+000 9.81014826e-001 6.55792832e+000 5.57691350e+000
 2.70176968e+000 -6.25353668e+000 6.34670335e+000 1.26002400e+001
 2.73318561e+000 -1.00222388e+001 6.10885319e+000 1.61310920e+001
 2.76460154e+000 -1.01686524e+001 5.84313575e+000 1.60117882e+001
 2.79601746e+000 -7.36011493e+000 5.54828513e+000 1.29084001e+001
 2.82743339e+000 -2.84588590e+000 5.22301271e+000 8.06889861e+000
 2.85884931e+000 1.91875476e+000 4.86600825e+000 2.94725349e+000
 2.89026524e+000 5.67037092e+000 4.47594118e+000 1.19442974e+000
 2.92168117e+000 7.64354320e+000 4.05146201e+000 3.59208119e+000
 2.95309709e+000 7.70403787e+000 3.59120382e+000 4.11283406e+000
 2.98451302e+000 6.28342760e+000 3.09378392e+000 3.18964368e+000
 3.01592895e+000 4.15121956e+000 2.55780566e+000 1.59341390e+000
 3.04734487e+000 2.10878134e+000 1.98186037e+000 1.26920968e-001
 3.07876080e+000 7.09457082e-001 1.36452942e+000 6.55072336e-001
 3.11017673e+000 9.55122510e-002 7.04386497e-001 6.08874246e-001
 3.14159265e+000 2.50933367e-014 2.83382392e-015 2.22595128e-014
