 0.00000000e+000 0.00000000e+000 0.00000000e+000 0.00000000e+000
 3.14159265e-002 -2.08345507e-002 3.24132214e-002 5.32477721e-002
 6.28318531e-002 -4.09519373e-002 6.68623449e-002 1.07814282e-001
 9.42477796e-002 -5.96422915e-002 1.03409224e-001 1.63051516e-001
 1.25663706e-001 -7.62102270e-002 1.42115451e-001 2.18325678e-001
 1.57079633e-001 -8.99818115e-002 1.83042214e-001 2.73024025e-001
 1.88495559e-001 -1.00311218e-001 2.26250143e-001 3.26561361e-001
 2.19911486e-001 -1.06586965e-001 2.71799158e-001 3.78386123e-001
 2.51327412e-001 -1.08237645e-001 3.19748292e-001 4.27985937e-001
 2.82743339e-001 -1.04737078e-001 3.70155520e-001 4.74892598e-001
 3.14159265e-001 -9.56088063e-002 4.23077568e-001 5.18686375e-001
 3.45575192e-001 -8.04298819e-002 4.78569719e-001 5.58999601e-001
 3.76991118e-001 -5.88338997e-002 5.36685605e-001 5.95519505e-001
 4.08407045e-001 -3.05132491e-002 5.97476992e-001 6.27990242e-001
 4.39822972e-001 4.77943430e-003 6.60993554e-001 6.56214120e-001
 4.71238898e-001 4.72306168e-002 7.27282634e-001 6.80052018e-001
 5.02654825e-001 9.69660021e-002 7.96388999e-001 6.99422997e-001
 5.34070751e-001 1.54051428e-001 8.68354578e-001 7.14303150e-001
 5.65486678e-001 2.18494483e-001 9.43218198e-001 7.24723715e-001
 5.96902604e-001 2.90246796e-001 1.02101530e+000 7.30768503e-001
 6.28318531e-001 3.69206925e-001 1.10177764e+000 7.32570719e-001
 6.59734457e-001 4.55223791e-001 1.18553302e+000 7.30309227e-001
 6.91150384e-001 5.48100556e-001 1.27230491e+000 7.24204351e-001
 7.22566310e-001 6.47598872e-001 1.36211218e+000 7.14513308e-001
 7.53982237e-001 7.53443410e-001 1.45496874e+000 7.01525333e-001
 7.85398163e-001 8.65326566e-001 1.55088320e+000 6.85556631e-001
 8.16814090e-001 9.82913257e-001 1.64985847e+000 6.66945211e-001
 8.48230016e-001 1.10584571e+000 1.75189144e+000 6.46045723e-001
 8.79645943e-001 1.23374818e+000 1.85697256e+000 6.23224377e-001
 9.11061870e-001 1.36623143e+000 1.96508546e+000 5.98854026e-001
 9.42477796e-001 1.50289702e+000 2.07620652e+000 5.73309500e-001
 9.73893723e-001 1.64334122e+000 2.19030447e+000 5.46963255e-001
 1.00530965e+000 1.78715855e+000 2.30733996e+000 5.20181407e-001
 1.03672558e+000 1.93394488e+000 2.42726507e+000 4.93320188e-001
 1.06814150e+000 2.08330002e+000 2.55002291e+000 4.66722888e-001
 1.09955743e+000 2.23482986e+000 2.67554714e+000 4.40717281e-001
 1.13097336e+000 2.38814789e+000 2.80376147e+000 4.15613585e-001
 1.16238928e+000 2.54287626e+000 2.93457919e+000 3.91702929e-001
 1.19380521e+000 2.69864629e+000 3.06790264e+000 3.69256350e-001
 1.22522113e+000 2.85509848e+000 3.20362276e+000 3.48524274e-001
 1.25663706e+000 3.01188203e+000 3.34161850e+000 3.29736469e-001
 1.28805299e+000 3.16865394e+000 3.48175637e+000 3.13102426e-001
 1.31946891e+000 3.32507769e+000 3.62388980e+000 2.98812117e-001
 1.35088484e+000 3.48082164e+000 3.76785871e+000 2.87037074e-001
 1.38230077e+000 3.63555714e+000 3.91348887e+000 2.77931729e-001
 1.41371669e+000 3.78895641e+000 4.06059136e+000 2.71634946e-001
 1.44513262e+000 3.94069036e+000 4.20896203e+000 2.68271674e-001
 1.47654855e+000 4.09042625e+000 4.35838090e+000 2.67954645e-001
 1.50796447e+000 4.23782553e+000 4.50861158e+000 2.70786052e-001
 1.53938040e+000 4.38254159e+000 4.65940072e+000 2.76859130e-001
 1.57079633e+000 4.52421781e+000 4.81047738e+000 2.86259567e-001
 1.60221225e+000 4.66248579e+000 4.96155248e+000 2.99066695e-001
 1.63362818e+000 4.79696381e+000 5.11231819e+000 3.15354384e-001
 1.66504411e+000 4.92725574e+000 5.26244735e+000 3.35191602e-001
 1.69646003e+000 5.05295028e+000 5.41159287e+000 3.58642590e-001
 1.72787596e+000 5.17362057e+000 5.55938719e+000 3.85766615e-001
 1.75929189e+000 5.28882434e+000 5.70544161e+000 4.16617279e-001
 1.79070781e+000 5.39810447e+000 5.84934583e+000 4.51241361e-001
 1.82212374e+000 5.50099009e+000 5.99066728e+000 4.89677195e-001
 1.85353967e+000 5.59699804e+000 6.12895062e+000 5.31952571e-001
 1.88495559e+000 5.68563497e+000 6.26371715e+000 5.78082181e-001
 1.91637152e+000 5.76639967e+000 6.39446431e+000 6.28064637e-001
 1.94778745e+000 5.83878606e+000 6.52066514e+000 6.81879075e-001
 1.97920337e+000 5.90228636e+000 6.64176775e+000 7.39481391e-001
 2.01061930e+000 5.95639470e+000 6.75719486e+000 8.00800157e-001
 2.04203522e+000 6.00061105e+000 6.86634331e+000 8.65732264e-001
 2.07345115e+000 6.03444528e+000 6.96858362e+000 9.34138344e-001
 2.10486708e+000 6.05742152e+000 7.06325955e+000 1.00583804e+000
 2.13628300e+000 6.06908257e+000 7.14968773e+000 1.08060516e+000
 2.16769893e+000 6.06899439e+000 7.22715726e+000 1.15816287e+000
 2.19911486e+000 6.05675060e+000 7.29492939e+000 1.23817878e+000
 2.23053078e+000 6.03197689e+000 7.35223721e+000 1.32026032e+000
 2.26194671e+000 5.99433533e+000 7.39828542e+000 1.40395009e+000
 2.29336264e+000 5.94352849e+000 7.43225005e+000 1.48872157e+000
 2.32477856e+000 5.87930333e+000 7.45327834e+000 1.57397500e+000
 2.35619449e+000 5.80145482e+000 7.46048854e+000 1.65903371e+000
 2.38761042e+000 5.70982921e+000 7.45296991e+000 1.74314070e+000
 2.41902634e+000 5.60432692e+000 7.42978262e+000 1.82545570e+000
 2.45044227e+000 5.48490512e+000 7.38995783e+000 1.90505271e+000
 2.48185820e+000 5.35157976e+000 7.33249776e+000 1.98091800e+000
 2.51327412e+000 5.20442723e+000 7.25637583e+000 2.05194860e+000
 2.54469005e+000 5.04358559e+000 7.16053693e+000 2.11695134e+000
 2.57610598e+000 4.86925523e+000 7.04389766e+000 2.17464243e+000
 2.60752190e+000 4.68169912e+000 6.90534676e+000 2.22364763e+000
 2.63893783e+000 4.48124261e+000 6.74374551e+000 2.26250289e+000
 2.67035376e+000 4.26827273e+000 6.55792832e+000 2.28965560e+000
 2.70176968e+000 4.04323700e+000 6.34670335e+000 2.30346634e+000
 2.73318561e+000 3.80664193e+000 6.10885319e+000 2.30221126e+000
 2.76460154e+000 3.55905096e+000 5.84313575e+000 2.28408479e+000
 2.79601746e+000 3.30108206e+000 5.54828513e+000 2.24720307e+000
 2.82743339e+000 3.03340505e+000 5.22301271e+000 2.18960766e+000
 2.85884931e+000 2.75673839e+000 4.86600825e+000 2.10926986e+000
 2.89026524e+000 2.47184581e+000 4.47594118e+000 2.00409538e+000
 2.92168117e+000 2.17953259e+000 4.05146201e+000 1.87192942e+000
 2.95309709e+000 1.88064160e+000 3.59120382e+000 1.71056222e+000
 2.98451302e+000 1.57604907e+000 3.09378392e+000 1.51773485e+000
 3.01592895e+000 1.26666021e+000 2.55780566e+000 1.29114546e+000
 3.04734487e+000 9.53404620e-001 1.98186037e+000 1.02845575e+000
 3.07876080e+000 6.37231618e-001 1.36452942e+000 7.27297800e-001
 3.11017673e+000 3.19105369e-001 7.04386497e-001 3.85281128e-001
 3.14159265e+000 1.27920965e-015 2.83382392e-015 1.55461428e-015
