 0.00000000e+000 0.00000000e+000 0.00000000e+000 0.00000000e+000
 3.14159265e-002 7.98111979e-002 3.24132214e-002 4.73979765e-002
 6.28318531e-002 1.58909677e-001 6.68623449e-002 9.20473320e-002
 9.42477796e-002 2.36605994e-001 1.03409224e-001 1.33196770e-001
 1.25663706e-001 3.12256626e-001 1.42115451e-001 1.70141175e-001
 1.57079633e-001 3.85285366e-001 1.83042214e-001 2.02243152e-001
 1.88495559e-001 4.55202891e-001 2.26250143e-001 2.28952748e-001
 2.19911486e-001 5.21623967e-001 2.71799158e-001 2.49824809e-001
 2.51327412e-001 5.84281815e-001 3.19748292e-001 2.64533523e-001
 2.82743339e-001 6.43039249e-001 3.70155520e-001 2.72883729e-001
 3.14159265e-001 6.97896267e-001 4.23077568e-001 2.74818698e-001
 3.45575192e-001 7.48993878e-001 4.78569719e-001 2.70424159e-001
 3.76991118e-001 7.96614055e-001 5.36685605e-001 2.59928450e-001
 4.08407045e-001 8.41175783e-001 5.97476992e-001 2.43698790e-001
 4.39822972e-001 8.83227302e-001 6.60993554e-001 2.22233747e-001
 4.71238898e-001 9.23434733e-001 7.27282634e-001 1.96152099e-001
 5.02654825e-001 9.62567368e-001 7.96388999e-001 1.66178370e-001
 5.34070751e-001 1.00148000e+000 8.68354578e-001 1.33125422e-001
 5.65486678e-001 1.04109275e+000 9.43218198e-001 9.78745548e-002
 5.96902604e-001 1.08236893e+000 1.02101530e+000 6.13536291e-002
 6.28318531e-001 1.12629145e+000 1.10177764e+000 2.45138089e-002
 6.59734457e-001 1.17383854e+000 1.18553302e+000 1.16944773e-002
 6.91150384e-001 1.22595920e+000 1.27230491e+000 4.63457078e-002
 7.22566310e-001 1.28354925e+000 1.36211218e+000 7.85629261e-002
 7.53982237e-001 1.34742849e+000 1.45496874e+000 1.07540251e-001
 7.85398163e-001 1.41831957e+000 1.55088320e+000 1.32563626e-001
 8.16814090e-001 1.49682921e+000 1.64985847e+000 1.53029256e-001
 8.48230016e-001 1.58343224e+000 1.75189144e+000 1.68459195e-001
 8.79645943e-001 1.67845887e+000 1.85697256e+000 1.78513693e-001
 9.11061870e-001 1.78208555e+000 1.96508546e+000 1.82999914e-001
 9.42477796e-001 1.89432974e+000 2.07620652e+000 1.81876786e-001
 9.73893723e-001 2.01504864e+000 2.19030447e+000 1.75255836e-001
 1.00530965e+000 2.14394201e+000 2.30733996e+000 1.63397943e-001
 1.03672558e+000 2.28055898e+000 2.42726507e+000 1.46706082e-001
 1.06814150e+000 2.42430869e+000 2.55002291e+000 1.25714227e-001
 1.09955743e+000 2.57447448e+000 2.67554714e+000 1.01072668e-001
 1.13097336e+000 2.73023134e+000 2.80376147e+000 7.35301367e-002
 1.16238928e+000 2.89066602e+000 2.93457919e+000 4.39131701e-002
 1.19380521e+000 3.05479937e+000 3.06790264e+000 1.31032656e-002
 1.22522113e+000 3.22161034e+000 3.20362276e+000 1.79875828e-002
 1.25663706e+000 3.39006082e+000 3.34161850e+000 4.84423178e-002
 1.28805299e+000 3.55912091e+000 3.48175637e+000 7.73645439e-002
 1.31946891e+000 3.72779365e+000 3.62388980e+000 1.03903848e-001
 1.35088484e+000 3.89513874e+000 3.76785871e+000 1.27280027e-001
 1.38230077e+000 4.06029442e+000 3.91348887e+000 1.46805553e-001
 1.41371669e+000 4.22249700e+000 4.06059136e+000 1.61905643e-001
 1.44513262e+000 4.38109740e+000 4.20896203e+000 1.72135366e-001
 1.47654855e+000 4.53557417e+000 4.35838090e+000 1.77193277e-001
 1.50796447e+000 4.68554275e+000 4.50861158e+000 1.76931169e-001
 1.53938040e+000 4.83076034e+000 4.65940072e+000 1.71359625e-001
 1.57079633e+000 4.97112654e+000 4.81047738e+000 1.60649154e-001
 1.60221225e+000 5.10667930e+000 4.96155248e+000 1.45126818e-001
 1.63362818e+000 5.23758657e+000 5.11231819e+000 1.25268379e-001
 1.66504411e+000 5.36413344e+000 5.26244735e+000 1.01686095e-001
 1.69646003e+000 5.48670532e+000 5.41159287e+000 7.51124437e-002
 1.72787596e+000 5.60576731e+000 5.55938719e+000 4.63801286e-002
 1.75929189e+000 5.72184048e+000 5.70544161e+000 1.63988641e-002
 1.79070781e+000 5.83547533e+000 5.84934583e+000 1.38704985e-002
 1.82212374e+000 5.94722344e+000 5.99066728e+000 4.34438411e-002
 1.85353967e+000 6.05760769e+000 6.12895062e+000 7.13429251e-002
 1.88495559e+000 6.16709211e+000 6.26371715e+000 9.66250408e-002
 1.91637152e+000 6.27605195e+000 6.39446431e+000 1.18412357e-001
 1.94778745e+000 6.38474498e+000 6.52066514e+000 1.35920155e-001
 1.97920337e+000 6.49328460e+000 6.64176775e+000 1.48483148e-001
 2.01061930e+000 6.60161577e+000 6.75719486e+000 1.55579096e-001
 2.04203522e+000 6.70949431e+000 6.86634331e+000 1.56849002e-001
 2.07345115e+000 6.81647039e+000 6.96858362e+000 1.52113230e-001
 2.10486708e+000 6.92187660e+000 7.06325955e+000 1.41382952e-001
 2.13628300e+000 7.02482126e+000 7.14968773e+000 1.24866474e-001
 2.16769893e+000 7.12418719e+000 7.22715726e+000 1.02970068e-001
 2.19911486e+000 7.21863631e+000 7.29492939e+000 7.62930735e-002
 2.23053078e+000 7.30662003e+000 7.35223721e+000 4.56171778e-002
 2.26194671e+000 7.38639552e+000 7.39828542e+000 1.18899008e-002
 2.29336264e+000 7.45604759e+000 7.43225005e+000 2.37975350e-002
 2.32477856e+000 7.51351597e+000 7.45327834e+000 6.02376362e-002
 2.35619449e+000 7.55662747e+000 7.46048854e+000 9.61389267e-002
 2.38761042e+000 7.58313243e+000 7.45296991e+000 1.30162521e-001
 2.41902634e+000 7.59074492e+000 7.42978262e+000 1.60962296e-001
 2.45044227e+000 7.57718572e+000 7.38995783e+000 1.87227887e-001
 2.48185820e+000 7.54022738e+000 7.33249776e+000 2.07729622e-001
 2.51327412e+000 7.47774032e+000 7.25637583e+000 2.21364488e-001
 2.54469005e+000 7.38773907e+000 7.16053693e+000 2.27202134e-001
 2.57610598e+000 7.26842759e+000 7.04389766e+000 2.24529927e-001
 2.60752190e+000 7.11824281e+000 6.90534676e+000 2.12896052e-001
 2.63893783e+000 6.93589521e+000 6.74374551e+000 1.92149698e-001
 2.67035376e+000 6.72040571e+000 6.55792832e+000 1.62477385e-001
 2.70176968e+000 6.47113792e+000 6.34670335e+000 1.24434571e-001
 2.73318561e+000 6.18782496e+000 6.10885319e+000 7.89717718e-002
 2.76460154e+000 5.87059026e+000 5.84313575e+000 2.74545117e-002
 2.79601746e+000 5.51996168e+000 5.54828513e+000 2.83234484e-002
 2.82743339e+000 5.13687869e+000 5.22301271e+000 8.61340158e-002
 2.85884931e+000 4.72269216e+000 4.86600825e+000 1.43316085e-001
 2.89026524e+000 4.27915679e+000 4.47594118e+000 1.96784391e-001
 2.92168117e+000 3.80841615e+000 4.05146201e+000 2.43045862e-001
 2.95309709e+000 3.31298053e+000 3.59120382e+000 2.78223285e-001
 2.98451302e+000 2.79569797e+000 3.09378392e+000 2.98085949e-001
 3.01592895e+000 2.25971890e+000 2.55780566e+000 2.98086760e-001
 3.04734487e+000 1.70845513e+000 1.98186037e+000 2.73405237e-001
 3.07876080e+000 1.14553381e+000 1.36452942e+000 2.18995606e-001
 3.11017673e+000 5.74747327e-001 7.04386497e-001 1.29639170e-001
 3.14159265e+000 1.64151898e-015 2.83382392e-015 1.19230494e-015
