 0.00000000e+000 0.00000000e+000 0.00000000e+000 0.00000000e+000
 3.14159265e-002 3.24203645e-002 3.24132214e-002 7.14311313e-006
 6.28318531e-002 6.61189732e-002 6.68623449e-002 7.43371695e-004
 9.42477796e-002 1.02097727e-001 1.03409224e-001 1.31149682e-003
 1.25663706e-001 1.40899495e-001 1.42115451e-001 1.21595612e-003
 1.57079633e-001 1.82578226e-001 1.83042214e-001 4.63987693e-004
 1.88495559e-001 2.26825124e-001 2.26250143e-001 5.74980456e-004
 2.19911486e-001 2.73197992e-001 2.71799158e-001 1.39883427e-003
 2.51327412e-001 3.21365561e-001 3.19748292e-001 1.61726872e-003
 2.82743339e-001 3.71277082e-001 3.70155520e-001 1.12156215e-003
 3.14159265e-001 4.23199640e-001 4.23077568e-001 1.22071628e-004
 3.45575192e-001 4.77618474e-001 4.78569719e-001 9.51245255e-004
 3.76991118e-001 5.35048501e-001 5.36685605e-001 1.63710373e-003
 4.08407045e-001 5.95837742e-001 5.97476992e-001 1.63925019e-003
 4.39822972e-001 6.60043424e-001 6.60993554e-001 9.50130109e-004
 4.71238898e-001 7.27429847e-001 7.27282634e-001 1.47212522e-004
 5.02654825e-001 7.97586722e-001 7.96388999e-001 1.19772313e-003
 5.34070751e-001 8.70117909e-001 8.68354578e-001 1.76333064e-003
 5.65486678e-001 9.44822554e-001 9.43218198e-001 1.60435588e-003
 5.96902604e-001 1.02179445e+000 1.02101530e+000 7.79155542e-004
 6.28318531e-001 1.10139914e+000 1.10177764e+000 3.78503497e-004
 6.59734457e-001 1.18413798e+000 1.18553302e+000 1.39503960e-003
 6.91150384e-001 1.27045444e+000 1.27230491e+000 1.85046305e-003
 7.22566310e-001 1.36056124e+000 1.36211218e+000 1.55093696e-003
 7.53982237e-001 1.45435863e+000 1.45496874e+000 6.10116307e-004
 7.85398163e-001 1.55147757e+000 1.55088320e+000 5.94369957e-004
 8.16814090e-001 1.65143093e+000 1.64985847e+000 1.57246444e-003
 8.48230016e-001 1.75381195e+000 1.75189144e+000 1.92051513e-003
 8.79645943e-001 1.85845959e+000 1.85697256e+000 1.48702475e-003
 9.11061870e-001 1.96552311e+000 1.96508546e+000 4.37647437e-004
 9.42477796e-001 2.07539844e+000 2.07620652e+000 8.08076229e-004
 9.73893723e-001 2.18856038e+000 2.19030447e+000 1.74409333e-003
 1.00530965e+000 2.30535724e+000 2.30733996e+000 1.98272027e-003
 1.03672558e+000 2.42585067e+000 2.42726507e+000 1.41440040e-003
 1.06814150e+000 2.54976605e+000 2.55002291e+000 2.56862157e-004
 1.09955743e+000 2.67657510e+000 2.67554714e+000 1.02795807e-003
 1.13097336e+000 2.80567913e+000 2.80376147e+000 1.91765634e-003
 1.16238928e+000 2.93662012e+000 2.93457919e+000 2.04093368e-003
 1.19380521e+000 3.06923431e+000 3.06790264e+000 1.33167292e-003
 1.22522113e+000 3.20368471e+000 3.20362276e+000 6.19582143e-005
 1.25663706e+000 3.34035681e+000 3.34161850e+000 1.26169368e-003
 1.28805299e+000 3.47965682e+000 3.48175637e+000 2.09954696e-003
 1.31946891e+000 3.62179209e+000 3.62388980e+000 2.09771605e-003
 1.35088484e+000 3.76662211e+000 3.76785871e+000 1.23660026e-003
 1.38230077e+000 3.91364201e+000 3.91348887e+000 1.53138595e-004
 1.41371669e+000 4.06210800e+000 4.06059136e+000 1.51664188e-003
 1.44513262e+000 4.21125728e+000 4.20896203e+000 2.29524839e-003
 1.47654855e+000 4.36053503e+000 4.35838090e+000 2.15412973e-003
 1.50796447e+000 4.50973652e+000 4.50861158e+000 1.12494017e-003
 1.53938040e+000 4.65900399e+000 4.65940072e+000 3.96733994e-004
 1.57079633e+000 4.80867524e+000 4.81047738e+000 1.80214094e-003
 1.60221225e+000 4.95904110e+000 4.96155248e+000 2.51137956e-003
 1.63362818e+000 5.11010713e+000 5.11231819e+000 2.21105636e-003
 1.66504411e+000 5.26145648e+000 5.26244735e+000 9.90865162e-004
 1.69646003e+000 5.41227253e+000 5.41159287e+000 6.79653462e-004
 1.72787596e+000 5.56151718e+000 5.55938719e+000 2.12999123e-003
 1.75929189e+000 5.70819735e+000 5.70544161e+000 2.75573908e-003
 1.79070781e+000 5.85161413e+000 5.84934583e+000 2.26829580e-003
 1.82212374e+000 5.99149225e+000 5.99066728e+000 8.24967292e-004
 1.85353967e+000 6.12793261e+000 6.12895062e+000 1.01800289e-003
 1.88495559e+000 6.26119992e+000 6.26371715e+000 2.51723001e-003
 1.91637152e+000 6.39142515e+000 6.39446431e+000 3.03916296e-003
 1.94778745e+000 6.51834037e+000 6.52066514e+000 2.32476457e-003
 1.97920337e+000 6.64115513e+000 6.64176775e+000 6.12615859e-004
 2.01061930e+000 6.75863092e+000 6.75719486e+000 1.43605472e-003
 2.04203522e+000 6.86933227e+000 6.86634331e+000 2.98895330e-003
 2.07345115e+000 6.97196028e+000 6.96858362e+000 3.37666119e-003
 2.10486708e+000 7.06563622e+000 7.06325955e+000 2.37666112e-003
 2.13628300e+000 7.15001662e+000 7.14968773e+000 3.28884179e-004
 2.16769893e+000 7.22518388e+000 7.22715726e+000 1.97337863e-003
 2.19911486e+000 7.29134441e+000 7.29492939e+000 3.58497072e-003
 2.23053078e+000 7.34844676e+000 7.35223721e+000 3.79045597e-003
 2.26194671e+000 7.39587101e+000 7.39828542e+000 2.41440968e-003
 2.29336264e+000 7.43232107e+000 7.43225005e+000 7.10179974e-005
 2.32477856e+000 7.45597668e+000 7.45327834e+000 2.69834874e-003
 2.35619449e+000 7.46486037e+000 7.46048854e+000 4.37183048e-003
 2.38761042e+000 7.45728370e+000 7.45296991e+000 4.31379608e-003
 2.41902634e+000 7.43219562e+000 7.42978262e+000 2.41300198e-003
 2.45044227e+000 7.38928235e+000 7.38995783e+000 6.75481386e-004
 2.48185820e+000 7.32875812e+000 7.33249776e+000 3.73964524e-003
 2.51327412e+000 7.25090683e+000 7.25637583e+000 5.46900620e-003
 2.54469005e+000 7.15554135e+000 7.16053693e+000 4.99557753e-003
 2.57610598e+000 7.04159513e+000 7.04389766e+000 2.30252697e-003
 2.60752190e+000 6.90702720e+000 6.90534676e+000 1.68044204e-003
 2.63893783e+000 6.74911194e+000 6.74374551e+000 5.36643045e-003
 2.67035376e+000 6.56503655e+000 6.55792832e+000 7.10822961e-003
 2.70176968e+000 6.35259605e+000 6.34670335e+000 5.89270713e-003
 2.73318561e+000 6.11071222e+000 6.10885319e+000 1.85903371e-003
 2.76460154e+000 5.83954017e+000 5.84313575e+000 3.59558009e-003
 2.79601746e+000 5.54006058e+000 5.54828513e+000 8.22455489e-003
 2.82743339e+000 5.21324650e+000 5.22301271e+000 9.76621188e-003
 2.85884931e+000 4.85907498e+000 4.86600825e+000 6.93327151e-003
 2.89026524e+000 4.47575829e+000 4.47594118e+000 1.82895828e-004
 2.92168117e+000 4.05955036e+000 4.05146201e+000 8.08834947e-003
 2.95309709e+000 3.60533560e+000 3.59120382e+000 1.41317851e-002
 2.98451302e+000 3.10796849e+000 3.09378392e+000 1.41845711e-002
 3.01592895e+000 2.56407679e+000 2.55780566e+000 6.27113126e-003
 3.04734487e+000 1.97385331e+000 1.98186037e+000 8.00705741e-003
 3.07876080e+000 1.34230803e+000 1.36452942e+000 2.22213919e-002
 3.11017673e+000 6.79560923e-001 7.04386497e-001 2.48255744e-002
 3.14159265e+000 3.24986267e-015 2.83382392e-015 4.16038743e-016
