 0.00000000e+000 0.00000000e+000 0.00000000e+000 0.00000000e+000
 3.14159265e-002 3.88850481e-002 3.24132214e-002 6.47182678e-003
 6.28318531e-002 7.26713137e-002 6.68623449e-002 5.80896884e-003
 9.42477796e-002 1.02087670e-001 1.03409224e-001 1.32155398e-003
 1.25663706e-001 1.34025120e-001 1.42115451e-001 8.09033092e-003
 1.57079633e-001 1.75809901e-001 1.83042214e-001 7.23231248e-003
 1.88495559e-001 2.28401627e-001 2.26250143e-001 2.15148346e-003
 2.19911486e-001 2.84775201e-001 2.71799158e-001 1.29760429e-002
 2.51327412e-001 3.35454571e-001 3.19748292e-001 1.57062787e-002
 2.82743339e-001 3.76862696e-001 3.70155520e-001 6.70717621e-003
 3.14159265e-001 4.15288865e-001 4.23077568e-001 7.78870307e-003
 3.45575192e-001 4.62559358e-001 4.78569719e-001 1.60103606e-002
 3.76991118e-001 5.26439770e-001 5.36685605e-001 1.02458353e-002
 4.08407045e-001 6.03612493e-001 5.97476992e-001 6.13550080e-003
 4.39822972e-001 6.81478762e-001 6.60993554e-001 2.04852072e-002
 4.71238898e-001 7.47981570e-001 7.27282634e-001 2.06989360e-002
 5.02654825e-001 8.01782617e-001 7.96388999e-001 5.39361834e-003
 5.34070751e-001 8.54270887e-001 8.68354578e-001 1.40836914e-002
 5.65486678e-001 9.21128500e-001 9.43218198e-001 2.20896977e-002
 5.96902604e-001 1.00973386e+000 1.02101530e+000 1.12814347e-002
 6.28318531e-001 1.11254880e+000 1.10177764e+000 1.07711526e-002
 6.59734457e-001 1.21232985e+000 1.18553302e+000 2.67968348e-002
 6.91150384e-001 1.29562007e+000 1.27230491e+000 2.33151651e-002
 7.22566310e-001 1.36396889e+000 1.36211218e+000 1.85671385e-003
 7.53982237e-001 1.43358276e+000 1.45496874e+000 2.13859871e-002
 7.85398163e-001 1.52303613e+000 1.55088320e+000 2.78470704e-002
 8.16814090e-001 1.63837430e+000 1.64985847e+000 1.14841678e-002
 8.48230016e-001 1.76754841e+000 1.75189144e+000 1.56569692e-002
 8.79645943e-001 1.88917024e+000 1.85697256e+000 3.21976818e-002
 9.11061870e-001 1.98924105e+000 1.96508546e+000 2.41555930e-002
 9.42477796e-001 2.07276261e+000 2.07620652e+000 3.44391213e-003
 9.73893723e-001 2.16064017e+000 2.19030447e+000 2.96643066e-002
 1.00530965e+000 2.27367163e+000 2.30733996e+000 3.36683222e-002
 1.03672558e+000 2.41586865e+000 2.42726507e+000 1.13964181e-002
 1.06814150e+000 2.57043618e+000 2.55002291e+000 2.04132637e-002
 1.09955743e+000 2.71218568e+000 2.67554714e+000 3.66385306e-002
 1.13097336e+000 2.82718290e+000 2.80376147e+000 2.34214266e-002
 1.16238928e+000 2.92427052e+000 2.93457919e+000 1.03086635e-002
 1.19380521e+000 3.02894847e+000 3.06790264e+000 3.89541663e-002
 1.22522113e+000 3.16375254e+000 3.20362276e+000 3.98702139e-002
 1.25663706e+000 3.33017034e+000 3.34161850e+000 1.14481661e-002
 1.28805299e+000 3.50650300e+000 3.48175637e+000 2.47466312e-002
 1.31946891e+000 3.66399271e+000 3.62388980e+000 4.01029072e-002
 1.35088484e+000 3.78915744e+000 3.76785871e+000 2.12987205e-002
 1.38230077e+000 3.89491167e+000 3.91348887e+000 1.85771958e-002
 1.41371669e+000 4.01126897e+000 4.06059136e+000 4.93223919e-002
 1.44513262e+000 4.16220109e+000 4.20896203e+000 4.67609387e-002
 1.47654855e+000 4.34637914e+000 4.35838090e+000 1.20017588e-002
 1.50796447e+000 4.53709507e+000 4.50861158e+000 2.84834889e-002
 1.53938040e+000 4.70211225e+000 4.65940072e+000 4.27115272e-002
 1.57079633e+000 4.82856033e+000 4.81047738e+000 1.80829518e-002
 1.60221225e+000 4.93351933e+000 4.96155248e+000 2.80331557e-002
 1.63362818e+000 5.05150010e+000 5.11231819e+000 6.08180863e-002
 1.66504411e+000 5.20782823e+000 5.26244735e+000 5.46191143e-002
 1.69646003e+000 5.39826715e+000 5.41159287e+000 1.33257190e-002
 1.72787596e+000 5.59101200e+000 5.55938719e+000 3.16248154e-002
 1.75929189e+000 5.75024747e+000 5.70544161e+000 4.48058550e-002
 1.79070781e+000 5.86361830e+000 5.84934583e+000 1.42724657e-002
 1.82212374e+000 5.95234357e+000 5.99066728e+000 3.83237081e-002
 1.85353967e+000 6.05553424e+000 6.12895062e+000 7.34163721e-002
 1.88495559e+000 6.20006233e+000 6.26371715e+000 6.36548197e-002
 1.91637152e+000 6.37891096e+000 6.39446431e+000 1.55533494e-002
 1.94778745e+000 6.55507427e+000 6.52066514e+000 3.44091355e-002
 1.97920337e+000 6.68880578e+000 6.64176775e+000 4.70380275e-002
 2.01061930e+000 6.76786689e+000 6.75719486e+000 1.06720295e-002
 2.04203522e+000 6.81747647e+000 6.86634331e+000 4.88668444e-002
 2.07345115e+000 6.88162785e+000 6.96858362e+000 8.69557763e-002
 2.10486708e+000 6.98928396e+000 7.06325955e+000 7.39755916e-002
 2.13628300e+000 7.13103536e+000 7.14968773e+000 1.86523706e-002
 2.16769893e+000 7.26453029e+000 7.22715726e+000 3.73730298e-002
 2.19911486e+000 7.34540855e+000 7.29492939e+000 5.04791683e-002
 2.23053078e+000 7.36076971e+000 7.35223721e+000 8.53250153e-003
 2.26194671e+000 7.33955973e+000 7.39828542e+000 5.87256945e-002
 2.29336264e+000 7.33117945e+000 7.43225005e+000 1.01070599e-001
 2.32477856e+000 7.36769552e+000 7.45327834e+000 8.55828151e-002
 2.35619449e+000 7.43805030e+000 7.46048854e+000 2.24382401e-002
 2.38761042e+000 7.49436582e+000 7.45296991e+000 4.13959114e-002
 2.41902634e+000 7.48655285e+000 7.42978262e+000 5.67702334e-002
 2.45044227e+000 7.39973938e+000 7.38995783e+000 9.78154554e-003
 2.48185820e+000 7.26610151e+000 7.33249776e+000 6.63962510e-002
 2.51327412e+000 7.14127129e+000 7.25637583e+000 1.15104546e-001
 2.54469005e+000 7.06209733e+000 7.16053693e+000 9.84395991e-002
 2.57610598e+000 7.01719966e+000 7.04389766e+000 2.66980052e-002
 2.60752190e+000 6.95304783e+000 6.90534676e+000 4.77010714e-002
 2.63893783e+000 6.81213181e+000 6.74374551e+000 6.83862984e-002
 2.67035376e+000 6.57544852e+000 6.55792832e+000 1.75202005e-002
 2.70176968e+000 6.27739937e+000 6.34670335e+000 6.93039799e-002
 2.73318561e+000 5.98095966e+000 6.10885319e+000 1.27893529e-001
 2.76460154e+000 5.73045800e+000 5.84313575e+000 1.12677750e-001
 2.79601746e+000 5.51665094e+000 5.54828513e+000 3.16341885e-002
 2.82743339e+000 5.28066879e+000 5.22301271e+000 5.76560793e-002
 2.85884931e+000 4.95519492e+000 4.86600825e+000 8.91866741e-002
 2.89026524e+000 4.51341432e+000 4.47594118e+000 3.74731393e-002
 2.92168117e+000 3.98955133e+000 4.05146201e+000 6.19106809e-002
 2.95309709e+000 3.45478044e+000 3.59120382e+000 1.36423381e-001
 2.98451302e+000 2.96487403e+000 3.09378392e+000 1.28909887e-001
 3.01592895e+000 2.51742232e+000 2.55780566e+000 4.03833411e-002
 3.04734487e+000 2.05072642e+000 1.98186037e+000 6.88660524e-002
 3.07876080e+000 1.48704800e+000 1.36452942e+000 1.22518585e-001
 3.11017673e+000 7.90719351e-001 7.04386497e-001 8.63328542e-002
 3.14159265e+000 3.55386138e-015 2.83382392e-015 7.20037456e-016
