 0.00000000e+000 0.00000000e+000 0.00000000e+000 0.00000000e+000
 3.14159265e-002 3.93274380e-002 3.24132214e-002 6.91421663e-003
 6.28318531e-002 8.09131035e-002 6.68623449e-002 1.40507586e-002
 9.42477796e-002 1.26107339e-001 1.03409224e-001 2.26981145e-002
 1.25663706e-001 1.74971566e-001 1.42115451e-001 3.28561148e-002
 1.57079633e-001 2.26613849e-001 1.83042214e-001 4.35716352e-002
 1.88495559e-001 2.79984408e-001 2.26250143e-001 5.37342652e-002
 2.19911486e-001 3.34614113e-001 2.71799158e-001 6.28149554e-002
 2.51327412e-001 3.90863544e-001 3.19748292e-001 7.11152513e-002
 2.82743339e-001 4.49600707e-001 3.70155520e-001 7.94451868e-002
 3.14159265e-001 5.11592622e-001 4.23077568e-001 8.85150534e-002
 3.45575192e-001 5.77040765e-001 4.78569719e-001 9.84710457e-002
 3.76991118e-001 6.45542978e-001 5.36685605e-001 1.08857373e-001
 4.08407045e-001 7.16453836e-001 5.97476992e-001 1.18976844e-001
 4.39822972e-001 7.89362061e-001 6.60993554e-001 1.28368506e-001
 4.71238898e-001 8.64362803e-001 7.27282634e-001 1.37080169e-001
 5.02654825e-001 9.41972625e-001 7.96388999e-001 1.45583626e-001
 5.34070751e-001 1.02277991e+000 8.68354578e-001 1.54425330e-001
 5.65486678e-001 1.10708004e+000 9.43218198e-001 1.63861839e-001
 5.96902604e-001 1.19472832e+000 1.02101530e+000 1.73713026e-001
 6.28318531e-001 1.28528635e+000 1.10177764e+000 1.83508705e-001
 6.59734457e-001 1.37834965e+000 1.18553302e+000 1.92816637e-001
 6.91150384e-001 1.47383952e+000 1.27230491e+000 2.01534612e-001
 7.22566310e-001 1.57207291e+000 1.36211218e+000 2.09960727e-001
 7.53982237e-001 1.67356707e+000 1.45496874e+000 2.18598325e-001
 7.85398163e-001 1.77870366e+000 1.55088320e+000 2.27820466e-001
 8.16814090e-001 1.88747200e+000 1.64985847e+000 2.37613534e-001
 8.48230016e-001 1.99946980e+000 1.75189144e+000 2.47578359e-001
 8.79645943e-001 2.11417699e+000 1.85697256e+000 2.57204426e-001
 9.11061870e-001 2.23132858e+000 1.96508546e+000 2.66243116e-001
 9.42477796e-001 2.35112410e+000 2.07620652e+000 2.74917577e-001
 9.73893723e-001 2.47410240e+000 2.19030447e+000 2.83797929e-001
 1.00530965e+000 2.60074104e+000 2.30733996e+000 2.93401082e-001
 1.03672558e+000 2.73105623e+000 2.42726507e+000 3.03791164e-001
 1.06814150e+000 2.86451269e+000 2.55002291e+000 3.14489778e-001
 1.09955743e+000 3.00034802e+000 2.67554714e+000 3.24800872e-001
 1.13097336e+000 3.13810131e+000 2.80376147e+000 3.34339833e-001
 1.16238928e+000 3.27794686e+000 2.93457919e+000 3.43367669e-001
 1.19380521e+000 3.42054243e+000 3.06790264e+000 3.52639793e-001
 1.22522113e+000 3.56646034e+000 3.20362276e+000 3.62837582e-001
 1.25663706e+000 3.71561763e+000 3.34161850e+000 3.73999124e-001
 1.28805299e+000 3.86717116e+000 3.48175637e+000 3.85414790e-001
 1.31946891e+000 4.02001424e+000 3.62388980e+000 3.96124431e-001
 1.35088484e+000 4.17353039e+000 3.76785871e+000 4.05671676e-001
 1.38230077e+000 4.32800807e+000 3.91348887e+000 4.14519198e-001
 1.41371669e+000 4.48433587e+000 4.06059136e+000 4.23744508e-001
 1.44513262e+000 4.64315554e+000 4.20896203e+000 4.34193509e-001
 1.47654855e+000 4.80412191e+000 4.35838090e+000 4.45741018e-001
 1.50796447e+000 4.96589947e+000 4.50861158e+000 4.57287893e-001
 1.53938040e+000 5.12697505e+000 4.65940072e+000 4.67574330e-001
 1.57079633e+000 5.28668967e+000 4.81047738e+000 4.76212290e-001
 1.60221225e+000 5.44564516e+000 4.96155248e+000 4.84092682e-001
 1.63362818e+000 5.60507846e+000 5.11231819e+000 4.92760269e-001
 1.66504411e+000 5.76562367e+000 5.26244735e+000 5.03176319e-001
 1.69646003e+000 5.92644237e+000 5.41159287e+000 5.14849497e-001
 1.72787596e+000 6.08549450e+000 5.55938719e+000 5.26107314e-001
 1.75929189e+000 6.24083916e+000 5.70544161e+000 5.35397547e-001
 1.79070781e+000 6.39197210e+000 5.84934583e+000 5.42626271e-001
 1.82212374e+000 6.54007053e+000 5.99066728e+000 5.49403253e-001
 1.85353967e+000 6.68682179e+000 6.12895062e+000 5.57871173e-001
 1.88495559e+000 6.83267786e+000 6.26371715e+000 5.68960719e-001
 1.91637152e+000 6.97595491e+000 6.39446431e+000 5.81490600e-001
 1.94778745e+000 7.11363309e+000 6.52066514e+000 5.92967950e-001
 1.97920337e+000 7.24336227e+000 6.64176775e+000 6.01594519e-001
 2.01061930e+000 7.36510064e+000 6.75719486e+000 6.07905781e-001
 2.04203522e+000 7.48095029e+000 6.86634331e+000 6.14606980e-001
 2.07345115e+000 7.59312409e+000 6.96858362e+000 6.24540472e-001
 2.10486708e+000 7.70155887e+000 7.06325955e+000 6.38299319e-001
 2.13628300e+000 7.80316532e+000 7.14968773e+000 6.53477585e-001
 2.16769893e+000 7.89354668e+000 7.22715726e+000 6.66389427e-001
 2.19911486e+000 7.97001824e+000 7.29492939e+000 6.75088856e-001
 2.23053078e+000 8.03351190e+000 7.35223721e+000 6.81274690e-001
 2.26194671e+000 8.08760106e+000 7.39828542e+000 6.89315635e-001
 2.29336264e+000 8.13510766e+000 7.43225005e+000 7.02857608e-001
 2.32477856e+000 8.17486839e+000 7.45327834e+000 7.21590051e-001
 2.35619449e+000 8.20143822e+000 7.46048854e+000 7.40949679e-001
 2.38761042e+000 8.20838529e+000 7.45296991e+000 7.55415386e-001
 2.41902634e+000 8.19286968e+000 7.42978262e+000 7.63087061e-001
 2.45044227e+000 8.15778560e+000 7.38995783e+000 7.67827764e-001
 2.48185820e+000 8.10927873e+000 7.33249776e+000 7.76780967e-001
 2.51327412e+000 8.05104801e+000 7.25637583e+000 7.94672178e-001
 2.54469005e+000 7.97977876e+000 7.16053693e+000 8.19241829e-001
 2.57610598e+000 7.88577758e+000 7.04389766e+000 8.41879914e-001
 2.60752190e+000 7.75914336e+000 6.90534676e+000 8.53796603e-001
 2.63893783e+000 7.59719695e+000 6.74374551e+000 8.53451439e-001
 2.67035376e+000 7.40709510e+000 6.55792832e+000 8.49166782e-001
 2.70176968e+000 7.20050832e+000 6.34670335e+000 8.53804971e-001
 2.73318561e+000 6.98329809e+000 6.10885319e+000 8.74444903e-001
 2.76460154e+000 6.74785883e+000 5.84313575e+000 9.04723087e-001
 2.79601746e+000 6.47512192e+000 5.54828513e+000 9.26836789e-001
 2.82743339e+000 6.14673809e+000 5.22301271e+000 9.23725385e-001
 2.85884931e+000 5.75977393e+000 4.86600825e+000 8.93765685e-001
 2.89026524e+000 5.33249826e+000 4.47594118e+000 8.56557081e-001
 2.92168117e+000 4.89420416e+000 4.05146201e+000 8.42742146e-001
 2.95309709e+000 4.46264639e+000 3.59120382e+000 8.71442573e-001
 2.98451302e+000 4.02275139e+000 3.09378392e+000 9.28967474e-001
 3.01592895e+000 3.52236146e+000 2.55780566e+000 9.64555802e-001
 3.04734487e+000 2.89219158e+000 1.98186037e+000 9.10331214e-001
 3.07876080e+000 2.08235767e+000 1.36452942e+000 7.17828247e-001
 3.11017673e+000 1.09602199e+000 7.04386497e-001 3.91635489e-001
 3.14159265e+000 9.48585360e-016 2.83382392e-015 1.88523856e-015
