 0.00000000e+000 0.00000000e+000 0.00000000e+000 0.00000000e+000
 3.14159265e-002 2.59536454e-002 3.24132214e-002 6.45957599e-003
 6.28318531e-002 5.33393663e-002 6.68623449e-002 1.35229786e-002
 9.42477796e-002 8.34760716e-002 1.03409224e-001 1.99331527e-002
 1.25663706e-001 1.17467338e-001 1.42115451e-001 2.46481131e-002
 1.57079633e-001 1.56120155e-001 1.83042214e-001 2.69220589e-002
 1.88495559e-001 1.99892387e-001 2.26250143e-001 2.63577557e-002
 2.19911486e-001 2.48873929e-001 2.71799158e-001 2.29252285e-002
 2.51327412e-001 3.02803125e-001 3.19748292e-001 1.69451676e-002
 2.82743339e-001 3.61116564e-001 3.70155520e-001 9.03895625e-003
 3.14159265e-001 4.23027027e-001 4.23077568e-001 5.05412306e-005
 3.45575192e-001 4.87621571e-001 4.78569719e-001 9.05185209e-003
 3.76991118e-001 5.53969793e-001 5.36685605e-001 1.72841877e-002
 4.08407045e-001 6.21231324e-001 5.97476992e-001 2.37543311e-002
 4.39822972e-001 6.88751757e-001 6.60993554e-001 2.77582026e-002
 4.71238898e-001 7.56137430e-001 7.27282634e-001 2.88547958e-002
 5.02654825e-001 8.23301663e-001 7.96388999e-001 2.69126646e-002
 5.34070751e-001 8.90477994e-001 8.68354578e-001 2.21234162e-002
 5.65486678e-001 9.58199308e-001 9.43218198e-001 1.49811099e-002
 5.96902604e-001 1.02724524e+000 1.02101530e+000 6.22994123e-003
 6.28318531e-001 1.09856345e+000 1.10177764e+000 3.21418991e-003
 6.59734457e-001 1.17317304e+000 1.18553302e+000 1.23599771e-002
 6.91150384e-001 1.25206009e+000 1.27230491e+000 2.02448184e-002
 7.22566310e-001 1.33607627e+000 1.36211218e+000 2.60359109e-002
 7.53982237e-001 1.42585092e+000 1.45496874e+000 2.91178280e-002
 7.85398163e-001 1.52172571e+000 1.55088320e+000 2.91574839e-002
 8.16814090e-001 1.62371874e+000 1.64985847e+000 2.61397240e-002
 8.48230016e-001 1.73152163e+000 1.75189144e+000 2.03698082e-002
 8.79645943e-001 1.84453009e+000 1.85697256e+000 1.24424730e-002
 9.11061870e-001 1.96190475e+000 1.96508546e+000 3.18070854e-003
 9.42477796e-001 2.08265599e+000 2.07620652e+000 6.44947112e-003
 9.73893723e-001 2.20574396e+000 2.19030447e+000 1.54394883e-002
 1.00530965e+000 2.33018346e+000 2.30733996e+000 2.28435075e-002
 1.03672558e+000 2.45514273e+000 2.42726507e+000 2.78776613e-002
 1.06814150e+000 2.58002576e+000 2.55002291e+000 3.00028512e-002
 1.09955743e+000 2.70452958e+000 2.67554714e+000 2.89824305e-002
 1.13097336e+000 2.82867010e+000 2.80376147e+000 2.49086294e-002
 1.16238928e+000 2.95277398e+000 2.93457919e+000 1.81947889e-002
 1.19380521e+000 3.07743663e+000 3.06790264e+000 9.53399442e-003
 1.22522113e+000 3.20345095e+000 3.20362276e+000 1.71808535e-004
 1.25663706e+000 3.33171346e+000 3.34161850e+000 9.90504578e-003
 1.28805299e+000 3.46311782e+000 3.48175637e+000 1.86385435e-002
 1.31946891e+000 3.59844640e+000 3.62388980e+000 2.54434012e-002
 1.35088484e+000 3.73827125e+000 3.76785871e+000 2.95874658e-002
 1.38230077e+000 3.88287483e+000 3.91348887e+000 3.06140408e-002
 1.41371669e+000 4.03219895e+000 4.06059136e+000 2.83924154e-002
 1.44513262e+000 4.18582738e+000 4.20896203e+000 2.31346469e-002
 1.47654855e+000 4.34300442e+000 4.35838090e+000 1.53764818e-002
 1.50796447e+000 4.50268757e+000 4.50861158e+000 5.92401068e-003
 1.53938040e+000 4.66362948e+000 4.65940072e+000 4.22875752e-003
 1.57079633e+000 4.82448050e+000 4.81047738e+000 1.40031185e-002
 1.60221225e+000 4.98390161e+000 4.96155248e+000 2.23491323e-002
 1.63362818e+000 5.14067573e+000 5.11231819e+000 2.83575427e-002
 1.66504411e+000 5.29380572e+000 5.26244735e+000 3.13583696e-002
 1.69646003e+000 5.44258847e+000 5.41159287e+000 3.09955995e-002
 1.72787596e+000 5.58665691e+000 5.55938719e+000 2.72697286e-002
 1.75929189e+000 5.72598475e+000 5.70544161e+000 2.05431384e-002
 1.79070781e+000 5.86085292e+000 5.84934583e+000 1.15070836e-002
 1.82212374e+000 5.99178035e+000 5.99066728e+000 1.11307234e-003
 1.85353967e+000 6.11942582e+000 6.12895062e+000 9.52479920e-003
 1.88495559e+000 6.24447033e+000 6.26371715e+000 1.92468122e-002
 1.91637152e+000 6.36749239e+000 6.39446431e+000 2.69719167e-002
 1.94778745e+000 6.48884880e+000 6.52066514e+000 3.18163332e-002
 1.97920337e+000 6.60857401e+000 6.64176775e+000 3.31937428e-002
 2.01061930e+000 6.72630890e+000 6.75719486e+000 3.08859586e-002
 2.04203522e+000 6.84126752e+000 6.86634331e+000 2.50757877e-002
 2.07345115e+000 6.95224608e+000 6.96858362e+000 1.63375378e-002
 2.10486708e+000 7.05767461e+000 7.06325955e+000 5.58494276e-003
 2.13628300e+000 7.15570698e+000 7.14968773e+000 6.01924813e-003
 2.16769893e+000 7.24434087e+000 7.22715726e+000 1.71836104e-002
 2.19911486e+000 7.32155587e+000 7.29492939e+000 2.66264825e-002
 2.23053078e+000 7.38545557e+000 7.35223721e+000 3.32183537e-002
 2.26194671e+000 7.43439854e+000 7.39828542e+000 3.61131196e-002
 2.29336264e+000 7.46710376e+000 7.43225005e+000 3.48537022e-002
 2.32477856e+000 7.48271796e+000 7.45327834e+000 2.94396263e-002
 2.35619449e+000 7.48083613e+000 7.46048854e+000 2.03475874e-002
 2.38761042e+000 7.46147045e+000 7.45296991e+000 8.50054713e-003
 2.41902634e+000 7.42496866e+000 7.42978262e+000 4.81396104e-003
 2.45044227e+000 7.37188751e+000 7.38995783e+000 1.80703252e-002
 2.48185820e+000 7.30283256e+000 7.33249776e+000 2.96652052e-002
 2.51327412e+000 7.21827914e+000 7.25637583e+000 3.80966971e-002
 2.54469005e+000 7.11839248e+000 7.16053693e+000 4.21444540e-002
 2.57610598e+000 7.00286597e+000 7.04389766e+000 4.10316932e-002
 2.60752190e+000 6.87079616e+000 6.90534676e+000 3.45505909e-002
 2.63893783e+000 6.72061058e+000 6.74374551e+000 2.31349316e-002
 2.67035376e+000 6.55006044e+000 6.55792832e+000 7.86788570e-003
 2.70176968e+000 6.35628523e+000 6.34670335e+000 9.58187869e-003
 2.73318561e+000 6.13594952e+000 6.10885319e+000 2.70963307e-002
 2.76460154e+000 5.88544623e+000 5.84313575e+000 4.23104894e-002
 2.79601746e+000 5.60115397e+000 5.54828513e+000 5.28688419e-002
 2.82743339e+000 5.27973073e+000 5.22301271e+000 5.67180198e-002
 2.85884931e+000 4.91842210e+000 4.86600825e+000 5.24138568e-002
 2.89026524e+000 4.51535976e+000 4.47594118e+000 3.94185765e-002
 2.92168117e+000 4.06982551e+000 4.05146201e+000 1.83634982e-002
 2.95309709e+000 3.58245820e+000 3.59120382e+000 8.74561422e-003
 2.98451302e+000 3.05538422e+000 3.09378392e+000 3.83997005e-002
 3.01592895e+000 2.49225792e+000 2.55780566e+000 6.55477387e-002
 3.04734487e+000 1.89820514e+000 1.98186037e+000 8.36552243e-002
 3.07876080e+000 1.27967012e+000 1.36452942e+000 8.48593007e-002
 3.11017673e+000 6.44174003e-001 7.04386497e-001 6.02124939e-002
 3.14159265e+000 1.65214795e-015 2.83382392e-015 1.18167597e-015
