 0.00000000e+000 0.00000000e+000 0.00000000e+000 0.00000000e+000
 3.14159265e-002 3.59671973e-002 3.24132214e-002 3.55397597e-003
 6.28318531e-002 7.21615981e-002 6.68623449e-002 5.29925321e-003
 9.42477796e-002 1.08865295e-001 1.03409224e-001 5.45607059e-003
 1.25663706e-001 1.46453142e-001 1.42115451e-001 4.33769037e-003
 1.57079633e-001 1.85400933e-001 1.83042214e-001 2.35871944e-003
 1.88495559e-001 2.26258843e-001 2.26250143e-001 8.70002994e-006
 2.19911486e-001 2.69594154e-001 2.71799158e-001 2.20500388e-003
 2.51327412e-001 3.15915592e-001 3.19748292e-001 3.83270050e-003
 2.82743339e-001 3.65597069e-001 3.70155520e-001 4.55845120e-003
 3.14159265e-001 4.18819863e-001 4.23077568e-001 4.25770553e-003
 3.45575192e-001 4.75548862e-001 4.78569719e-001 3.02085669e-003
 3.76991118e-001 5.35551178e-001 5.36685605e-001 1.13442679e-003
 4.08407045e-001 5.98455765e-001 5.97476992e-001 9.78772237e-004
 4.39822972e-001 6.63843013e-001 6.60993554e-001 2.84945838e-003
 4.71238898e-001 7.31345809e-001 7.27282634e-001 4.06317470e-003
 5.02654825e-001 8.00740152e-001 7.96388999e-001 4.35115353e-003
 5.34070751e-001 8.72004995e-001 8.68354578e-001 3.65041692e-003
 5.65486678e-001 9.45337298e-001 9.43218198e-001 2.11910060e-003
 5.96902604e-001 1.02111802e+000 1.02101530e+000 1.02717969e-004
 6.28318531e-001 1.09983570e+000 1.10177764e+000 1.94194509e-003
 6.59734457e-001 1.18198413e+000 1.18553302e+000 3.54889049e-003
 6.91150384e-001 1.26795660e+000 1.27230491e+000 4.34830536e-003
 7.22566310e-001 1.35796068e+000 1.36211218e+000 4.15149509e-003
 7.53982237e-001 1.45197297e+000 1.45496874e+000 2.99576961e-003
 7.85398163e-001 1.54974473e+000 1.55088320e+000 1.13846705e-003
 8.16814090e-001 1.65085777e+000 1.64985847e+000 9.99299693e-004
 8.48230016e-001 1.75481855e+000 1.75189144e+000 2.92710921e-003
 8.79645943e-001 1.86116947e+000 1.85697256e+000 4.19691391e-003
 9.11061870e-001 1.96959211e+000 1.96508546e+000 4.50664739e-003
 9.42477796e-001 2.07997840e+000 2.07620652e+000 3.77187971e-003
 9.73893723e-001 2.19245302e+000 2.19030447e+000 2.14854963e-003
 1.00530965e+000 2.30734068e+000 2.30733996e+000 7.22820338e-007
 1.03672558e+000 2.42508490e+000 2.42726507e+000 2.18016508e-003
 1.06814150e+000 2.54613605e+000 2.55002291e+000 3.88685816e-003
 1.09955743e+000 2.67083366e+000 2.67554714e+000 4.71348874e-003
 1.13097336e+000 2.79930995e+000 2.80376147e+000 4.45152587e-003
 1.16238928e+000 2.93143728e+000 2.93457919e+000 3.14190928e-003
 1.19380521e+000 3.06683219e+000 3.06790264e+000 1.07045124e-003
 1.22522113e+000 3.20491636e+000 3.20362276e+000 1.29360230e-003
 1.25663706e+000 3.34502136e+000 3.34161850e+000 3.40285392e-003
 1.28805299e+000 3.48651385e+000 3.48175637e+000 4.75748053e-003
 1.31946891e+000 3.62891256e+000 3.62388980e+000 5.02275632e-003
 1.35088484e+000 3.77196967e+000 3.76785871e+000 4.11095605e-003
 1.38230077e+000 3.91569667e+000 3.91348887e+000 2.20779916e-003
 1.41371669e+000 4.06032729e+000 4.06059136e+000 2.64071693e-004
 1.44513262e+000 4.20622432e+000 4.20896203e+000 2.73771101e-003
 1.47654855e+000 4.35375033e+000 4.35838090e+000 4.63056530e-003
 1.50796447e+000 4.50313125e+000 4.50861158e+000 5.48033130e-003
 1.53938040e+000 4.65434411e+000 4.65940072e+000 5.05660996e-003
 1.57079633e+000 4.80705568e+000 4.81047738e+000 3.42170210e-003
 1.60221225e+000 4.96062759e+000 4.96155248e+000 9.24894249e-004
 1.63362818e+000 5.11418867e+000 5.11231819e+000 1.87047584e-003
 1.66504411e+000 5.26675967e+000 5.26244735e+000 4.31232350e-003
 1.69646003e+000 5.41740290e+000 5.41159287e+000 5.81002184e-003
 1.72787596e+000 5.56536254e+000 5.55938719e+000 5.97535482e-003
 1.75929189e+000 5.71016267e+000 5.70544161e+000 4.72105066e-003
 1.79070781e+000 5.85163824e+000 5.84934583e+000 2.29240615e-003
 1.82212374e+000 5.98988944e+000 5.99066728e+000 7.77845531e-004
 1.85353967e+000 6.12516679e+000 6.12895062e+000 3.78382233e-003
 1.88495559e+000 6.25771116e+000 6.26371715e+000 6.00598789e-003
 1.91637152e+000 6.38758385e+000 6.39446431e+000 6.88045806e-003
 1.94778745e+000 6.51452614e+000 6.52066514e+000 6.13899424e-003
 1.97920337e+000 6.63788204e+000 6.64176775e+000 3.88570947e-003
 2.01061930e+000 6.75660514e+000 6.75719486e+000 5.89724034e-004
 2.04203522e+000 6.86935173e+000 6.86634331e+000 3.00841309e-003
 2.07345115e+000 6.97464242e+000 6.96858362e+000 6.05879804e-003
 2.10486708e+000 7.07105780e+000 7.06325955e+000 7.79824331e-003
 2.13628300e+000 7.15742396e+000 7.14968773e+000 7.73623283e-003
 2.16769893e+000 7.23294397e+000 7.22715726e+000 5.78671609e-003
 2.19911486e+000 7.29724129e+000 7.29492939e+000 2.31190645e-003
 2.23053078e+000 7.35030000e+000 7.35223721e+000 1.93721481e-003
 2.26194671e+000 7.39230950e+000 7.39828542e+000 5.97591655e-003
 2.29336264e+000 7.42344417e+000 7.43225005e+000 8.80588471e-003
 2.32477856e+000 7.44362514e+000 7.45327834e+000 9.65319548e-003
 2.35619449e+000 7.45231895e+000 7.46048854e+000 8.16958485e-003
 2.38761042e+000 7.44842256e+000 7.45296991e+000 4.54734305e-003
 2.41902634e+000 7.43026797e+000 7.42978262e+000 4.85348893e-004
 2.45044227e+000 7.39575449e+000 7.38995783e+000 5.79665564e-003
 2.48185820e+000 7.34258790e+000 7.33249776e+000 1.00901424e-002
 2.51327412e+000 7.26857954e+000 7.25637583e+000 1.22037020e-002
 2.54469005e+000 7.17194073e+000 7.16053693e+000 1.14038016e-002
 2.57610598e+000 7.05150365e+000 7.04389766e+000 7.60598341e-003
 2.60752190e+000 6.90680986e+000 6.90534676e+000 1.46310156e-003
 2.63893783e+000 6.73803273e+000 6.74374551e+000 5.71277465e-003
 2.67035376e+000 6.54573361e+000 6.55792832e+000 1.21947116e-002
 2.70176968e+000 6.33048921e+000 6.34670335e+000 1.62141337e-002
 2.73318561e+000 6.09246048e+000 6.10885319e+000 1.63927125e-002
 2.76460154e+000 5.83099415e+000 5.84313575e+000 1.21415920e-002
 2.79601746e+000 5.54435268e+000 5.54828513e+000 3.93244987e-003
 2.82743339e+000 5.22965288e+000 5.22301271e+000 6.64016911e-003
 2.85884931e+000 4.88306160e+000 4.86600825e+000 1.70533535e-002
 2.89026524e+000 4.50025163e+000 4.47594118e+000 2.43104528e-002
 2.92168117e+000 4.07707188e+000 4.05146201e+000 2.56098647e-002
 2.95309709e+000 3.61034131e+000 3.59120382e+000 1.91374876e-002
 2.98451302e+000 3.09864522e+000 3.09378392e+000 4.86129961e-003
 3.01592895e+000 2.54300117e+000 2.55780566e+000 1.48044911e-002
 3.04734487e+000 1.94727414e+000 1.98186037e+000 3.45862256e-002
 3.07876080e+000 1.31825436e+000 1.36452942e+000 4.62750534e-002
 3.11017673e+000 6.65361815e-001 7.04386497e-001 3.90246823e-002
 3.14159265e+000 1.78197084e-015 2.83382392e-015 1.05185308e-015
