 0.00000000e+000 0.00000000e+000 0.00000000e+000 0.00000000e+000
 3.14159265e-002 6.07996212e-002 3.24132214e-002 2.83863998e-002
 6.28318531e-002 1.10653358e-001 6.68623449e-002 4.37910134e-002
 9.42477796e-002 1.48185591e-001 1.03409224e-001 4.47763667e-002
 1.25663706e-001 1.83230070e-001 1.42115451e-001 4.11146183e-002
 1.57079633e-001 2.29118274e-001 1.83042214e-001 4.60760606e-002
 1.88495559e-001 2.91890739e-001 2.26250143e-001 6.56405962e-002
 2.19911486e-001 3.65278498e-001 2.71799158e-001 9.34793402e-002
 2.51327412e-001 4.35635410e-001 3.19748292e-001 1.15887118e-001
 2.82743339e-001 4.92894177e-001 3.70155520e-001 1.22738657e-001
 3.14159265e-001 5.38685968e-001 4.23077568e-001 1.15608400e-001
 3.45575192e-001 5.85038243e-001 4.78569719e-001 1.06468524e-001
 3.76991118e-001 6.44703203e-001 5.36685605e-001 1.08017598e-001
 4.08407045e-001 7.20954278e-001 5.97476992e-001 1.23477285e-001
 4.39822972e-001 8.05102191e-001 6.60993554e-001 1.44108636e-001
 4.71238898e-001 8.83700144e-001 7.27282634e-001 1.56417509e-001
 5.02654825e-001 9.49551298e-001 7.96388999e-001 1.53162299e-001
 5.34070751e-001 1.00758656e+000 8.68354578e-001 1.39231980e-001
 5.65486678e-001 1.07089591e+000 9.43218198e-001 1.27677712e-001
 5.96902604e-001 1.15020926e+000 1.02101530e+000 1.29193966e-001
 6.28318531e-001 1.24540290e+000 1.10177764e+000 1.43625258e-001
 6.59734457e-001 1.34588686e+000 1.18553302e+000 1.60353846e-001
 6.91150384e-001 1.43945857e+000 1.27230491e+000 1.67153665e-001
 7.22566310e-001 1.52234168e+000 1.36211218e+000 1.60229505e-001
 7.53982237e-001 1.60224480e+000 1.45496874e+000 1.47276058e-001
 7.85398163e-001 1.69203705e+000 1.55088320e+000 1.41153854e-001
 8.16814090e-001 1.79929528e+000 1.64985847e+000 1.49436811e-001
 8.48230016e-001 1.92027767e+000 1.75189144e+000 1.68386231e-001
 8.79645943e-001 2.04317549e+000 1.85697256e+000 1.86202931e-001
 9.11061870e-001 2.15787678e+000 1.96508546e+000 1.92791323e-001
 9.42477796e-001 2.26419620e+000 2.07620652e+000 1.87989680e-001
 9.73893723e-001 2.37186996e+000 2.19030447e+000 1.81565481e-001
 1.00530965e+000 2.49241897e+000 2.30733996e+000 1.85079019e-001
 1.03672558e+000 2.62963193e+000 2.42726507e+000 2.02366866e-001
 1.06814150e+000 2.77647597e+000 2.55002291e+000 2.26453056e-001
 1.09955743e+000 2.92089615e+000 2.67554714e+000 2.45349010e-001
 1.13097336e+000 3.05565381e+000 2.80376147e+000 2.51892337e-001
 1.16238928e+000 3.18408880e+000 2.93457919e+000 2.49509609e-001
 1.19380521e+000 3.31711386e+000 3.06790264e+000 2.49211219e-001
 1.22522113e+000 3.46399491e+000 3.20362276e+000 2.60372152e-001
 1.25663706e+000 3.62455824e+000 3.34161850e+000 2.82939738e-001
 1.28805299e+000 3.78923060e+000 3.48175637e+000 3.07474233e-001
 1.31946891e+000 3.94682117e+000 3.62388980e+000 3.22931364e-001
 1.35088484e+000 4.09357678e+000 3.76785871e+000 3.25718066e-001
 1.38230077e+000 4.23603213e+000 3.91348887e+000 3.22543261e-001
 1.41371669e+000 4.38533732e+000 4.06059136e+000 3.24745955e-001
 1.44513262e+000 4.54779095e+000 4.20896203e+000 3.38828922e-001
 1.47654855e+000 4.71942073e+000 4.35838090e+000 3.61039829e-001
 1.50796447e+000 4.88908103e+000 4.50861158e+000 3.80469452e-001
 1.53938040e+000 5.04748340e+000 4.65940072e+000 3.88082680e-001
 1.57079633e+000 5.19467314e+000 4.81047738e+000 3.84195758e-001
 1.60221225e+000 5.33976015e+000 4.96155248e+000 3.78207668e-001
 1.63362818e+000 5.49312593e+000 5.11231819e+000 3.80807738e-001
 1.66504411e+000 5.65755933e+000 5.26244735e+000 3.95111984e-001
 1.69646003e+000 5.82566940e+000 5.41159287e+000 4.14076524e-001
 1.72787596e+000 5.98573858e+000 5.55938719e+000 4.26351395e-001
 1.75929189e+000 6.13119106e+000 5.70544161e+000 4.25749443e-001
 1.79070781e+000 6.26583426e+000 5.84934583e+000 4.16488432e-001
 1.82212374e+000 6.40049632e+000 5.99066728e+000 4.09829040e-001
 1.85353967e+000 6.54378918e+000 6.12895062e+000 4.14838564e-001
 1.88495559e+000 6.69461683e+000 6.26371715e+000 4.30899680e-001
 1.91637152e+000 6.84266244e+000 6.39446431e+000 4.48198130e-001
 1.94778745e+000 6.97653075e+000 6.52066514e+000 4.55865608e-001
 1.97920337e+000 7.09287362e+000 6.64176775e+000 4.51105873e-001
 2.01061930e+000 7.19893662e+000 6.75719486e+000 4.41741764e-001
 2.04203522e+000 7.30631943e+000 6.86634331e+000 4.39976115e-001
 2.07345115e+000 7.42098761e+000 6.96858362e+000 4.52403987e-001
 2.10486708e+000 7.53775018e+000 7.06325955e+000 4.74490621e-001
 2.13628300e+000 7.64385636e+000 7.14968773e+000 4.94168625e-001
 2.16769893e+000 7.72891023e+000 7.22715726e+000 5.01752974e-001
 2.19911486e+000 7.79303334e+000 7.29492939e+000 4.98103954e-001
 2.23053078e+000 7.84648873e+000 7.35223721e+000 4.94251515e-001
 2.26194671e+000 7.90086848e+000 7.39828542e+000 5.02583057e-001
 2.29336264e+000 7.95888954e+000 7.43225005e+000 5.26639484e-001
 2.32477856e+000 8.01115780e+000 7.45327834e+000 5.57879461e-001
 2.35619449e+000 8.04276420e+000 7.46048854e+000 5.82275661e-001
 2.38761042e+000 8.04461116e+000 7.45296991e+000 5.91641249e-001
 2.41902634e+000 8.02035720e+000 7.42978262e+000 5.90574576e-001
 2.45044227e+000 7.98315305e+000 7.38995783e+000 5.93195213e-001
 2.48185820e+000 7.94443706e+000 7.33249776e+000 6.11939296e-001
 2.51327412e+000 7.90355958e+000 7.25637583e+000 6.47183747e-001
 2.54469005e+000 7.84666031e+000 7.16053693e+000 6.86123379e-001
 2.57610598e+000 7.75612950e+000 7.04389766e+000 7.12231836e-001
 2.60752190e+000 7.62359551e+000 6.90534676e+000 7.18248751e-001
 2.63893783e+000 7.45627855e+000 6.74374551e+000 7.12533041e-001
 2.67035376e+000 7.27130711e+000 6.55792832e+000 7.13378787e-001
 2.70176968e+000 7.08173111e+000 6.34670335e+000 7.35027758e-001
 2.73318561e+000 6.88457970e+000 6.10885319e+000 7.75726515e-001
 2.76460154e+000 6.66031184e+000 5.84313575e+000 8.17176090e-001
 2.79601746e+000 6.38495356e+000 5.54828513e+000 8.36668428e-001
 2.82743339e+000 6.04688433e+000 5.22301271e+000 8.23871624e-001
 2.85884931e+000 5.65634086e+000 4.86600825e+000 7.90332616e-001
 2.89026524e+000 5.24007145e+000 4.47594118e+000 7.64130270e-001
 2.92168117e+000 4.82324472e+000 4.05146201e+000 7.71782709e-001
 2.95309709e+000 4.40923846e+000 3.59120382e+000 8.18034641e-001
 2.98451302e+000 3.96986308e+000 3.09378392e+000 8.76079161e-001
 3.01592895e+000 3.45293689e+000 2.55780566e+000 8.95131234e-001
 3.04734487e+000 2.80460981e+000 1.98186037e+000 8.22749443e-001
 3.07876080e+000 1.99599253e+000 1.36452942e+000 6.31463109e-001
 3.11017673e+000 1.04146312e+000 7.04386497e-001 3.37076627e-001
 3.14159265e+000 8.48528544e-016 2.83382392e-015 1.98529538e-015
