 0.00000000e+000 0.00000000e+000 0.00000000e+000 0.00000000e+000
 3.14159265e-002 5.34996238e-002 3.24132214e-002 2.10864024e-002
 6.28318531e-002 1.06826314e-001 6.68623449e-002 3.99639686e-002
 9.42477796e-002 1.59818207e-001 1.03409224e-001 5.64089824e-002
 1.25663706e-001 2.12335238e-001 1.42115451e-001 7.02197870e-002
 1.57079633e-001 2.64269187e-001 1.83042214e-001 8.12269737e-002
 1.88495559e-001 3.15552725e-001 2.26250143e-001 8.93025814e-002
 2.19911486e-001 3.66167179e-001 2.71799158e-001 9.43680210e-002
 2.51327412e-001 4.16148765e-001 3.19748292e-001 9.64004725e-002
 2.82743339e-001 4.65593068e-001 3.70155520e-001 9.54375476e-002
 3.14159265e-001 5.14657629e-001 4.23077568e-001 9.15800604e-002
 3.45575192e-001 5.63562521e-001 4.78569719e-001 8.49928022e-002
 3.76991118e-001 6.12588880e-001 5.36685605e-001 7.59032753e-002
 4.08407045e-001 6.62075392e-001 5.97476992e-001 6.45983990e-002
 4.39822972e-001 7.12412815e-001 6.60993554e-001 5.14192605e-002
 4.71238898e-001 7.64036675e-001 7.27282634e-001 3.67540408e-002
 5.02654825e-001 8.17418299e-001 7.96388999e-001 2.10293003e-002
 5.34070751e-001 8.73054436e-001 8.68354578e-001 4.69985809e-003
 5.65486678e-001 9.31455740e-001 9.43218198e-001 1.17624577e-002
 5.96902604e-001 9.93134424e-001 1.02101530e+000 2.78808750e-002
 6.28318531e-001 1.05859143e+000 1.10177764e+000 4.31862176e-002
 6.59734457e-001 1.12830346e+000 1.18553302e+000 5.72295601e-002
 6.91150384e-001 1.20271028e+000 1.27230491e+000 6.95946312e-002
 7.22566310e-001 1.28220258e+000 1.36211218e+000 7.99095990e-002
 7.53982237e-001 1.36711086e+000 1.45496874e+000 8.78578848e-002
 7.85398163e-001 1.45769552e+000 1.55088320e+000 9.31876742e-002
 8.16814090e-001 1.55413864e+000 1.64985847e+000 9.57198250e-002
 8.48230016e-001 1.65653753e+000 1.75189144e+000 9.53539127e-002
 8.79645943e-001 1.76490036e+000 1.85697256e+000 9.20722023e-002
 9.11061870e-001 1.87914407e+000 1.96508546e+000 8.59413895e-002
 9.42477796e-001 1.99909451e+000 2.07620652e+000 7.71120140e-002
 9.73893723e-001 2.12448896e+000 2.19030447e+000 6.58155133e-002
 1.00530965e+000 2.25498101e+000 2.30733996e+000 5.23589469e-002
 1.03672558e+000 2.39014758e+000 2.42726507e+000 3.71174903e-002
 1.06814150e+000 2.52949805e+000 2.55002291e+000 2.05248612e-002
 1.09955743e+000 2.67248525e+000 2.67554714e+000 3.06189825e-003
 1.13097336e+000 2.81851790e+000 2.80376147e+000 1.47564262e-002
 1.16238928e+000 2.96697442e+000 2.93457919e+000 3.23952334e-002
 1.19380521e+000 3.11721748e+000 3.06790264e+000 4.93148355e-002
 1.22522113e+000 3.26860906e+000 3.20362276e+000 6.49863026e-002
 1.25663706e+000 3.42052558e+000 3.34161850e+000 7.89070745e-002
 1.28805299e+000 3.57237255e+000 3.48175637e+000 9.06161860e-002
 1.31946891e+000 3.72359847e+000 3.62388980e+000 9.97086697e-002
 1.35088484e+000 3.87370743e+000 3.76785871e+000 1.05848716e-001
 1.38230077e+000 4.02227006e+000 3.91348887e+000 1.08781195e-001
 1.41371669e+000 4.16893253e+000 4.06059136e+000 1.08341171e-001
 1.44513262e+000 4.31342313e+000 4.20896203e+000 1.04461101e-001
 1.47654855e+000 4.45555635e+000 4.35838090e+000 9.71754511e-002
 1.50796447e+000 4.59523411e+000 4.50861158e+000 8.66225253e-002
 1.53938040e+000 4.73244411e+000 4.65940072e+000 7.30433873e-002
 1.57079633e+000 4.86725519e+000 4.81047738e+000 5.67778127e-002
 1.60221225e+000 4.99980978e+000 4.96155248e+000 3.82572977e-002
 1.63362818e+000 5.13031342e+000 5.11231819e+000 1.79952272e-002
 1.66504411e+000 5.25902173e+000 5.26244735e+000 3.42561812e-003
 1.69646003e+000 5.38622492e+000 5.41159287e+000 2.53679555e-002
 1.72787596e+000 5.51223022e+000 5.55938719e+000 4.71569665e-002
 1.75929189e+000 5.63734267e+000 5.70544161e+000 6.80989414e-002
 1.79070781e+000 5.76184468e+000 5.84934583e+000 8.75011500e-002
 1.82212374e+000 5.88597484e+000 5.99066728e+000 1.04692440e-001
 1.85353967e+000 6.00990659e+000 6.12895062e+000 1.19044030e-001
 1.88495559e+000 6.13372721e+000 6.26371715e+000 1.29989937e-001
 1.91637152e+000 6.25741784e+000 6.39446431e+000 1.37046473e-001
 1.94778745e+000 6.38083489e+000 6.52066514e+000 1.39830250e-001
 1.97920337e+000 6.50369362e+000 6.64176775e+000 1.38074130e-001
 2.01061930e+000 6.62555423e+000 6.75719486e+000 1.31640631e-001
 2.04203522e+000 6.74581102e+000 6.86634331e+000 1.20532289e-001
 2.07345115e+000 6.86368504e+000 6.96858362e+000 1.04898586e-001
 2.10486708e+000 6.97822048e+000 7.06325955e+000 8.50390788e-002
 2.13628300e+000 7.08828526e+000 7.14968773e+000 6.14024717e-002
 2.16769893e+000 7.19257581e+000 7.22715726e+000 3.45814501e-002
 2.19911486e+000 7.28962620e+000 7.29492939e+000 5.30318321e-003
 2.23053078e+000 7.37782170e+000 7.35223721e+000 2.55844916e-002
 2.26194671e+000 7.45541652e+000 7.39828542e+000 5.71310944e-002
 2.29336264e+000 7.52055558e+000 7.43225005e+000 8.83055304e-002
 2.32477856e+000 7.57130015e+000 7.45327834e+000 1.18021813e-001
 2.35619449e+000 7.60565663e+000 7.46048854e+000 1.45168087e-001
 2.38761042e+000 7.62160836e+000 7.45296991e+000 1.68638458e-001
 2.41902634e+000 7.61714971e+000 7.42978262e+000 1.87367089e-001
 2.45044227e+000 7.59032174e+000 7.38995783e+000 2.00363905e-001
 2.48185820e+000 7.53924902e+000 7.33249776e+000 2.06751263e-001
 2.51327412e+000 7.46217667e+000 7.25637583e+000 2.05800835e-001
 2.54469005e+000 7.35750692e+000 7.16053693e+000 1.96969986e-001
 2.57610598e+000 7.22383454e+000 7.04389766e+000 1.79936874e-001
 2.60752190e+000 7.05998030e+000 6.90534676e+000 1.54633547e-001
 2.63893783e+000 6.86502180e+000 6.74374551e+000 1.21276296e-001
 2.67035376e+000 6.63832092e+000 6.55792832e+000 8.03926016e-002
 2.70176968e+000 6.37954738e+000 6.34670335e+000 3.28440310e-002
 2.73318561e+000 6.08869773e+000 6.10885319e+000 2.01554626e-002
 2.76460154e+000 5.76610943e+000 5.84313575e+000 7.70263165e-002
 2.79601746e+000 5.41246953e+000 5.54828513e+000 1.35815596e-001
 2.82743339e+000 5.02881773e+000 5.22301271e+000 1.94194975e-001
 2.85884931e+000 4.61654362e+000 4.86600825e+000 2.49464625e-001
 2.89026524e+000 4.17737810e+000 4.47594118e+000 2.98563084e-001
 2.92168117e+000 3.71337897e+000 4.05146201e+000 3.38083038e-001
 2.95309709e+000 3.22691098e+000 3.59120382e+000 3.64292839e-001
 2.98451302e+000 2.72062042e+000 3.09378392e+000 3.73163494e-001
 3.01592895e+000 2.19740496e+000 2.55780566e+000 3.60400703e-001
 3.04734487e+000 1.66037889e+000 1.98186037e+000 3.21481475e-001
 3.07876080e+000 1.11283469e+000 1.36452942e+000 2.51694726e-001
 3.11017673e+000 5.58201295e-001 7.04386497e-001 1.46185202e-001
 3.14159265e+000 1.77959878e-015 2.83382392e-015 1.05422515e-015
