 0.00000000e+000 0.00000000e+000 0.00000000e+000 0.00000000e+000
 3.14159265e-002 1.18786411e-001 3.24132214e-002 8.63731899e-002
 6.28318531e-002 2.36145544e-001 6.68623449e-002 1.69283199e-001
 9.42477796e-002 3.50691196e-001 1.03409224e-001 2.47281971e-001
 1.25663706e-001 4.61118239e-001 1.42115451e-001 3.19002787e-001
 1.57079633e-001 5.66240471e-001 1.83042214e-001 3.83198257e-001
 1.88495559e-001 6.65025334e-001 2.26250143e-001 4.38775191e-001
 2.19911486e-001 7.56624573e-001 2.71799158e-001 4.84825415e-001
 2.51327412e-001 8.40400021e-001 3.19748292e-001 5.20651729e-001
 2.82743339e-001 9.15943835e-001 3.70155520e-001 5.45788315e-001
 3.14159265e-001 9.83092619e-001 4.23077568e-001 5.60015050e-001
 3.45575192e-001 1.04193508e+000 4.78569719e-001 5.63365357e-001
 3.76991118e-001 1.09281296e+000 5.36685605e-001 5.56127350e-001
 4.08407045e-001 1.13631526e+000 5.97476992e-001 5.38838267e-001
 4.39822972e-001 1.17326585e+000 6.60993554e-001 5.12272296e-001
 4.71238898e-001 1.20470476e+000 7.27282634e-001 4.77422123e-001
 5.02654825e-001 1.23186366e+000 7.96388999e-001 4.35474665e-001
 5.34070751e-001 1.25613620e+000 8.68354578e-001 3.87781621e-001
 5.65486678e-001 1.27904379e+000 9.43218198e-001 3.35825589e-001
 5.96902604e-001 1.30219796e+000 1.02101530e+000 2.81182657e-001
 6.28318531e-001 1.32726006e+000 1.10177764e+000 2.25482411e-001
 6.59734457e-001 1.35589945e+000 1.18553302e+000 1.70366432e-001
 6.91150384e-001 1.38975126e+000 1.27230491e+000 1.17446354e-001
 7.22566310e-001 1.43037478e+000 1.36211218e+000 6.82625953e-002
 7.53982237e-001 1.47921359e+000 1.45496874e+000 2.42448464e-002
 7.85398163e-001 1.53755856e+000 1.55088320e+000 1.33246375e-002
 8.16814090e-001 1.60651451e+000 1.64985847e+000 4.33439602e-002
 8.48230016e-001 1.68697159e+000 1.75189144e+000 6.49198449e-002
 8.79645943e-001 1.77958209e+000 1.85697256e+000 7.73904671e-002
 9.11061870e-001 1.88474322e+000 1.96508546e+000 8.03422376e-002
 9.42477796e-001 2.00258646e+000 2.07620652e+000 7.36200650e-002
 9.73893723e-001 2.13297367e+000 2.19030447e+000 5.73308014e-002
 1.00530965e+000 2.27550021e+000 2.30733996e+000 3.18397472e-002
 1.03672558e+000 2.42950479e+000 2.42726507e+000 2.23972394e-003
 1.06814150e+000 2.59408609e+000 2.55002291e+000 4.40631784e-002
 1.09955743e+000 2.76812550e+000 2.67554714e+000 9.25783592e-002
 1.13097336e+000 2.95031554e+000 2.80376147e+000 1.46554061e-001
 1.16238928e+000 3.13919309e+000 2.93457919e+000 2.04613908e-001
 1.19380521e+000 3.33317681e+000 3.06790264e+000 2.65274170e-001
 1.22522113e+000 3.53060739e+000 3.20362276e+000 3.26984630e-001
 1.25663706e+000 3.72978994e+000 3.34161850e+000 3.88171434e-001
 1.28805299e+000 3.92903717e+000 3.48175637e+000 4.47280801e-001
 1.31946891e+000 4.12671222e+000 3.62388980e+000 5.02822419e-001
 1.35088484e+000 4.32127010e+000 3.76785871e+000 5.53411383e-001
 1.38230077e+000 4.51129638e+000 3.91348887e+000 5.97807511e-001
 1.41371669e+000 4.69554235e+000 4.06059136e+000 6.34950994e-001
 1.44513262e+000 4.87295539e+000 4.20896203e+000 6.63993359e-001
 1.47654855e+000 5.04270379e+000 4.35838090e+000 6.84322893e-001
 1.50796447e+000 5.20419534e+000 4.50861158e+000 6.95583757e-001
 1.53938040e+000 5.35708896e+000 4.65940072e+000 6.97688237e-001
 1.57079633e+000 5.50129908e+000 4.81047738e+000 6.90821697e-001
 1.60221225e+000 5.63699250e+000 4.96155248e+000 6.75440019e-001
 1.63362818e+000 5.76457769e+000 5.11231819e+000 6.52259498e-001
 1.66504411e+000 5.88468671e+000 5.26244735e+000 6.22239361e-001
 1.69646003e+000 5.99815014e+000 5.41159287e+000 5.86557268e-001
 1.72787596e+000 6.10596554e+000 5.55938719e+000 5.46578350e-001
 1.75929189e+000 6.20926012e+000 5.70544161e+000 5.03818507e-001
 1.79070781e+000 6.30924869e+000 5.84934583e+000 4.59902862e-001
 1.82212374e+000 6.40718767e+000 5.99066728e+000 4.16520388e-001
 1.85353967e+000 6.50432648e+000 6.12895062e+000 3.75375869e-001
 1.88495559e+000 6.60185756e+000 6.26371715e+000 3.38140415e-001
 1.91637152e+000 6.70086614e+000 6.39446431e+000 3.06401829e-001
 1.94778745e+000 6.80228130e+000 6.52066514e+000 2.81616158e-001
 1.97920337e+000 6.90682948e+000 6.64176775e+000 2.65061726e-001
 2.01061930e+000 7.01499180e+000 6.75719486e+000 2.57796944e-001
 2.04203522e+000 7.12696641e+000 6.86634331e+000 2.60623095e-001
 2.07345115e+000 7.24263684e+000 6.96858362e+000 2.74053217e-001
 2.10486708e+000 7.36154760e+000 7.06325955e+000 2.98288044e-001
 2.13628300e+000 7.48288758e+000 7.14968773e+000 3.33199844e-001
 2.16769893e+000 7.60548206e+000 7.22715726e+000 3.78324800e-001
 2.19911486e+000 7.72779375e+000 7.29492939e+000 4.32864366e-001
 2.23053078e+000 7.84793308e+000 7.35223721e+000 4.95695864e-001
 2.26194671e+000 7.96367774e+000 7.39828542e+000 5.65392324e-001
 2.29336264e+000 8.07250143e+000 7.43225005e+000 6.40251375e-001
 2.32477856e+000 8.17161109e+000 7.45327834e+000 7.18332759e-001
 2.35619449e+000 8.25799238e+000 7.46048854e+000 7.97503836e-001
 2.38761042e+000 8.32846215e+000 7.45296991e+000 8.75492245e-001
 2.41902634e+000 8.37972731e+000 7.42978262e+000 9.49944694e-001
 2.45044227e+000 8.40844852e+000 7.38995783e+000 1.01849069e+000
 2.48185820e+000 8.41130765e+000 7.33249776e+000 1.07880989e+000
 2.51327412e+000 8.38507751e+000 7.25637583e+000 1.12870167e+000
 2.54469005e+000 8.32669224e+000 7.16053693e+000 1.16615531e+000
 2.57610598e+000 8.23331706e+000 7.04389766e+000 1.18941940e+000
 2.60752190e+000 8.10241548e+000 6.90534676e+000 1.19706873e+000
 2.63893783e+000 7.93181280e+000 6.74374551e+000 1.18806729e+000
 2.67035376e+000 7.71975419e+000 6.55792832e+000 1.16182586e+000
 2.70176968e+000 7.46495609e+000 6.34670335e+000 1.11825274e+000
 2.73318561e+000 7.16664971e+000 6.10885319e+000 1.05779652e+000
 2.76460154e+000 6.82461551e+000 5.84313575e+000 9.81479762e-001
 2.79601746e+000 6.43920779e+000 5.54828513e+000 8.90922665e-001
 2.82743339e+000 6.01136877e+000 5.22301271e+000 7.88356059e-001
 2.85884931e+000 5.54263154e+000 4.86600825e+000 6.76623295e-001
 2.89026524e+000 5.03511194e+000 4.47594118e+000 5.59170759e-001
 2.92168117e+000 4.49148907e+000 4.05146201e+000 4.40027063e-001
 2.95309709e+000 3.91497498e+000 3.59120382e+000 3.23771160e-001
 2.98451302e+000 3.30927381e+000 3.09378392e+000 2.15489890e-001
 3.01592895e+000 2.67853134e+000 2.55780566e+000 1.20725680e-001
 3.04734487e+000 2.02727572e+000 1.98186037e+000 4.54153555e-002
 3.07876080e+000 1.36035060e+000 1.36452942e+000 4.17882259e-003
 3.11017673e+000 6.82841929e-001 7.04386497e-001 2.15445679e-002
 3.14159265e+000 1.68276255e-015 2.83382392e-015 1.15106137e-015
