 0.00000000e+000 0.00000000e+000 0.00000000e+000 0.00000000e+000
 3.14159265e-002 6.49001433e-002 3.24132214e-002 3.24869220e-002
 6.28318531e-002 8.19126945e-001 6.68623449e-002 7.52264600e-001
 9.42477796e-002 2.74595774e+000 1.03409224e-001 2.64254851e+000
 1.25663706e-001 5.97520378e+000 1.42115451e-001 5.83308833e+000
 1.57079633e-001 1.02372516e+001 1.83042214e-001 1.00542094e+001
 1.88495559e-001 1.49338566e+001 2.26250143e-001 1.47076064e+001
 2.19911486e-001 1.93088691e+001 2.71799158e-001 1.90370700e+001
 2.51327412e-001 2.26737881e+001 3.19748292e-001 2.23540398e+001
 2.82743339e-001 2.46261215e+001 3.70155520e-001 2.42559660e+001
 3.14159265e-001 2.51977470e+001 4.23077568e-001 2.47746695e+001
 3.45575192e-001 2.48865034e+001 4.78569719e-001 2.44079337e+001
 3.76991118e-001 2.45534839e+001 5.36685605e-001 2.40167983e+001
 4.08407045e-001 2.52038296e+001 5.97476992e-001 2.46063526e+001
 4.39822972e-001 2.77013006e+001 6.60993554e-001 2.70403071e+001
 4.71238898e-001 3.24880252e+001 7.27282634e-001 3.17607426e+001
 5.02654825e-001 3.93846159e+001 7.96388999e-001 3.85882269e+001
 5.34070751e-001 4.75304825e+001 8.68354578e-001 4.66621279e+001
 5.65486678e-001 5.54925801e+001 9.43218198e-001 5.45493619e+001
 5.96902604e-001 6.15301352e+001 1.02101530e+000 6.05091200e+001
 6.28318531e-001 6.39628111e+001 1.10177764e+000 6.28610334e+001
 6.59734457e-001 6.15603247e+001 1.18553302e+000 6.03747917e+001
 6.91150384e-001 5.38605821e+001 1.27230491e+000 5.25882772e+001
 7.22566310e-001 4.13346414e+001 1.36211218e+000 3.99725292e+001
 7.53982237e-001 2.53486825e+001 1.45496874e+000 2.38937138e+001
 7.85398163e-001 7.91898662e+000 1.55088320e+000 6.36810342e+000
 8.16814090e-001 -8.69468557e+000 1.64985847e+000 1.03445440e+001
 8.48230016e-001 -2.24707192e+001 1.75189144e+000 2.42226107e+001
 8.79645943e-001 -3.20730038e+001 1.85697256e+000 3.39299763e+001
 9.11061870e-001 -3.71569997e+001 1.96508546e+000 3.91220851e+001
 9.42477796e-001 -3.84553867e+001 2.07620652e+000 4.05315932e+001
 9.73893723e-001 -3.76123427e+001 2.19030447e+000 3.98026472e+001
 1.00530965e+000 -3.67934983e+001 2.30733996e+000 3.91008383e+001
 1.03672558e+000 -3.81531320e+001 2.42726507e+000 4.05803971e+001
 1.06814150e+000 -4.32781048e+001 2.55002291e+000 4.58281277e+001
 1.09955743e+000 -5.27395821e+001 2.67554714e+000 5.54151293e+001
 1.13097336e+000 -6.58647260e+001 2.80376147e+000 6.86684875e+001
 1.16238928e+000 -8.07942192e+001 2.93457919e+000 8.37287984e+001
 1.19380521e+000 -9.48272907e+001 3.06790264e+000 9.78951934e+001
 1.22522113e+000 -1.04988090e+002 3.20362276e+000 1.08191713e+002
 1.25663706e+000 -1.08691609e+002 3.34161850e+000 1.12033228e+002
 1.28805299e+000 -1.04357564e+002 3.48175637e+000 1.07839320e+002
 1.31946891e+000 -9.18250530e+001 3.62388980e+000 9.54489428e+001
 1.35088484e+000 -7.24600579e+001 3.76785871e+000 7.62279166e+001
 1.38230077e+000 -4.89145757e+001 3.91348887e+000 5.28280646e+001
 1.41371669e+000 -2.45760619e+001 4.06059136e+000 2.86366533e+001
 1.44513262e+000 -2.82092311e+000 4.20896203e+000 7.02988514e+000
 1.47654855e+000 1.37618571e+001 4.35838090e+000 9.40347622e+000
 1.50796447e+000 2.39947369e+001 4.50861158e+000 1.94861253e+001
 1.53938040e+000 2.84268888e+001 4.65940072e+000 2.37674881e+001
 1.57079633e+000 2.92484451e+001 4.81047738e+000 2.44379678e+001
 1.60221225e+000 2.98009972e+001 4.96155248e+000 2.48394447e+001
 1.63362818e+000 3.37771829e+001 5.11231819e+000 2.86648647e+001
 1.66504411e+000 4.42817543e+001 5.26244735e+000 3.90193070e+001
 1.69646003e+000 6.29705123e+001 5.41159287e+000 5.75589194e+001
 1.72787596e+000 8.94794287e+001 5.55938719e+000 8.39200415e+001
 1.75929189e+000 1.21301992e+002 5.70544161e+000 1.15596551e+002
 1.79070781e+000 1.54177627e+002 5.84934583e+000 1.48328282e+002
 1.82212374e+000 1.82937279e+002 5.99066728e+000 1.76946612e+002
 1.85353967e+000 2.02639512e+002 6.12895062e+000 1.96510561e+002
 1.88495559e+000 2.09748097e+002 6.26371715e+000 2.03484380e+002
 1.91637152e+000 2.03071323e+002 6.39446431e+000 1.96676859e+002
 1.94778745e+000 1.84215091e+002 6.52066514e+000 1.77694426e+002
 1.97920337e+000 1.57393913e+002 6.64176775e+000 1.50752145e+002
 2.01061930e+000 1.28579860e+002 6.75719486e+000 1.21822665e+002
 2.04203522e+000 1.04122234e+002 6.86634331e+000 9.72558902e+001
 2.07345115e+000 8.91070549e+001 6.96858362e+000 8.21384712e+001
 2.10486708e+000 8.58136348e+001 7.06325955e+000 7.87503752e+001
 2.13628300e+000 9.26417824e+001 7.14968773e+000 8.54920947e+001
 2.16769893e+000 1.03817977e+002 7.22715726e+000 9.65908198e+001
 2.19911486e+000 1.10049415e+002 7.29492939e+000 1.02754485e+002
 2.23053078e+000 1.00105179e+002 7.35223721e+000 9.27529417e+001
 2.26194671e+000 6.31003898e+001 7.39828542e+000 5.57021044e+001
 2.29336264e+000 -8.91578815e+000 7.43225005e+000 1.63480382e+001
 2.32477856e+000 -1.18574752e+002 7.45327834e+000 1.26028030e+002
 2.35619449e+000 -2.61524000e+002 7.46048854e+000 2.68984489e+002
 2.38761042e+000 -4.25908365e+002 7.45296991e+000 4.33361335e+002
 2.41902634e+000 -5.93233805e+002 7.42978262e+000 6.00663588e+002
 2.45044227e+000 -7.40599676e+002 7.38995783e+000 7.47989634e+002
 2.48185820e+000 -8.44017284e+002 7.33249776e+000 8.51349781e+002
 2.51327412e+000 -8.82299680e+002 7.25637583e+000 8.89556055e+002
 2.54469005e+000 -8.40858294e+002 7.16053693e+000 8.48018831e+002
 2.57610598e+000 -7.14710649e+002 7.04389766e+000 7.21754547e+002
 2.60752190e+000 -5.10102932e+002 6.90534676e+000 5.17008279e+002
 2.63893783e+000 -2.44369491e+002 6.74374551e+000 2.51113236e+002
 2.67035376e+000 5.60475964e+001 6.55792832e+000 4.94896681e+001
 2.70176968e+000 3.59165553e+002 6.34670335e+000 3.52818850e+002
 2.73318561e+000 6.32063576e+002 6.10885319e+000 6.25954723e+002
 2.76460154e+000 8.45762737e+002 5.84313575e+000 8.39919601e+002
 2.79601746e+000 9.79550009e+002 5.54828513e+000 9.74001723e+002
 2.82743339e+000 1.02398974e+003 5.22301271e+000 1.01876673e+003
 2.85884931e+000 9.82083660e+002 4.86600825e+000 9.77217651e+002
 2.89026524e+000 8.68362482e+002 4.47594118e+000 8.63886541e+002
 2.92168117e+000 7.06060554e+002 4.05146201e+000 7.02009092e+002
 2.95309709e+000 5.22871899e+002 3.59120382e+000 5.19280696e+002
 2.98451302e+000 3.46046135e+002 3.09378392e+000 3.42952351e+002
 3.01592895e+000 1.97706162e+002 2.55780566e+000 1.95148357e+002
 3.04734487e+000 9.12314360e+001 1.98186037e+000 8.92495756e+001
 3.07876080e+000 2.93562055e+001 1.36452942e+000 2.79916761e+001
 3.11017673e+000 4.31641699e+000 7.04386497e-001 3.61203049e+000
 3.14159265e+000 -3.23291331e-013 2.83382392e-015 3.26125155e-013
