 0.00000000e+000 0.00000000e+000 0.00000000e+000 0.00000000e+000
 3.14159265e-002 6.99396592e-002 3.24132214e-002 3.75264378e-002
 6.28318531e-002 1.34364644e-001 6.68623449e-002 6.75022993e-002
 9.42477796e-002 1.89043018e-001 1.03409224e-001 8.56337938e-002
 1.25663706e-001 2.32026150e-001 1.42115451e-001 8.99106984e-002
 1.57079633e-001 2.64146879e-001 1.83042214e-001 8.11046660e-002
 1.88495559e-001 2.88905300e-001 2.26250143e-001 6.26551572e-002
 2.19911486e-001 3.11766536e-001 2.71799158e-001 3.99673778e-002
 2.51327412e-001 3.39023844e-001 3.19748292e-001 1.92755520e-002
 2.82743339e-001 3.76475628e-001 3.70155520e-001 6.32010771e-003
 3.14159265e-001 4.28205564e-001 4.23077568e-001 5.12799579e-003
 3.45575192e-001 4.95732273e-001 4.78569719e-001 1.71625537e-002
 3.76991118e-001 5.77713734e-001 5.36685605e-001 4.10281292e-002
 4.08407045e-001 6.70270001e-001 5.97476992e-001 7.27930083e-002
 4.39822972e-001 7.67852377e-001 6.60993554e-001 1.06858822e-001
 4.71238898e-001 8.64467912e-001 7.27282634e-001 1.37185278e-001
 5.02654825e-001 9.54990950e-001 7.96388999e-001 1.58601951e-001
 5.34070751e-001 1.03627541e+000 8.68354578e-001 1.67920828e-001
 5.65486678e-001 1.10782629e+000 9.43218198e-001 1.64608088e-001
 5.96902604e-001 1.17188661e+000 1.02101530e+000 1.50871306e-001
 6.28318531e-001 1.23292475e+000 1.10177764e+000 1.31147108e-001
 6.59734457e-001 1.29663896e+000 1.18553302e+000 1.11105943e-001
 6.91150384e-001 1.36870093e+000 1.27230491e+000 9.63960255e-002
 7.22566310e-001 1.45351669e+000 1.36211218e+000 9.14045068e-002
 7.53982237e-001 1.55327716e+000 1.45496874e+000 9.83084143e-002
 7.85398163e-001 1.66750545e+000 1.55088320e+000 1.16622256e-001
 8.16814090e-001 1.79319667e+000 1.64985847e+000 1.43338203e-001
 8.48230016e-001 1.92551454e+000 1.75189144e+000 1.73623106e-001
 8.79645943e-001 2.05888606e+000 1.85697256e+000 2.01913497e-001
 9.11061870e-001 2.18824793e+000 1.96508546e+000 2.23162468e-001
 9.42477796e-001 2.31016659e+000 2.07620652e+000 2.33960070e-001
 9.73893723e-001 2.42358311e+000 2.19030447e+000 2.33278633e-001
 1.00530965e+000 2.53001937e+000 2.30733996e+000 2.22679414e-001
 1.03672558e+000 2.63320307e+000 2.42726507e+000 2.05938003e-001
 1.06814150e+000 2.73819896e+000 2.55002291e+000 1.88176049e-001
 1.09955743e+000 2.85024408e+000 2.67554714e+000 1.74696937e-001
 1.13097336e+000 2.97355000e+000 2.80376147e+000 1.69788526e-001
 1.16238928e+000 3.11034165e+000 2.93457919e+000 1.75762464e-001
 1.19380521e+000 3.26034811e+000 3.06790264e+000 1.92445468e-001
 1.22522113e+000 3.42085834e+000 3.20362276e+000 2.17235583e-001
 1.25663706e+000 3.58732729e+000 3.34161850e+000 2.45708785e-001
 1.28805299e+000 3.75439341e+000 3.48175637e+000 2.72637048e-001
 1.31946891e+000 3.91707594e+000 3.62388980e+000 2.93186135e-001
 1.35088484e+000 4.07187949e+000 3.76785871e+000 3.04020779e-001
 1.38230077e+000 4.21755479e+000 3.91348887e+000 3.04065921e-001
 1.41371669e+000 4.35534189e+000 4.06059136e+000 2.94750532e-001
 1.44513262e+000 4.48863995e+000 4.20896203e+000 2.79677921e-001
 1.47654855e+000 4.62217780e+000 4.35838090e+000 2.63796907e-001
 1.50796447e+000 4.76087378e+000 4.50861158e+000 2.52262204e-001
 1.53938040e+000 4.90864484e+000 4.65940072e+000 2.49244119e-001
 1.57079633e+000 5.06743787e+000 4.81047738e+000 2.56960487e-001
 1.60221225e+000 5.23670698e+000 4.96155248e+000 2.75154501e-001
 1.63362818e+000 5.41345966e+000 5.11231819e+000 3.01141474e-001
 1.66504411e+000 5.59286534e+000 5.26244735e+000 3.30417989e-001
 1.69646003e+000 5.76929060e+000 5.41159287e+000 3.57697727e-001
 1.72787596e+000 5.93752602e+000 5.55938719e+000 3.78138831e-001
 1.75929189e+000 6.09392263e+000 5.70544161e+000 3.88481014e-001
 1.79070781e+000 6.23717386e+000 5.84934583e+000 3.87828025e-001
 1.82212374e+000 6.36855663e+000 5.99066728e+000 3.77889349e-001
 1.85353967e+000 6.49156776e+000 6.12895062e+000 3.62617147e-001
 1.88495559e+000 6.61103027e+000 6.26371715e+000 3.47313125e-001
 1.91637152e+000 6.73186818e+000 6.39446431e+000 3.37403871e-001
 1.94778745e+000 6.85782868e+000 6.52066514e+000 3.37163545e-001
 1.97920337e+000 6.99044829e+000 6.64176775e+000 3.48680542e-001
 2.01061930e+000 7.12850938e+000 6.75719486e+000 3.71314518e-001
 2.04203522e+000 7.26812542e+000 6.86634331e+000 4.01782107e-001
 2.07345115e+000 7.40345079e+000 6.96858362e+000 4.34867164e-001
 2.10486708e+000 7.52786589e+000 7.06325955e+000 4.64606334e-001
 2.13628300e+000 7.63537397e+000 7.14968773e+000 4.85686234e-001
 2.16769893e+000 7.72188886e+000 7.22715726e+000 4.94731598e-001
 2.19911486e+000 7.78610838e+000 7.29492939e+000 4.91178995e-001
 2.23053078e+000 7.82975405e+000 7.35223721e+000 4.77516836e-001
 2.26194671e+000 7.85709721e+000 7.39828542e+000 4.58811790e-001
 2.29336264e+000 7.87385451e+000 7.43225005e+000 4.41604452e-001
 2.32477856e+000 7.88568512e+000 7.45327834e+000 4.32406784e-001
 2.35619449e+000 7.89662447e+000 7.46048854e+000 4.36135935e-001
 2.38761042e+000 7.90781856e+000 7.45296991e+000 4.54848652e-001
 2.41902634e+000 7.91687059e+000 7.42978262e+000 4.87087966e-001
 2.45044227e+000 7.91798560e+000 7.38995783e+000 5.28027772e-001
 2.48185820e+000 7.90292437e+000 7.33249776e+000 5.70426605e-001
 2.51327412e+000 7.86259224e+000 7.25637583e+000 6.06216404e-001
 2.54469005e+000 7.78893328e+000 7.16053693e+000 6.28396348e-001
 2.57610598e+000 7.67670981e+000 7.04389766e+000 6.32812146e-001
 2.60752190e+000 7.52474715e+000 6.90534676e+000 6.19400393e-001
 2.63893783e+000 7.33631603e+000 6.74374551e+000 5.92570521e-001
 2.67035376e+000 7.11849598e+000 6.55792832e+000 5.60567652e-001
 2.70176968e+000 6.88057856e+000 6.34670335e+000 5.33875210e-001
 2.73318561e+000 6.63178522e+000 6.10885319e+000 5.22932028e-001
 2.76460154e+000 6.37874450e+000 5.84313575e+000 5.35608759e-001
 2.79601746e+000 6.12325917e+000 5.54828513e+000 5.74974036e-001
 2.82743339e+000 5.86087255e+000 5.22301271e+000 6.37859846e-001
 2.85884931e+000 5.58061533e+000 4.86600825e+000 7.14607083e-001
 2.89026524e+000 5.26609906e+000 4.47594118e+000 7.90157881e-001
 2.92168117e+000 4.89786310e+000 4.05146201e+000 8.46401089e-001
 2.95309709e+000 4.45662601e+000 3.59120382e+000 8.65422192e-001
 2.98451302e+000 3.92689453e+000 3.09378392e+000 8.33110616e-001
 3.01592895e+000 3.30028317e+000 2.55780566e+000 7.42477512e-001
 3.04734487e+000 2.57791916e+000 1.98186037e+000 5.96058794e-001
 3.07876080e+000 1.77145026e+000 1.36452942e+000 4.06920844e-001
 3.11017673e+000 9.02411745e-001 7.04386497e-001 1.98025248e-001
 3.14159265e+000 2.15698633e-015 2.83382392e-015 6.76837596e-016
