 0.00000000e+000 0.00000000e+000 0.00000000e+000 0.00000000e+000
 3.14159265e-002 3.24302738e-002 3.24132214e-002 1.70524240e-005
 6.28318531e-002 5.77156297e-002 6.68623449e-002 9.14671516e-003
 9.42477796e-002 7.66462205e-002 1.03409224e-001 2.67630038e-002
 1.25663706e-001 9.84854101e-002 1.42115451e-001 4.36300412e-002
 1.57079633e-001 1.33295602e-001 1.83042214e-001 4.97466111e-002
 1.88495559e-001 1.82692594e-001 2.26250143e-001 4.35575496e-002
 2.19911486e-001 2.37450594e-001 2.71799158e-001 3.43485637e-002
 2.51327412e-001 2.84728128e-001 3.19748292e-001 3.50201645e-002
 2.82743339e-001 3.19261194e-001 3.70155520e-001 5.08943259e-002
 3.14159265e-001 3.48924996e-001 4.23077568e-001 7.41525718e-002
 3.45575192e-001 3.89284117e-001 4.78569719e-001 8.92856022e-002
 3.76991118e-001 4.50941159e-001 5.36685605e-001 8.57444463e-002
 4.08407045e-001 5.30018142e-001 5.97476992e-001 6.74588507e-002
 4.39822972e-001 6.10195103e-001 6.60993554e-001 5.07984511e-002
 4.71238898e-001 6.75490138e-001 7.27282634e-001 5.17924964e-002
 5.02654825e-001 7.23787468e-001 7.96388999e-001 7.26015304e-002
 5.34070751e-001 7.69772024e-001 8.68354578e-001 9.85825543e-002
 5.65486678e-001 8.34033918e-001 9.43218198e-001 1.09184279e-001
 5.96902604e-001 9.26452285e-001 1.02101530e+000 9.45630140e-002
 6.28318531e-001 1.03727680e+000 1.10177764e+000 6.45008487e-002
 6.59734457e-001 1.14381522e+000 1.18553302e+000 4.17177948e-002
 6.91150384e-001 1.22823326e+000 1.27230491e+000 4.40716499e-002
 7.22566310e-001 1.29252801e+000 1.36211218e+000 6.95841687e-002
 7.53982237e-001 1.35820470e+000 1.45496874e+000 9.67640466e-002
 7.85398163e-001 1.44997963e+000 1.55088320e+000 1.00903563e-001
 8.16814090e-001 1.57585960e+000 1.64985847e+000 7.39988674e-002
 8.48230016e-001 1.71962047e+000 1.75189144e+000 3.22709684e-002
 8.79645943e-001 1.85252213e+000 1.85697256e+000 4.45043331e-003
 9.11061870e-001 1.95584495e+000 1.96508546e+000 9.24051213e-003
 9.42477796e-001 2.03659121e+000 2.07620652e+000 3.96153108e-002
 9.73893723e-001 2.12327224e+000 2.19030447e+000 6.70322336e-002
 1.00530965e+000 2.24410157e+000 2.30733996e+000 6.32383860e-002
 1.03672558e+000 2.40423636e+000 2.42726507e+000 2.30287026e-002
 1.06814150e+000 2.58034148e+000 2.55002291e+000 3.03185650e-002
 1.09955743e+000 2.73774987e+000 2.67554714e+000 6.22027257e-002
 1.13097336e+000 2.85760390e+000 2.80376147e+000 5.38424270e-002
 1.16238928e+000 2.95272044e+000 2.93457919e+000 1.81412491e-002
 1.19380521e+000 3.05890490e+000 3.06790264e+000 8.99773602e-003
 1.22522113e+000 3.20743802e+000 3.20362276e+000 3.81526636e-003
 1.25663706e+000 3.39978798e+000 3.34161850e+000 5.81694752e-002
 1.28805299e+000 3.60483803e+000 3.48175637e+000 1.23081664e-001
 1.31946891e+000 3.78193100e+000 3.62388980e+000 1.58041196e-001
 1.35088484e+000 3.91262095e+000 3.76785871e+000 1.44762236e-001
 1.38230077e+000 4.01628902e+000 3.91348887e+000 1.02800150e-001
 1.41371669e+000 4.13644895e+000 4.06059136e+000 7.58575940e-002
 1.44513262e+000 4.30723383e+000 4.20896203e+000 9.82717997e-002
 1.47654855e+000 4.52571512e+000 4.35838090e+000 1.67334222e-001
 1.50796447e+000 4.75225645e+000 4.50861158e+000 2.43644864e-001
 1.53938040e+000 4.93991770e+000 4.65940072e+000 2.80516984e-001
 1.57079633e+000 5.07099281e+000 4.81047738e+000 2.60515429e-001
 1.60221225e+000 5.17214033e+000 4.96155248e+000 2.10587848e-001
 1.63362818e+000 5.29518751e+000 5.11231819e+000 1.82869324e-001
 1.66504411e+000 5.47718644e+000 5.26244735e+000 2.14739095e-001
 1.69646003e+000 5.71025410e+000 5.41159287e+000 2.98661224e-001
 1.72787596e+000 5.94537822e+000 5.55938719e+000 3.85991031e-001
 1.75929189e+000 6.12872264e+000 5.70544161e+000 4.23281025e-001
 1.79070781e+000 6.24336204e+000 5.84934583e+000 3.94016210e-001
 1.82212374e+000 6.32392421e+000 5.99066728e+000 3.33256929e-001
 1.85353967e+000 6.43144416e+000 6.12895062e+000 3.02493543e-001
 1.88495559e+000 6.60636060e+000 6.26371715e+000 3.42643450e-001
 1.91637152e+000 6.83548216e+000 6.39446431e+000 4.41017849e-001
 1.94778745e+000 7.05938543e+000 6.52066514e+000 5.38720292e-001
 1.97920337e+000 7.21626096e+000 6.64176775e+000 5.74493213e-001
 2.01061930e+000 7.28959138e+000 6.75719486e+000 5.32396518e-001
 2.04203522e+000 7.32263715e+000 6.86634331e+000 4.56293840e-001
 2.07345115e+000 7.38696289e+000 6.96858362e+000 4.18379264e-001
 2.10486708e+000 7.52746483e+000 7.06325955e+000 4.64205271e-001
 2.13628300e+000 7.72561588e+000 7.14968773e+000 5.75928148e-001
 2.16769893e+000 7.91030484e+000 7.22715726e+000 6.83147581e-001
 2.19911486e+000 8.00998058e+000 7.29492939e+000 7.15051199e-001
 2.23053078e+000 8.00750645e+000 7.35223721e+000 6.55269234e-001
 2.26194671e+000 7.95534444e+000 7.39828542e+000 5.57059020e-001
 2.29336264e+000 7.93753297e+000 7.43225005e+000 5.05282917e-001
 2.32477856e+000 8.00545593e+000 7.45327834e+000 5.52177594e-001
 2.35619449e+000 8.13582245e+000 7.46048854e+000 6.75333911e-001
 2.38761042e+000 8.24427859e+000 7.45296991e+000 7.91308688e-001
 2.41902634e+000 8.24669544e+000 7.42978262e+000 8.16912815e-001
 2.45044227e+000 8.12314930e+000 7.38995783e+000 7.33191463e-001
 2.48185820e+000 7.93554767e+000 7.33249776e+000 6.03049906e-001
 2.51327412e+000 7.78323898e+000 7.25637583e+000 5.26863143e-001
 2.54469005e+000 7.72775889e+000 7.16053693e+000 5.67221958e-001
 2.57610598e+000 7.74286719e+000 7.04389766e+000 6.98969532e-001
 2.60752190e+000 7.72922866e+000 6.90534676e+000 8.23881900e-001
 2.63893783e+000 7.58556882e+000 6.74374551e+000 8.41823312e-001
 2.67035376e+000 7.28478550e+000 6.55792832e+000 7.26857172e-001
 2.70176968e+000 6.89741124e+000 6.34670335e+000 5.50707897e-001
 2.73318561e+000 6.54213705e+000 6.10885319e+000 4.33283861e-001
 2.76460154e+000 6.29736361e+000 5.84313575e+000 4.54227868e-001
 2.79601746e+000 6.13868460e+000 5.54828513e+000 5.90399465e-001
 2.82743339e+000 5.95060367e+000 5.22301271e+000 7.27590966e-001
 2.85884931e+000 5.60723310e+000 4.86600825e+000 7.41224853e-001
 2.89026524e+000 5.06487765e+000 4.47594118e+000 5.88936467e-001
 2.92168117e+000 4.39804319e+000 4.05146201e+000 3.46581181e-001
 2.95309709e+000 3.74949157e+000 3.59120382e+000 1.58287752e-001
 2.98451302e+000 3.22734452e+000 3.09378392e+000 1.33560604e-001
 3.01592895e+000 2.82266127e+000 2.55780566e+000 2.64855605e-001
 3.04734487e+000 2.40892659e+000 1.98186037e+000 4.27066227e-001
 3.07876080e+000 1.82764900e+000 1.36452942e+000 4.63119583e-001
 3.11017673e+000 1.00220192e+000 7.04386497e-001 2.97815418e-001
 3.14159265e+000 -9.30741972e-016 2.83382392e-015 3.76456590e-015
