 0.00000000e+000 0.00000000e+000 0.00000000e+000 0.00000000e+000
 3.14159265e-002 8.02526001e-002 3.24132214e-002 4.78393787e-002
 6.28318531e-002 1.59782385e-001 6.68623449e-002 9.29200406e-002
 9.42477796e-002 2.37890060e-001 1.03409224e-001 1.34480836e-001
 1.25663706e-001 3.13922728e-001 1.42115451e-001 1.71807277e-001
 1.57079633e-001 3.87295515e-001 1.83042214e-001 2.04253301e-001
 1.88495559e-001 4.57511342e-001 2.26250143e-001 2.31261199e-001
 2.19911486e-001 5.24178320e-001 2.71799158e-001 2.52379162e-001
 2.51327412e-001 5.87024269e-001 3.19748292e-001 2.67275977e-001
 2.82743339e-001 6.45907989e-001 3.70155520e-001 2.75752469e-001
 3.14159265e-001 7.00826942e-001 4.23077568e-001 2.77749373e-001
 3.45575192e-001 7.51921136e-001 4.78569719e-001 2.73351416e-001
 3.76991118e-001 7.99473097e-001 5.36685605e-001 2.62787492e-001
 4.08407045e-001 8.43903904e-001 5.97476992e-001 2.46426911e-001
 4.39822972e-001 8.85765369e-001 6.60993554e-001 2.24771815e-001
 4.71238898e-001 9.25728577e-001 7.27282634e-001 1.98445943e-001
 5.02654825e-001 9.64569044e-001 7.96388999e-001 1.68180046e-001
 5.34070751e-001 1.00314890e+000 8.68354578e-001 1.34794318e-001
 5.65486678e-001 1.04239651e+000 9.43218198e-001 9.91783141e-002
 5.96902604e-001 1.08328417e+000 1.02101530e+000 6.22688670e-002
 6.28318531e-001 1.12680425e+000 1.10177764e+000 2.50266071e-002
 6.59734457e-001 1.17394471e+000 1.18553302e+000 1.15883117e-002
 6.91150384e-001 1.22566428e+000 1.27230491e+000 4.66406233e-002
 7.22566310e-001 1.28286833e+000 1.36211218e+000 7.92438488e-002
 7.53982237e-001 1.34638570e+000 1.45496874e+000 1.08583040e-001
 7.85398163e-001 1.41694744e+000 1.55088320e+000 1.33935753e-001
 8.16814090e-001 1.49516778e+000 1.64985847e+000 1.54690687e-001
 8.48230016e-001 1.58152798e+000 1.75189144e+000 1.70363458e-001
 8.79645943e-001 1.67636346e+000 1.85697256e+000 1.80609099e-001
 9.11061870e-001 1.77985456e+000 1.96508546e+000 1.85230902e-001
 9.42477796e-001 1.89202116e+000 2.07620652e+000 1.84185364e-001
 9.73893723e-001 2.01272141e+000 2.19030447e+000 1.77583069e-001
 1.00530965e+000 2.14165449e+000 2.30733996e+000 1.65685464e-001
 1.03672558e+000 2.27836748e+000 2.42726507e+000 1.48897582e-001
 1.06814150e+000 2.42226603e+000 2.55002291e+000 1.27756884e-001
 1.09955743e+000 2.57262866e+000 2.67554714e+000 1.02918487e-001
 1.13097336e+000 2.72862432e+000 2.80376147e+000 7.51371559e-002
 1.16238928e+000 2.88933267e+000 2.93457919e+000 4.52465155e-002
 1.19380521e+000 3.05376662e+000 3.06790264e+000 1.41360189e-002
 1.22522113e+000 3.22089648e+000 3.20362276e+000 1.72737213e-002
 1.25663706e+000 3.38967509e+000 3.34161850e+000 4.80565895e-002
 1.28805299e+000 3.55906329e+000 3.48175637e+000 7.73069244e-002
 1.31946891e+000 3.72805488e+000 3.62388980e+000 1.04165079e-001
 1.35088484e+000 3.89570060e+000 3.76785871e+000 1.27841887e-001
 1.38230077e+000 4.06113023e+000 3.91348887e+000 1.47641356e-001
 1.41371669e+000 4.22357232e+000 4.06059136e+000 1.62980960e-001
 1.44513262e+000 4.38237097e+000 4.20896203e+000 1.73408943e-001
 1.47654855e+000 4.53699903e+000 4.35838090e+000 1.78618134e-001
 1.50796447e+000 4.68706743e+000 4.50861158e+000 1.78455848e-001
 1.53938040e+000 4.83233027e+000 4.65940072e+000 1.72929554e-001
 1.57079633e+000 4.97268548e+000 4.81047738e+000 1.62208099e-001
 1.60221225e+000 5.10817086e+000 4.96155248e+000 1.46618382e-001
 1.63362818e+000 5.23895570e+000 5.11231819e+000 1.26637507e-001
 1.66504411e+000 5.36532790e+000 5.26244735e+000 1.02880557e-001
 1.69646003e+000 5.48767712e+000 5.41159287e+000 7.60842455e-002
 1.72787596e+000 5.60647401e+000 5.55938719e+000 4.70868274e-002
 1.75929189e+000 5.72224636e+000 5.70544161e+000 1.68047431e-002
 1.79070781e+000 5.83555241e+000 5.84934583e+000 1.37934184e-002
 1.82212374e+000 5.94695230e+000 5.99066728e+000 4.37149815e-002
 1.85353967e+000 6.05697807e+000 6.12895062e+000 7.19725439e-002
 1.88495559e+000 6.16610329e+000 6.26371715e+000 9.76138552e-002
 1.91637152e+000 6.27471290e+000 6.39446431e+000 1.19751407e-001
 1.94778745e+000 6.38307423e+000 6.52066514e+000 1.37590911e-001
 1.97920337e+000 6.49130989e+000 6.64176775e+000 1.50457861e-001
 2.01061930e+000 6.59937348e+000 6.75719486e+000 1.57821385e-001
 2.04203522e+000 6.70702865e+000 6.86634331e+000 1.59314667e-001
 2.07345115e+000 6.81383236e+000 6.96858362e+000 1.54751257e-001
 2.10486708e+000 6.91912284e+000 7.06325955e+000 1.44136713e-001
 2.13628300e+000 7.02201267e+000 7.14968773e+000 1.27675065e-001
 2.16769893e+000 7.12138749e+000 7.22715726e+000 1.05769772e-001
 2.19911486e+000 7.21591048e+000 7.29492939e+000 7.90189057e-002
 2.23053078e+000 7.30403274e+000 7.35223721e+000 4.82044755e-002
 2.26194671e+000 7.38400950e+000 7.39828542e+000 1.42759191e-002
 2.29336264e+000 7.45392211e+000 7.43225005e+000 2.16720593e-002
 2.32477856e+000 7.51170533e+000 7.45327834e+000 5.84269924e-002
 2.35619449e+000 7.55517959e+000 7.46048854e+000 9.46910464e-002
 2.38761042e+000 7.58208764e+000 7.45296991e+000 1.29117736e-001
 2.41902634e+000 7.59013489e+000 7.42978262e+000 1.60352274e-001
 2.45044227e+000 7.57703259e+000 7.38995783e+000 1.87074761e-001
 2.48185820e+000 7.54054311e+000 7.33249776e+000 2.08045350e-001
 2.51327412e+000 7.47852628e+000 7.25637583e+000 2.22150449e-001
 2.54469005e+000 7.38898591e+000 7.16053693e+000 2.28448976e-001
 2.57610598e+000 7.27011533e+000 7.04389766e+000 2.26217668e-001
 2.60752190e+000 7.12034120e+000 6.90534676e+000 2.14994442e-001
 2.63893783e+000 6.93836433e+000 6.74374551e+000 1.94618822e-001
 2.67035376e+000 6.72319683e+000 6.55792832e+000 1.65268502e-001
 2.70176968e+000 6.47419452e+000 6.34670335e+000 1.27491171e-001
 2.73318561e+000 6.19108401e+000 6.10885319e+000 8.22308162e-002
 2.76460154e+000 5.87398359e+000 5.84313575e+000 3.08478422e-002
 2.79601746e+000 5.52341755e+000 5.54828513e+000 2.48675766e-002
 2.82743339e+000 5.14032340e+000 5.22301271e+000 8.26893081e-002
 2.85884931e+000 4.72605172e+000 4.86600825e+000 1.39956527e-001
 2.89026524e+000 4.28235863e+000 4.47594118e+000 1.93582555e-001
 2.92168117e+000 3.81139077e+000 4.05146201e+000 2.40071238e-001
 2.95309709e+000 3.31566313e+000 3.59120382e+000 2.75540684e-001
 2.98451302e+000 2.79802992e+000 3.09378392e+000 2.95754000e-001
 3.01592895e+000 2.26164910e+000 2.55780566e+000 2.96156561e-001
 3.04734487e+000 1.70994120e+000 1.98186037e+000 2.71919165e-001
 3.07876080e+000 1.14654308e+000 1.36452942e+000 2.17986335e-001
 3.11017673e+000 5.75257581e-001 7.04386497e-001 1.29128916e-001
 3.14159265e+000 1.63890789e-015 2.83382392e-015 1.19491603e-015
