 0.00000000e+000 0.00000000e+000 0.00000000e+000 0.00000000e+000
 3.14159265e-002 -1.74250983e-001 3.24132214e-002 2.06664204e-001
 6.28318531e-002 -1.26275873e+000 6.68623449e-002 1.32962108e+000
 9.42477796e-002 -3.60592331e+000 1.03409224e-001 3.70933254e+000
 1.25663706e-001 -6.73525824e+000 1.42115451e-001 6.87737370e+000
 1.57079633e-001 -9.63061949e+000 1.83042214e-001 9.81366171e+000
 1.88495559e-001 -1.13376348e+001 2.26250143e-001 1.15638850e+001
 2.19911486e-001 -1.15775814e+001 2.71799158e-001 1.18493806e+001
 2.51327412e-001 -1.09493525e+001 3.19748292e-001 1.12691008e+001
 2.82743339e-001 -1.05528536e+001 3.70155520e-001 1.09230092e+001
 3.14159265e-001 -1.12458204e+001 4.23077568e-001 1.16688980e+001
 3.45575192e-001 -1.30333595e+001 4.78569719e-001 1.35119292e+001
 3.76991118e-001 -1.50493607e+001 5.36685605e-001 1.55860463e+001
 4.08407045e-001 -1.61953438e+001 5.97476992e-001 1.67928208e+001
 4.39822972e-001 -1.60042534e+001 6.60993554e-001 1.66652469e+001
 4.71238898e-001 -1.50721681e+001 7.27282634e-001 1.57994507e+001
 5.02654825e-001 -1.46703571e+001 7.96388999e-001 1.54667461e+001
 5.34070751e-001 -1.57659742e+001 8.68354578e-001 1.66343288e+001
 5.65486678e-001 -1.81871999e+001 9.43218198e-001 1.91304181e+001
 5.96902604e-001 -2.06364045e+001 1.02101530e+000 2.16574198e+001
 6.28318531e-001 -2.16386262e+001 1.10177764e+000 2.27404038e+001
 6.59734457e-001 -2.07479499e+001 1.18553302e+000 2.19334829e+001
 6.91150384e-001 -1.90384547e+001 1.27230491e+000 2.03107596e+001
 7.22566310e-001 -1.83849457e+001 1.36211218e+000 1.97470579e+001
 7.53982237e-001 -1.99884815e+001 1.45496874e+000 2.14434503e+001
 7.85398163e-001 -2.32870026e+001 1.55088320e+000 2.48378857e+001
 8.16814090e-001 -2.62068540e+001 1.64985847e+000 2.78567125e+001
 8.48230016e-001 -2.67057059e+001 1.75189144e+000 2.84575973e+001
 8.79645943e-001 -2.44732746e+001 1.85697256e+000 2.63302472e+001
 9.11061870e-001 -2.13898864e+001 1.96508546e+000 2.33549719e+001
 9.42477796e-001 -2.02133289e+001 2.07620652e+000 2.22895354e+001
 9.73893723e-001 -2.23785892e+001 2.19030447e+000 2.45688936e+001
 1.00530965e+000 -2.66373034e+001 2.30733996e+000 2.89446433e+001
 1.03672558e+000 -2.97664431e+001 2.42726507e+000 3.21937081e+001
 1.06814150e+000 -2.89987492e+001 2.55002291e+000 3.15487721e+001
 1.09955743e+000 -2.43579395e+001 2.67554714e+000 2.70334866e+001
 1.13097336e+000 -1.89517779e+001 2.80376147e+000 2.17555394e+001
 1.16238928e+000 -1.67448010e+001 2.93457919e+000 1.96793802e+001
 1.19380521e+000 -1.93633710e+001 3.06790264e+000 2.24312736e+001
 1.22522113e+000 -2.44620058e+001 3.20362276e+000 2.76656286e+001
 1.25663706e+000 -2.71776018e+001 3.34161850e+000 3.05192203e+001
 1.28805299e+000 -2.38244243e+001 3.48175637e+000 2.73061806e+001
 1.31946891e+000 -1.50417143e+001 3.62388980e+000 1.86656041e+001
 1.35088484e+000 -5.74254068e+000 3.76785871e+000 9.51039939e+000
 1.38230077e+000 -1.54333820e+000 3.91348887e+000 5.45682707e+000
 1.41371669e+000 -4.20603590e+000 4.06059136e+000 8.26662726e+000
 1.44513262e+000 -9.71747115e+000 4.20896203e+000 1.39264332e+001
 1.47654855e+000 -1.08766782e+001 4.35838090e+000 1.52350591e+001
 1.50796447e+000 -2.78301224e+000 4.50861158e+000 7.29162382e+000
 1.53938040e+000 1.29310482e+001 4.65940072e+000 8.27164753e+000
 1.57079633e+000 2.87187441e+001 4.81047738e+000 2.39082668e+001
 1.60221225e+000 3.66340953e+001 4.96155248e+000 3.16725428e+001
 1.63362818e+000 3.48073947e+001 5.11231819e+000 2.96950765e+001
 1.66504411e+000 2.97237292e+001 5.26244735e+000 2.44612819e+001
 1.69646003e+000 3.19767062e+001 5.41159287e+000 2.65651133e+001
 1.72787596e+000 4.81999729e+001 5.55938719e+000 4.26405857e+001
 1.75929189e+000 7.52798235e+001 5.70544161e+000 6.95743819e+001
 1.79070781e+000 1.01795738e+002 5.84934583e+000 9.59463918e+001
 1.82212374e+000 1.16354901e+002 5.99066728e+000 1.10364234e+002
 1.85353967e+000 1.16884413e+002 6.12895062e+000 1.10755462e+002
 1.88495559e+000 1.13495611e+002 6.26371715e+000 1.07231894e+002
 1.91637152e+000 1.21864141e+002 6.39446431e+000 1.15469677e+002
 1.94778745e+000 1.51344079e+002 6.52066514e+000 1.44823414e+002
 1.97920337e+000 1.96751475e+002 6.64176775e+000 1.90109708e+002
 2.01061930e+000 2.40849155e+002 6.75719486e+000 2.34091960e+002
 2.04203522e+000 2.66816045e+002 6.86634331e+000 2.59949702e+002
 2.07345115e+000 2.71913091e+002 6.96858362e+000 2.64944507e+002
 2.10486708e+000 2.71559192e+002 7.06325955e+000 2.64495932e+002
 2.13628300e+000 2.89390620e+002 7.14968773e+000 2.82240933e+002
 2.16769893e+000 3.39508168e+002 7.22715726e+000 3.32281011e+002
 2.19911486e+000 4.14084152e+002 7.29492939e+000 4.06789222e+002
 2.23053078e+000 4.86862275e+002 7.35223721e+000 4.79510037e+002
 2.26194671e+000 5.31789457e+002 7.39828542e+000 5.24391171e+002
 2.29336264e+000 5.43946528e+002 7.43225005e+000 5.36514278e+002
 2.32477856e+000 5.46500745e+002 7.45327834e+000 5.39047467e+002
 2.35619449e+000 5.76336508e+002 7.46048854e+000 5.68876020e+002
 2.38761042e+000 6.56846587e+002 7.45296991e+000 6.49393617e+002
 2.41902634e+000 7.77568880e+002 7.42978262e+000 7.70139098e+002
 2.45044227e+000 8.97624497e+002 7.38995783e+000 8.90234539e+002
 2.48185820e+000 9.73613560e+002 7.33249776e+000 9.66281062e+002
 2.51327412e+000 9.93648958e+002 7.25637583e+000 9.86392582e+002
 2.54469005e+000 9.91858886e+002 7.16053693e+000 9.84698349e+002
 2.57610598e+000 1.02913818e+003 7.04389766e+000 1.02209428e+003
 2.60752190e+000 1.14989540e+003 6.90534676e+000 1.14299005e+003
 2.63893783e+000 1.34443803e+003 6.74374551e+000 1.33769429e+003
 2.67035376e+000 1.54683524e+003 6.55792832e+000 1.54027731e+003
 2.70176968e+000 1.67576437e+003 6.34670335e+000 1.66941767e+003
 2.73318561e+000 1.69459184e+003 6.10885319e+000 1.68848299e+003
 2.76460154e+000 1.64870042e+003 5.84313575e+000 1.64285728e+003
 2.79601746e+000 1.64800845e+003 5.54828513e+000 1.64246017e+003
 2.82743339e+000 1.79730004e+003 5.22301271e+000 1.79207703e+003
 2.85884931e+000 2.11477102e+003 4.86600825e+000 2.10990501e+003
 2.89026524e+000 2.49373902e+003 4.47594118e+000 2.48926308e+003
 2.92168117e+000 2.74081508e+003 4.05146201e+000 2.73676361e+003
 2.95309709e+000 2.67681254e+003 3.59120382e+000 2.67322134e+003
 2.98451302e+000 2.24356985e+003 3.09378392e+000 2.24047606e+003
 3.01592895e+000 1.54994989e+003 2.55780566e+000 1.54739209e+003
 3.04734487e+000 8.22939326e+002 1.98186037e+000 8.20957466e+002
 3.07876080e+000 2.86821544e+002 1.36452942e+000 2.85457014e+002
 3.11017673e+000 3.94899221e+001 7.04386497e-001 3.87855356e+001
 3.14159265e+000 3.47233411e-012 2.83382392e-015 3.46950028e-012
