 0.00000000e+000 0.00000000e+000 0.00000000e+000 0.00000000e+000
 3.14159265e-002 3.11980995e-002 3.24132214e-002 1.21512190e-003
 6.28318531e-002 6.33145215e-002 6.68623449e-002 3.54782337e-003
 9.42477796e-002 9.72048282e-002 1.03409224e-001 6.20439612e-003
 1.25663706e-001 1.33605115e-001 1.42115451e-001 8.51033634e-003
 1.57079633e-001 1.73086803e-001 1.83042214e-001 9.95541047e-003
 1.88495559e-001 2.16027208e-001 2.26250143e-001 1.02229349e-002
 2.19911486e-001 2.62598575e-001 2.71799158e-001 9.20058258e-003
 2.51327412e-001 3.12776401e-001 3.19748292e-001 6.97189108e-003
 2.82743339e-001 3.66365934e-001 3.70155520e-001 3.78958614e-003
 3.14159265e-001 4.23043914e-001 4.23077568e-001 3.36545915e-005
 3.45575192e-001 4.82411105e-001 4.78569719e-001 3.84138601e-003
 3.76991118e-001 5.44050125e-001 5.36685605e-001 7.36452035e-003
 4.08407045e-001 6.07582576e-001 5.97476992e-001 1.01055836e-002
 4.39822972e-001 6.72719622e-001 6.60993554e-001 1.17260677e-002
 4.71238898e-001 7.39300894e-001 7.27282634e-001 1.20182598e-002
 5.02654825e-001 8.07317841e-001 7.96388999e-001 1.09288424e-002
 5.34070751e-001 8.76919315e-001 8.68354578e-001 8.56473716e-003
 5.65486678e-001 9.48399045e-001 9.43218198e-001 5.18084708e-003
 5.96902604e-001 1.02216655e+000 1.02101530e+000 1.15125465e-003
 6.28318531e-001 1.09870481e+000 1.10177764e+000 3.07283149e-003
 6.59734457e-001 1.17851931e+000 1.18553302e+000 7.01370490e-003
 6.91150384e-001 1.26208411e+000 1.27230491e+000 1.02207967e-002
 7.22566310e-001 1.34979073e+000 1.36211218e+000 1.23214460e-002
 7.53982237e-001 1.44190549e+000 1.45496874e+000 1.30632493e-002
 7.85398163e-001 1.53853986e+000 1.55088320e+000 1.23433368e-002
 8.16814090e-001 1.63963715e+000 1.64985847e+000 1.02213223e-002
 8.48230016e-001 1.74497702e+000 1.75189144e+000 6.91442268e-003
 8.79645943e-001 1.85419740e+000 1.85697256e+000 2.77515671e-003
 9.11061870e-001 1.96683154e+000 1.96508546e+000 1.74608217e-003
 9.42477796e-001 2.08235616e+000 2.07620652e+000 6.14963811e-003
 9.73893723e-001 2.20024568e+000 2.19030447e+000 9.94120716e-003
 1.00530965e+000 2.32002653e+000 2.30733996e+000 1.26865728e-002
 1.03672558e+000 2.44132557e+000 2.42726507e+000 1.40605066e-002
 1.06814150e+000 2.56390735e+000 2.55002291e+000 1.38844354e-002
 1.09955743e+000 2.68769577e+000 2.67554714e+000 1.21486223e-002
 1.13097336e+000 2.81277769e+000 2.80376147e+000 9.01621529e-003
 1.16238928e+000 2.93938763e+000 2.93457919e+000 4.80843814e-003
 1.19380521e+000 3.06787485e+000 3.06790264e+000 2.77862221e-005
 1.22522113e+000 3.19865618e+000 3.20362276e+000 4.96657241e-003
 1.25663706e+000 3.33215914e+000 3.34161850e+000 9.45936292e-003
 1.28805299e+000 3.46876152e+000 3.48175637e+000 1.29948489e-002
 1.31946891e+000 3.60873371e+000 3.62388980e+000 1.51560950e-002
 1.35088484e+000 3.75219010e+000 3.76785871e+000 1.56686148e-002
 1.38230077e+000 3.89905488e+000 3.91348887e+000 1.44339865e-002
 1.41371669e+000 4.04904632e+000 4.06059136e+000 1.15450361e-002
 1.44513262e+000 4.20168152e+000 4.20896203e+000 7.28050519e-003
 1.47654855e+000 4.35630162e+000 4.35838090e+000 2.07927679e-003
 1.50796447e+000 4.51211515e+000 4.50861158e+000 3.50357197e-003
 1.53938040e+000 4.66825533e+000 4.65940072e+000 8.85461285e-003
 1.57079633e+000 4.82384531e+000 4.81047738e+000 1.33679255e-002
 1.60221225e+000 4.97806455e+000 4.96155248e+000 1.65120729e-002
 1.63362818e+000 5.13020917e+000 5.11231819e+000 1.78909816e-002
 1.66504411e+000 5.27973930e+000 5.26244735e+000 1.72919549e-002
 1.69646003e+000 5.42630810e+000 5.41159287e+000 1.47152247e-002
 1.72787596e+000 5.56976843e+000 5.55938719e+000 1.03812468e-002
 1.75929189e+000 5.71015582e+000 5.70544161e+000 4.71420171e-003
 1.79070781e+000 5.84764849e+000 5.84934583e+000 1.69734397e-003
 1.82212374e+000 5.98250809e+000 5.99066728e+000 8.15918783e-003
 1.85353967e+000 6.11500658e+000 6.12895062e+000 1.39440348e-002
 1.88495559e+000 6.24534661e+000 6.26371715e+000 1.83705347e-002
 1.91637152e+000 6.37358376e+000 6.39446431e+000 2.08805475e-002
 1.94778745e+000 6.49955890e+000 6.52066514e+000 2.11062340e-002
 1.97920337e+000 6.62284844e+000 6.64176775e+000 1.89193087e-002
 2.01061930e+000 6.74273849e+000 6.75719486e+000 1.44563665e-002
 2.04203522e+000 6.85822684e+000 6.86634331e+000 8.11646766e-003
 2.07345115e+000 6.96805369e+000 6.96858362e+000 5.29931056e-004
 2.10486708e+000 7.07075927e+000 7.06325955e+000 7.49971470e-003
 2.13628300e+000 7.16476348e+000 7.14968773e+000 1.50757493e-002
 2.16769893e+000 7.24846007e+000 7.22715726e+000 2.13028159e-002
 2.19911486e+000 7.32031606e+000 7.29492939e+000 2.53866717e-002
 2.23053078e+000 7.37896596e+000 7.35223721e+000 2.67287522e-002
 2.26194671e+000 7.42329056e+000 7.39828542e+000 2.50051373e-002
 2.29336264e+000 7.45247060e+000 7.43225005e+000 2.02205432e-002
 2.32477856e+000 7.46600834e+000 7.45327834e+000 1.27300056e-002
 2.35619449e+000 7.46371236e+000 7.46048854e+000 3.22381906e-003
 2.38761042e+000 7.44564471e+000 7.45296991e+000 7.32519354e-003
 2.41902634e+000 7.41203342e+000 7.42978262e+000 1.77492036e-002
 2.45044227e+000 7.36315677e+000 7.38995783e+000 2.68010635e-002
 2.48185820e+000 7.29920956e+000 7.33249776e+000 3.32882051e-002
 2.51327412e+000 7.22016360e+000 7.25637583e+000 3.62122310e-002
 2.54469005e+000 7.12563677e+000 7.16053693e+000 3.49001575e-002
 2.57610598e+000 7.01478468e+000 7.04389766e+000 2.91129777e-002
 2.60752190e+000 6.88622851e+000 6.90534676e+000 1.91182470e-002
 2.63893783e+000 6.73802979e+000 6.74374551e+000 5.71571710e-003
 2.67035376e+000 6.56771982e+000 6.55792832e+000 9.79149772e-003
 2.70176968e+000 6.37238675e+000 6.34670335e+000 2.56834020e-002
 2.73318561e+000 6.14881876e+000 6.10885319e+000 3.99655696e-002
 2.76460154e+000 5.89369665e+000 5.84313575e+000 5.05609087e-002
 2.79601746e+000 5.60382456e+000 5.54828513e+000 5.55394343e-002
 2.82743339e+000 5.27638353e+000 5.22301271e+000 5.33708189e-002
 2.85884931e+000 4.90918993e+000 4.86600825e+000 4.31816836e-002
 2.89026524e+000 4.50093934e+000 4.47594118e+000 2.49981601e-002
 2.92168117e+000 4.05141639e+000 4.05146201e+000 4.56207337e-005
 2.95309709e+000 3.56165307e+000 3.59120382e+000 2.95507482e-002
 2.98451302e+000 3.03402102e+000 3.09378392e+000 5.97628926e-002
 3.01592895e+000 2.47224788e+000 2.55780566e+000 8.55577831e-002
 3.04734487e+000 1.88135297e+000 1.98186037e+000 1.00507401e-001
 3.07876080e+000 1.26750380e+000 1.36452942e+000 9.70256188e-002
 3.11017673e+000 6.37800380e-001 7.04386497e-001 6.65861168e-002
 3.14159265e+000 1.69231962e-015 2.83382392e-015 1.14150431e-015
