 0.00000000e+000 0.00000000e+000 0.00000000e+000 0.00000000e+000
 3.14159265e-002 2.93117167e-001 3.24132214e-002 2.60703946e-001
 6.28318531e-002 2.07098437e+000 6.68623449e-002 2.00412202e+000
 9.42477796e-002 5.63421853e+000 1.03409224e-001 5.53080931e+000
 1.25663706e-001 9.66753531e+000 1.42115451e-001 9.52541986e+000
 1.57079633e-001 1.18672518e+001 1.83042214e-001 1.16842095e+001
 1.88495559e-001 1.03006636e+001 2.26250143e-001 1.00744134e+001
 2.19911486e-001 4.71373268e+000 2.71799158e-001 4.44193352e+000
 2.51327412e-001 -3.00663897e+000 3.19748292e-001 3.32638727e+000
 2.82743339e-001 -9.55855426e+000 3.70155520e-001 9.92870978e+000
 3.14159265e-001 -1.18183182e+001 4.23077568e-001 1.22413957e+001
 3.45575192e-001 -8.47586861e+000 4.78569719e-001 8.95443833e+000
 3.76991118e-001 -8.30011716e-001 5.36685605e-001 1.36669732e+000
 4.08407045e-001 7.71070949e+000 5.97476992e-001 7.11323249e+000
 4.39822972e-001 1.31934927e+001 6.60993554e-001 1.25324991e+001
 4.71238898e-001 1.29620883e+001 7.27282634e-001 1.22348057e+001
 5.02654825e-001 6.84436852e+000 7.96388999e-001 6.04797952e+000
 5.34070751e-001 -2.88446648e+000 8.68354578e-001 3.75282106e+000
 5.65486678e-001 -1.26846176e+001 9.43218198e-001 1.36278358e+001
 5.96902604e-001 -1.94188996e+001 1.02101530e+000 2.04399149e+001
 6.28318531e-001 -2.16386262e+001 1.10177764e+000 2.27404038e+001
 6.59734457e-001 -1.98900380e+001 1.18553302e+000 2.10755710e+001
 6.91150384e-001 -1.60118956e+001 1.27230491e+000 1.72842005e+001
 7.22566310e-001 -1.19340042e+001 1.36211218e+000 1.32961164e+001
 7.53982237e-001 -8.69806060e+000 1.45496874e+000 1.01530293e+001
 7.85398163e-001 -6.20943075e+000 1.55088320e+000 7.76031395e+000
 8.16814090e-001 -3.74321827e+000 1.64985847e+000 5.39307674e+000
 8.48230016e-001 -7.73006808e-001 1.75189144e+000 2.52489825e+000
 8.79645943e-001 2.46421462e+000 1.85697256e+000 6.07242059e-001
 9.11061870e-001 5.03110641e+000 1.96508546e+000 3.06602095e+000
 9.42477796e-001 5.90248440e+000 2.07620652e+000 3.82627788e+000
 9.73893723e-001 4.67548209e+000 2.19030447e+000 2.48517762e+000
 1.00530965e+000 1.86288112e+000 2.30733996e+000 4.44458839e-001
 1.03672558e+000 -1.45608388e+000 2.42726507e+000 3.88334894e+000
 1.06814150e+000 -4.40023748e+000 2.55002291e+000 6.95026039e+000
 1.09955743e+000 -6.92266548e+000 2.67554714e+000 9.59821263e+000
 1.13097336e+000 -9.81858153e+000 2.80376147e+000 1.26223430e+001
 1.16238928e+000 -1.40060075e+001 2.93457919e+000 1.69405867e+001
 1.19380521e+000 -1.94985240e+001 3.06790264e+000 2.25664266e+001
 1.22522113e+000 -2.47849243e+001 3.20362276e+000 2.79885471e+001
 1.25663706e+000 -2.71776018e+001 3.34161850e+000 3.05192203e+001
 1.28805299e+000 -2.41337266e+001 3.48175637e+000 2.76154830e+001
 1.31946891e+000 -1.49025752e+001 3.62388980e+000 1.85264650e+001
 1.35088484e+000 -1.51719716e+000 3.76785871e+000 5.28505588e+000
 1.38230077e+000 1.16144659e+001 3.91348887e+000 7.70097705e+000
 1.41371669e+000 1.95276919e+001 4.06059136e+000 1.54671005e+001
 1.44513262e+000 1.90942369e+001 4.20896203e+000 1.48852749e+001
 1.47654855e+000 1.07114352e+001 4.35838090e+000 6.35305427e+000
 1.50796447e+000 -1.72266393e+000 4.50861158e+000 6.23127551e+000
 1.53938040e+000 -1.26579920e+001 4.65940072e+000 1.73173927e+001
 1.57079633e+000 -1.76218931e+001 4.81047738e+000 2.24323705e+001
 1.60221225e+000 -1.53019843e+001 4.96155248e+000 2.02635368e+001
 1.63362818e+000 -7.74294259e+000 5.11231819e+000 1.28552608e+001
 1.66504411e+000 1.50742925e+000 5.26244735e+000 3.75501809e+000
 1.69646003e+000 1.01824737e+001 5.41159287e+000 4.77088079e+000
 1.72787596e+000 1.91706192e+001 5.55938719e+000 1.36112320e+001
 1.75929189e+000 3.20074575e+001 5.70544161e+000 2.63020159e+001
 1.79070781e+000 5.18952270e+001 5.84934583e+000 4.60458812e+001
 1.82212374e+000 7.78373397e+001 5.99066728e+000 7.18466724e+001
 1.85353967e+000 1.02444654e+002 6.12895062e+000 9.63157036e+001
 1.88495559e+000 1.13495611e+002 6.26371715e+000 1.07231894e+002
 1.91637152e+000 9.94345953e+001 6.39446431e+000 9.30401310e+001
 1.94778745e+000 5.65532612e+001 6.52066514e+000 5.00325960e+001
 1.97920337e+000 -6.02237997e+000 6.64176775e+000 1.26641477e+001
 2.01061930e+000 -6.70985808e+001 6.75719486e+000 7.38557757e+001
 2.04203522e+000 -1.01037126e+002 6.86634331e+000 1.07903469e+002
 2.07345115e+000 -8.97278557e+001 6.96858362e+000 9.66964393e+001
 2.10486708e+000 -3.34425250e+001 7.06325955e+000 4.05057846e+001
 2.13628300e+000 4.54594224e+001 7.14968773e+000 3.83097346e+001
 2.16769893e+000 1.09435561e+002 7.22715726e+000 1.02208403e+002
 2.19911486e+000 1.21876956e+002 7.29492939e+000 1.14582027e+002
 2.23053078e+000 6.60576714e+001 7.35223721e+000 5.87054342e+001
 2.26194671e+000 -4.20071523e+001 7.39828542e+000 4.94054378e+001
 2.29336264e+000 -1.54178330e+002 7.43225005e+000 1.61610580e+002
 2.32477856e+000 -2.06250586e+002 7.45327834e+000 2.13703864e+002
 2.35619449e+000 -1.44303568e+002 7.46048854e+000 1.51764056e+002
 2.38761042e+000 4.93396071e+001 7.45296991e+000 4.18866372e+001
 2.41902634e+000 3.42348292e+002 7.42978262e+000 3.34918509e+002
 2.45044227e+000 6.58336491e+002 7.38995783e+000 6.50946534e+002
 2.48185820e+000 9.01907411e+002 7.33249776e+000 8.94574913e+002
 2.51327412e+000 9.93648958e+002 7.25637583e+000 9.86392582e+002
 2.54469005e+000 9.00963096e+002 7.16053693e+000 8.93802559e+002
 2.57610598e+000 6.51669558e+002 7.04389766e+000 6.44625661e+002
 2.60752190e+000 3.24225263e+002 6.90534676e+000 3.17319916e+002
 2.63893783e+000 1.82390244e+001 6.74374551e+000 1.14952789e+001
 2.67035376e+000 -1.82621177e+002 6.55792832e+000 1.89179105e+002
 2.70176968e+000 -2.40045724e+002 6.34670335e+000 2.46392427e+002
 2.73318561e+000 -1.71059581e+002 6.10885319e+000 1.77168435e+002
 2.76460154e+000 -3.54149683e+001 5.84313575e+000 4.12581041e+001
 2.79601746e+000 9.29496997e+001 5.54828513e+000 8.74014146e+001
 2.82743339e+000 1.57219652e+002 5.22301271e+000 1.51996639e+002
 2.85884931e+000 1.38244520e+002 4.86600825e+000 1.33378512e+002
 2.89026524e+000 5.64965913e+001 4.47594118e+000 5.20206501e+001
 2.92168117e+000 -4.34336706e+001 4.05146201e+000 4.74851326e+001
 2.95309709e+000 -1.16847040e+002 3.59120382e+000 1.20438244e+002
 2.98451302e+000 -1.39379264e+002 3.09378392e+000 1.42473048e+002
 3.01592895e+000 -1.14648467e+002 2.55780566e+000 1.17206273e+002
 3.04734487e+000 -6.69671447e+001 1.98186037e+000 6.89490051e+001
 3.07876080e+000 -2.46113565e+001 1.36452942e+000 2.59758859e+001
 3.11017673e+000 -3.48119728e+000 7.04386497e-001 4.18558378e+000
 3.14159265e+000 3.32634375e-013 2.83382392e-015 3.29800551e-013
