 0.00000000e+000 0.00000000e+000 0.00000000e+000 0.00000000e+000
 3.14159265e-002 -1.05862601e-001 3.24132214e-002 1.38275823e-001
 6.28318531e-002 -7.66958518e-001 6.68623449e-002 8.33820863e-001
 9.42477796e-002 -2.19149416e+000 1.03409224e-001 2.29490338e+000
 1.25663706e-001 -4.10506561e+000 1.42115451e-001 4.24718106e+000
 1.57079633e-001 -5.90572951e+000 1.83042214e-001 6.08877172e+000
 1.88495559e-001 -7.00911774e+000 2.26250143e-001 7.23536789e+000
 2.19911486e-001 -7.16982432e+000 2.71799158e-001 7.44162348e+000
 2.51327412e-001 -6.58866634e+000 3.19748292e-001 6.90841463e+000
 2.82743339e-001 -5.75638653e+000 3.70155520e-001 6.12654205e+000
 3.14159265e-001 -5.14912945e+000 4.23077568e-001 5.57220702e+000
 3.45575192e-001 -4.97360139e+000 4.78569719e-001 5.45217111e+000
 3.76991118e-001 -5.11150502e+000 5.36685605e-001 5.64819063e+000
 4.08407045e-001 -5.27235443e+000 5.97476992e-001 5.86983142e+000
 4.39822972e-001 -5.22866827e+000 6.60993554e-001 5.88966183e+000
 4.71238898e-001 -4.96691529e+000 7.27282634e-001 5.69419793e+000
 5.02654825e-001 -4.66240452e+000 7.96388999e-001 5.45879352e+000
 5.34070751e-001 -4.51777166e+000 8.68354578e-001 5.38612624e+000
 5.65486678e-001 -4.59788529e+000 9.43218198e-001 5.54110348e+000
 5.96902604e-001 -4.78542407e+000 1.02101530e+000 5.80643937e+000
 6.28318531e-001 -4.88282296e+000 1.10177764e+000 5.98460061e+000
 6.59734457e-001 -4.77396667e+000 1.18553302e+000 5.95949969e+000
 6.91150384e-001 -4.51664505e+000 1.27230491e+000 5.78894995e+000
 7.22566310e-001 -4.29406350e+000 1.36211218e+000 5.65617568e+000
 7.53982237e-001 -4.26510979e+000 1.45496874e+000 5.72007853e+000
 7.85398163e-001 -4.43266173e+000 1.55088320e+000 5.98354493e+000
 8.16814090e-001 -4.63562128e+000 1.64985847e+000 6.28547974e+000
 8.48230016e-001 -4.67361962e+000 1.75189144e+000 6.42551105e+000
 8.79645943e-001 -4.46791282e+000 1.85697256e+000 6.32488538e+000
 9.11061870e-001 -4.13037341e+000 1.96508546e+000 6.09545887e+000
 9.42477796e-001 -3.88146998e+000 2.07620652e+000 5.95767650e+000
 9.73893723e-001 -3.87646889e+000 2.19030447e+000 6.06677336e+000
 1.00530965e+000 -4.07505594e+000 2.30733996e+000 6.38239590e+000
 1.03672558e+000 -4.26131137e+000 2.42726507e+000 6.68857643e+000
 1.06814150e+000 -4.20623563e+000 2.55002291e+000 6.75625854e+000
 1.09955743e+000 -3.85066704e+000 2.67554714e+000 6.52621418e+000
 1.13097336e+000 -3.36322378e+000 2.80376147e+000 6.16698526e+000
 1.16238928e+000 -3.01915850e+000 2.93457919e+000 5.95373768e+000
 1.19380521e+000 -2.98568822e+000 3.06790264e+000 6.05359086e+000
 1.22522113e+000 -3.17935566e+000 3.20362276e+000 6.38297841e+000
 1.25663706e+000 -3.31417950e+000 3.34161850e+000 6.65579800e+000
 1.28805299e+000 -3.11508383e+000 3.48175637e+000 6.59684020e+000
 1.31946891e+000 -2.53771442e+000 3.62388980e+000 6.16160422e+000
 1.35088484e+000 -1.81982223e+000 3.76785871e+000 5.58768094e+000
 1.38230077e+000 -1.31131248e+000 3.91348887e+000 5.22480135e+000
 1.41371669e+000 -1.20237418e+000 4.06059136e+000 5.26296554e+000
 1.44513262e+000 -1.35862798e+000 4.20896203e+000 5.56759001e+000
 1.47654855e+000 -1.40227296e+000 4.35838090e+000 5.76065385e+000
 1.50796447e+000 -9.93016818e-001 4.50861158e+000 5.50162840e+000
 1.53938040e+000 -1.00621730e-001 4.65940072e+000 4.76002245e+000
 1.57079633e+000 9.47948098e-001 4.81047738e+000 3.86252928e+000
 1.60221225e+000 1.70142006e+000 4.96155248e+000 3.26013243e+000
 1.63362818e+000 1.93405681e+000 5.11231819e+000 3.17826137e+000
 1.66504411e+000 1.84426059e+000 5.26244735e+000 3.41818675e+000
 1.69646003e+000 1.93273013e+000 5.41159287e+000 3.47886275e+000
 1.72787596e+000 2.63126008e+000 5.55938719e+000 2.92812711e+000
 1.75929189e+000 3.95600907e+000 5.70544161e+000 1.74943254e+000
 1.79070781e+000 5.46145445e+000 5.84934583e+000 3.87891381e-001
 1.82212374e+000 6.55589504e+000 5.99066728e+000 5.65227754e-001
 1.85353967e+000 6.95889721e+000 6.12895062e+000 8.29946593e-001
 1.88495559e+000 6.95118608e+000 6.26371715e+000 6.87468934e-001
 1.91637152e+000 7.20234950e+000 6.39446431e+000 8.07885189e-001
 1.94778745e+000 8.27656454e+000 6.52066514e+000 1.75589941e+000
 1.97920337e+000 1.01785614e+001 6.64176775e+000 3.53679360e+000
 2.01061930e+000 1.23011346e+001 6.75719486e+000 5.54393973e+000
 2.04203522e+000 1.38506634e+001 6.86634331e+000 6.98432010e+000
 2.07345115e+000 1.44579404e+001 6.96858362e+000 7.48935673e+000
 2.10486708e+000 1.45102709e+001 7.06325955e+000 7.44701139e+000
 2.13628300e+000 1.49183316e+001 7.14968773e+000 7.76864383e+000
 2.16769893e+000 1.64489408e+001 7.22715726e+000 9.22178354e+000
 2.19911486e+000 1.91072773e+001 7.29492939e+000 1.18123479e+001
 2.23053078e+000 2.20582313e+001 7.35223721e+000 1.47059941e+001
 2.26194671e+000 2.42006375e+001 7.39828542e+000 1.68023521e+001
 2.29336264e+000 2.50082793e+001 7.43225005e+000 1.75760293e+001
 2.32477856e+000 2.50053997e+001 7.45327834e+000 1.75521214e+001
 2.35619449e+000 2.54671203e+001 7.46048854e+000 1.80066317e+001
 2.38761042e+000 2.74983870e+001 7.45296991e+000 2.00454171e+001
 2.41902634e+000 3.11451771e+001 7.42978262e+000 2.37153945e+001
 2.45044227e+000 3.52354580e+001 7.38995783e+000 2.78455001e+001
 2.48185820e+000 3.81553527e+001 7.33249776e+000 3.08228550e+001
 2.51327412e+000 3.90628994e+001 7.25637583e+000 3.18065235e+001
 2.54469005e+000 3.86465857e+001 7.16053693e+000 3.14860488e+001
 2.57610598e+000 3.87842005e+001 7.04389766e+000 3.17403029e+001
 2.60752190e+000 4.12287750e+001 6.90534676e+000 3.43234282e+001
 2.63893783e+000 4.62119878e+001 6.74374551e+000 3.94682423e+001
 2.67035376e+000 5.20308312e+001 6.55792832e+000 4.54729029e+001
 2.70176968e+000 5.60712692e+001 6.34670335e+000 4.97245659e+001
 2.73318561e+000 5.66921939e+001 6.10885319e+000 5.05833407e+001
 2.76460154e+000 5.46644334e+001 5.84313575e+000 4.88212977e+001
 2.79601746e+000 5.30074302e+001 5.54828513e+000 4.74591451e+001
 2.82743339e+000 5.50838042e+001 5.22301271e+000 4.98607915e+001
 2.85884931e+000 6.20600536e+001 4.86600825e+000 5.71940454e+001
 2.89026524e+000 7.14498153e+001 4.47594118e+000 6.69738741e+001
 2.92168117e+000 7.79243428e+001 4.05146201e+000 7.38728808e+001
 2.95309709e+000 7.61597301e+001 3.59120382e+000 7.25685263e+001
 2.98451302e+000 6.40869109e+001 3.09378392e+000 6.09931270e+001
 3.01592895e+000 4.44783496e+001 2.55780566e+000 4.19205440e+001
 3.04734487e+000 2.37124258e+001 1.98186037e+000 2.17305655e+001
 3.07876080e+000 8.29014907e+000 1.36452942e+000 6.92561965e+000
 3.11017673e+000 1.14356663e+000 7.04386497e-001 4.39180129e-001
 3.14159265e+000 9.77813744e-014 2.83382392e-015 9.49475505e-014
