 0.00000000e+000 0.00000000e+000 0.00000000e+000 0.00000000e+000
 3.14159265e-002 3.83670036e-002 3.24132214e-002 5.95378225e-003
 6.28318531e-002 -3.43040669e-002 6.68623449e-002 1.01166412e-001
 9.42477796e-002 -2.88942658e-001 1.03409224e-001 3.92351882e-001
 1.25663706e-001 -7.21709690e-001 1.42115451e-001 8.63825141e-001
 1.57079633e-001 -1.23301375e+000 1.83042214e-001 1.41605597e+000
 1.88495559e-001 -1.63103941e+000 2.26250143e-001 1.85728956e+000
 2.19911486e-001 -1.66897672e+000 2.71799158e-001 1.94077588e+000
 2.51327412e-001 -1.11670110e+000 3.19748292e-001 1.43644940e+000
 2.82743339e-001 1.46437445e-001 3.70155520e-001 2.23718075e-001
 3.14159265e-001 2.04562749e+000 4.23077568e-001 1.62254993e+000
 3.45575192e-001 4.26702209e+000 4.78569719e-001 3.78845237e+000
 3.76991118e-001 6.28686176e+000 5.36685605e-001 5.75017615e+000
 4.08407045e-001 7.48369264e+000 5.97476992e-001 6.88621565e+000
 4.39822972e-001 7.31449310e+000 6.60993554e-001 6.65349955e+000
 4.71238898e-001 5.50654674e+000 7.27282634e-001 4.77926411e+000
 5.02654825e-001 2.20066622e+000 7.96388999e-001 1.40427722e+000
 5.34070751e-001 -2.01315219e+000 8.68354578e-001 2.88150677e+000
 5.65486678e-001 -6.19789456e+000 9.43218198e-001 7.14111276e+000
 5.96902604e-001 -9.29556865e+000 1.02101530e+000 1.03165839e+001
 6.28318531e-001 -1.04182665e+001 1.10177764e+000 1.15200442e+001
 6.59734457e-001 -9.11660572e+000 1.18553302e+000 1.03021387e+001
 6.91150384e-001 -5.53752137e+000 1.27230491e+000 6.80982628e+000
 7.22566310e-001 -4.13957540e-001 1.36211218e+000 1.77606972e+000
 7.53982237e-001 5.11842169e+000 1.45496874e+000 3.66345295e+000
 7.85398163e-001 9.82558247e+000 1.55088320e+000 8.27469927e+000
 8.16814090e-001 1.27078258e+001 1.64985847e+000 1.10579673e+001
 8.48230016e-001 1.32584205e+001 1.75189144e+000 1.15065290e+001
 8.79645943e-001 1.15710301e+001 1.85697256e+000 9.71405755e+000
 9.11061870e-001 8.27011855e+000 1.96508546e+000 6.30503310e+000
 9.42477796e-001 4.29718497e+000 2.07620652e+000 2.22097845e+000
 9.73893723e-001 6.30390137e-001 2.19030447e+000 1.55991434e+000
 1.00530965e+000 -1.96979453e+000 2.30733996e+000 4.27713448e+000
 1.03672558e+000 -3.11486975e+000 2.42726507e+000 5.54213481e+000
 1.06814150e+000 -2.81164687e+000 2.55002291e+000 5.36166978e+000
 1.09955743e+000 -1.37324349e+000 2.67554714e+000 4.04879063e+000
 1.13097336e+000 7.27724315e-001 2.80376147e+000 2.07603716e+000
 1.16238928e+000 2.99998967e+000 2.93457919e+000 6.54104806e-002
 1.19380521e+000 5.02336745e+000 3.06790264e+000 1.95546481e+000
 1.22522113e+000 6.47753858e+000 3.20362276e+000 3.27391582e+000
 1.25663706e+000 7.13391538e+000 3.34161850e+000 3.79229688e+000
 1.28805299e+000 6.85018665e+000 3.48175637e+000 3.36843028e+000
 1.31946891e+000 5.59687181e+000 3.62388980e+000 1.97298200e+000
 1.35088484e+000 3.51473512e+000 3.76785871e+000 2.53123597e-001
 1.38230077e+000 9.67864184e-001 3.91348887e+000 2.94562469e+000
 1.41371669e+000 -1.46033571e+000 4.06059136e+000 5.52092707e+000
 1.44513262e+000 -3.06844382e+000 4.20896203e+000 7.27740585e+000
 1.47654855e+000 -3.23381748e+000 4.35838090e+000 7.59219838e+000
 1.50796447e+000 -1.64810988e+000 4.50861158e+000 6.15672146e+000
 1.53938040e+000 1.50649001e+000 4.65940072e+000 3.15291071e+000
 1.57079633e+000 5.54054367e+000 4.81047738e+000 7.30066285e-001
 1.60221225e+000 9.45251629e+000 4.96155248e+000 4.49096381e+000
 1.63362818e+000 1.23011335e+001 5.11231819e+000 7.18881529e+000
 1.66504411e+000 1.36265823e+001 5.26244735e+000 8.36413496e+000
 1.69646003e+000 1.37346943e+001 5.41159287e+000 8.32310147e+000
 1.72787596e+000 1.36726744e+001 5.55938719e+000 8.11328725e+000
 1.75929189e+000 1.48222466e+001 5.70544161e+000 9.11680497e+000
 1.79070781e+000 1.81924929e+001 5.84934583e+000 1.23431471e+001
 1.82212374e+000 2.36550122e+001 5.99066728e+000 1.76643449e+001
 1.85353967e+000 2.94592633e+001 6.12895062e+000 2.33303127e+001
 1.88495559e+000 3.23397021e+001 6.26371715e+000 2.60759849e+001
 1.91637152e+000 2.83609686e+001 6.39446431e+000 2.19665043e+001
 1.94778745e+000 1.43789977e+001 6.52066514e+000 7.85833251e+000
 1.97920337e+000 -1.02900840e+001 6.64176775e+000 1.69318517e+001
 2.01061930e+000 -4.25950871e+001 6.75719486e+000 4.93522819e+001
 2.04203522e+000 -7.54763189e+001 6.86634331e+000 8.23426622e+001
 2.07345115e+000 -9.89766293e+001 6.96858362e+000 1.05945213e+002
 2.10486708e+000 -1.02703209e+002 7.06325955e+000 1.09766468e+002
 2.13628300e+000 -7.91133424e+001 7.14968773e+000 8.62630302e+001
 2.16769893e+000 -2.66926425e+001 7.22715726e+000 3.39197998e+001
 2.19911486e+000 4.80616333e+001 7.29492939e+000 4.07667039e+001
 2.23053078e+000 1.30749129e+002 7.35223721e+000 1.23396892e+002
 2.26194671e+000 2.01636372e+002 7.39828542e+000 1.94238087e+002
 2.29336264e+000 2.40321212e+002 7.43225005e+000 2.32888961e+002
 2.32477856e+000 2.31396429e+002 7.45327834e+000 2.23943150e+002
 2.35619449e+000 1.69540374e+002 7.46048854e+000 1.62079886e+002
 2.38761042e+000 6.24259642e+001 7.45296991e+000 5.49729943e+001
 2.41902634e+000 -6.96922156e+001 7.42978262e+000 7.71219982e+001
 2.45044227e+000 -1.97974188e+002 7.38995783e+000 2.05364146e+002
 2.48185820e+000 -2.91784786e+002 7.33249776e+000 2.99117284e+002
 2.51327412e+000 -3.26581353e+002 7.25637583e+000 3.33837729e+002
 2.54469005e+000 -2.90736855e+002 7.16053693e+000 2.97897392e+002
 2.57610598e+000 -1.89291730e+002 7.04389766e+000 1.96335628e+002
 2.60752190e+000 -4.33997047e+001 6.90534676e+000 5.03050514e+001
 2.63893783e+000 1.14578787e+002 6.74374551e+000 1.07835041e+002
 2.67035376e+000 2.49120045e+002 6.55792832e+000 2.42562116e+002
 2.70176968e+000 3.30550484e+002 6.34670335e+000 3.24203781e+002
 2.73318561e+000 3.42526472e+002 6.10885319e+000 3.36417618e+002
 2.76460154e+000 2.85879420e+002 5.84313575e+000 2.80036285e+002
 2.79601746e+000 1.77763262e+002 5.54828513e+000 1.72214977e+002
 2.82743339e+000 4.64109927e+001 5.22301271e+000 4.11879800e+001
 2.85884931e+000 -7.69077018e+001 4.86600825e+000 8.17737100e+001
 2.89026524e+000 -1.66331709e+002 4.47594118e+000 1.70807650e+002
 2.92168117e+000 -2.07789342e+002 4.05146201e+000 2.11840804e+002
 2.95309709e+000 -2.01532253e+002 3.59120382e+000 2.05123457e+002
 2.98451302e+000 -1.60265248e+002 3.09378392e+000 1.63359032e+002
 3.01592895e+000 -1.03692831e+002 2.55780566e+000 1.06250637e+002
 3.04734487e+000 -5.13969539e+001 1.98186037e+000 5.33788143e+001
 3.07876080e+000 -1.64236880e+001 1.36452942e+000 1.77882174e+001
 3.11017673e+000 -1.64672016e+000 7.04386497e-001 2.35110665e+000
 3.14159265e+000 -2.89239201e-013 2.83382392e-015 2.92073025e-013
