 0.00000000e+000 0.00000000e+000 0.00000000e+000 0.00000000e+000
 3.14159265e-002 5.00196346e-002 3.24132214e-002 1.76064133e-002
 6.28318531e-002 9.87535427e-002 6.68623449e-002 3.18911978e-002
 9.42477796e-002 1.45099000e-001 1.03409224e-001 4.16897756e-002
 1.25663706e-001 1.88300739e-001 1.42115451e-001 4.61852876e-002
 1.57079633e-001 2.28080047e-001 1.83042214e-001 4.50378330e-002
 1.88495559e-001 2.64715004e-001 2.26250143e-001 3.84648605e-002
 2.19911486e-001 2.99062974e-001 2.71799158e-001 2.72638161e-002
 2.51327412e-001 3.32521908e-001 3.19748292e-001 1.27736157e-002
 2.82743339e-001 3.66932875e-001 3.70155520e-001 3.22264567e-003
 3.14159265e-001 4.04431924e-001 4.23077568e-001 1.86456440e-002
 3.45575192e-001 4.47264397e-001 4.78569719e-001 3.13053221e-002
 3.76991118e-001 4.97578666e-001 5.36685605e-001 3.91069391e-002
 4.08407045e-001 5.57218677e-001 5.97476992e-001 4.02583151e-002
 4.39822972e-001 6.27535265e-001 6.60993554e-001 3.34582897e-002
 4.71238898e-001 7.09235014e-001 7.27282634e-001 1.80476202e-002
 5.02654825e-001 8.02282498e-001 7.96388999e-001 5.89349888e-003
 5.34070751e-001 9.05867208e-001 8.68354578e-001 3.75126299e-002
 5.65486678e-001 1.01844091e+000 9.43218198e-001 7.52227156e-002
 5.96902604e-001 1.13782485e+000 1.02101530e+000 1.16809551e-001
 6.28318531e-001 1.26137976e+000 1.10177764e+000 1.59602117e-001
 6.59734457e-001 1.38622584e+000 1.18553302e+000 2.00692820e-001
 6.91150384e-001 1.50949463e+000 1.27230491e+000 2.37189720e-001
 7.22566310e-001 1.62859148e+000 1.36211218e+000 2.66479299e-001
 7.53982237e-001 1.74144536e+000 1.45496874e+000 2.86476620e-001
 7.85398163e-001 1.84672318e+000 1.55088320e+000 2.95839988e-001
 8.16814090e-001 1.94398803e+000 1.64985847e+000 2.94129561e-001
 8.48230016e-001 2.03378497e+000 1.75189144e+000 2.81893531e-001
 8.79645943e-001 2.11764382e+000 1.85697256e+000 2.60671257e-001
 9.11061870e-001 2.19799507e+000 1.96508546e+000 2.32909612e-001
 9.42477796e-001 2.27800275e+000 2.07620652e+000 2.01796225e-001
 9.73893723e-001 2.36132511e+000 2.19030447e+000 1.71020639e-001
 1.00530965e+000 2.45182102e+000 2.30733996e+000 1.44481060e-001
 1.03672558e+000 2.55322477e+000 2.42726507e+000 1.25959704e-001
 1.06814150e+000 2.66881622e+000 2.55002291e+000 1.18793309e-001
 1.09955743e+000 2.80111393e+000 2.67554714e+000 1.25566782e-001
 1.13097336e+000 2.95161849e+000 2.80376147e+000 1.47857019e-001
 1.16238928e+000 3.12062989e+000 2.93457919e+000 1.86050698e-001
 1.19380521e+000 3.30715712e+000 3.06790264e+000 2.39254476e-001
 1.22522113e+000 3.50893166e+000 3.20362276e+000 3.05308902e-001
 1.25663706e+000 3.72252760e+000 3.34161850e+000 3.80909093e-001
 1.28805299e+000 3.94358274e+000 3.48175637e+000 4.61826374e-001
 1.31946891e+000 4.16710625e+000 3.62388980e+000 5.43216448e-001
 1.35088484e+000 4.38785063e+000 3.76785871e+000 6.19991919e-001
 1.38230077e+000 4.60071973e+000 3.91348887e+000 6.87230862e-001
 1.41371669e+000 4.80118042e+000 4.06059136e+000 7.40589056e-001
 1.44513262e+000 4.98564410e+000 4.20896203e+000 7.76682071e-001
 1.47654855e+000 5.15178546e+000 4.35838090e+000 7.93404565e-001
 1.50796447e+000 5.29876974e+000 4.50861158e+000 7.90158164e-001
 1.53938040e+000 5.42736639e+000 4.65940072e+000 7.67965672e-001
 1.57079633e+000 5.53993523e+000 4.81047738e+000 7.29457848e-001
 1.60221225e+000 5.64028130e+000 4.96155248e+000 6.78728816e-001
 1.63362818e+000 5.73338488e+000 5.11231819e+000 6.21066693e-001
 1.66504411e+000 5.82502367e+000 5.26244735e+000 5.62576328e-001
 1.69646003e+000 5.92131323e+000 5.41159287e+000 5.09720361e-001
 1.72787596e+000 6.02819949e+000 5.55938719e+000 4.68812300e-001
 1.75929189e+000 6.15094199e+000 5.70544161e+000 4.45500373e-001
 1.79070781e+000 6.29362885e+000 5.84934583e+000 4.44283021e-001
 1.82212374e+000 6.45876314e+000 5.99066728e+000 4.68095862e-001
 1.85353967e+000 6.64695624e+000 6.12895062e+000 5.18005628e-001
 1.88495559e+000 6.85675658e+000 6.26371715e+000 5.93039430e-001
 1.91637152e+000 7.08463225e+000 6.39446431e+000 6.90167939e-001
 1.94778745e+000 7.32511480e+000 6.52066514e+000 8.04449660e-001
 1.97920337e+000 7.57109876e+000 6.64176775e+000 9.29331013e-001
 2.01061930e+000 7.81427946e+000 6.75719486e+000 1.05708460e+000
 2.04203522e+000 8.04569988e+000 6.86634331e+000 1.17935657e+000
 2.07345115e+000 8.25636822e+000 6.96858362e+000 1.28778460e+000
 2.10486708e+000 8.43790059e+000 7.06325955e+000 1.37464104e+000
 2.13628300e+000 8.58314014e+000 7.14968773e+000 1.43345241e+000
 2.16769893e+000 8.68670392e+000 7.22715726e+000 1.45954666e+000
 2.19911486e+000 8.74541257e+000 7.29492939e+000 1.45048318e+000
 2.23053078e+000 8.75856571e+000 7.35223721e+000 1.40632850e+000
 2.26194671e+000 8.72803623e+000 7.39828542e+000 1.32975081e+000
 2.29336264e+000 8.65816962e+000 7.43225005e+000 1.22591957e+000
 2.32477856e+000 8.55548901e+000 7.45327834e+000 1.10221067e+000
 2.35619449e+000 8.42822112e+000 7.46048854e+000 9.67732578e-001
 2.38761042e+000 8.28567252e+000 7.45296991e+000 8.32702614e-001
 2.41902634e+000 8.13749778e+000 7.42978262e+000 7.07715161e-001
 2.45044227e+000 7.99291050e+000 7.38995783e+000 6.02952664e-001
 2.48185820e+000 7.85989427e+000 7.33249776e+000 5.27396505e-001
 2.51327412e+000 7.74447242e+000 7.25637583e+000 4.88096583e-001
 2.54469005e+000 7.65009295e+000 7.16053693e+000 4.89556022e-001
 2.57610598e+000 7.57717843e+000 7.04389766e+000 5.33280766e-001
 2.60752190e+000 7.52288011e+000 6.90534676e+000 6.17533356e-001
 2.63893783e+000 7.48106202e+000 6.74374551e+000 7.37316512e-001
 2.67035376e+000 7.44252470e+000 6.55792832e+000 8.84596375e-001
 2.70176968e+000 7.39546164e+000 6.34670335e+000 1.04875829e+000
 2.73318561e+000 7.32612443e+000 6.10885319e+000 1.21727125e+000
 2.76460154e+000 7.21965730e+000 5.84313575e+000 1.37652156e+000
 2.79601746e+000 7.06104867e+000 5.54828513e+000 1.51276354e+000
 2.82743339e+000 6.83613797e+000 5.22301271e+000 1.61312526e+000
 2.85884931e+000 6.53261041e+000 4.86600825e+000 1.66660217e+000
 2.89026524e+000 6.14091212e+000 4.47594118e+000 1.66497094e+000
 2.92168117e+000 5.65502169e+000 4.05146201e+000 1.60355968e+000
 2.95309709e+000 5.07302327e+000 3.59120382e+000 1.48181945e+000
 2.98451302e+000 4.39743869e+000 3.09378392e+000 1.30365477e+000
 3.01592895e+000 3.63529181e+000 2.55780566e+000 1.07748615e+000
 3.04734487e+000 2.79789626e+000 1.98186037e+000 8.16035892e-001
 3.07876080e+000 1.90037598e+000 1.36452942e+000 5.35846560e-001
 3.11017673e+000 9.60946397e-001 7.04386497e-001 2.56559900e-001
 3.14159265e+000 2.15691808e-015 2.83382392e-015 6.76905838e-016
