 0.00000000e+000 0.00000000e+000 0.00000000e+000 0.00000000e+000
 3.14159265e-002 2.81831485e-002 3.24132214e-002 4.23007283e-003
 6.28318531e-002 6.03360382e-002 6.68623449e-002 6.52630671e-003
 9.42477796e-002 9.79938651e-002 1.03409224e-001 5.41535923e-003
 1.25663706e-001 1.39696048e-001 1.42115451e-001 2.41940324e-003
 1.57079633e-001 1.82665661e-001 1.83042214e-001 3.76552996e-004
 1.88495559e-001 2.25316388e-001 2.26250143e-001 9.33754819e-004
 2.19911486e-001 2.68566125e-001 2.71799158e-001 3.23303283e-003
 2.51327412e-001 3.14974846e-001 3.19748292e-001 4.77344628e-003
 2.82743339e-001 3.66529446e-001 3.70155520e-001 3.62607443e-003
 3.14159265e-001 4.22976051e-001 4.23077568e-001 1.01516933e-004
 3.45575192e-001 4.82082130e-001 4.78569719e-001 3.51241053e-003
 3.76991118e-001 5.41561059e-001 5.36685605e-001 4.87545373e-003
 4.08407045e-001 6.01004242e-001 5.97476992e-001 3.52724980e-003
 4.39822972e-001 6.62191994e-001 6.60993554e-001 1.19843976e-003
 4.71238898e-001 7.27548293e-001 7.27282634e-001 2.65658333e-004
 5.02654825e-001 7.98076014e-001 7.96388999e-001 1.68701547e-003
 5.34070751e-001 8.72533745e-001 8.68354578e-001 4.17916686e-003
 5.65486678e-001 9.48546305e-001 9.43218198e-001 5.32810737e-003
 5.96902604e-001 1.02469368e+000 1.02101530e+000 3.67838021e-003
 6.28318531e-001 1.10179430e+000 1.10177764e+000 1.66536153e-005
 6.59734457e-001 1.18228699e+000 1.18553302e+000 3.24603251e-003
 6.91150384e-001 1.26823374e+000 1.27230491e+000 4.07116382e-003
 7.22566310e-001 1.35963929e+000 1.36211218e+000 2.47289060e-003
 7.53982237e-001 1.45451624e+000 1.45496874e+000 4.52506241e-004
 7.85398163e-001 1.55064182e+000 1.55088320e+000 2.41376405e-004
 8.16814090e-001 1.64751029e+000 1.64985847e+000 2.34818152e-003
 8.48230016e-001 1.74681088e+000 1.75189144e+000 5.08055608e-003
 8.79645943e-001 1.85100924e+000 1.85697256e+000 5.96332254e-003
 9.11061870e-001 1.96122644e+000 1.96508546e+000 3.85902109e-003
 9.42477796e-001 2.07622139e+000 2.07620652e+000 1.48711782e-005
 9.73893723e-001 2.19335928e+000 2.19030447e+000 3.05480595e-003
 1.00530965e+000 2.31076397e+000 2.30733996e+000 3.42401673e-003
 1.03672558e+000 2.42883339e+000 2.42726507e+000 1.56832895e-003
 1.06814150e+000 2.54981943e+000 2.55002291e+000 2.03485787e-004
 1.09955743e+000 2.67581059e+000 2.67554714e+000 2.63447971e-004
 1.13097336e+000 2.80682495e+000 2.80376147e+000 3.06347285e-003
 1.16238928e+000 2.94065087e+000 2.93457919e+000 6.07168673e-003
 1.19380521e+000 3.07460396e+000 3.06790264e+000 6.70131669e-003
 1.22522113e+000 3.20773144e+000 3.20362276e+000 4.10868542e-003
 1.25663706e+000 3.34158612e+000 3.34161850e+000 3.23803354e-005
 1.28805299e+000 3.47887914e+000 3.48175637e+000 2.87722715e-003
 1.31946891e+000 3.62112038e+000 3.62388980e+000 2.76942855e-003
 1.35088484e+000 3.76724128e+000 3.76785871e+000 6.17437821e-004
 1.38230077e+000 3.91439377e+000 3.91348887e+000 9.04900968e-004
 1.41371669e+000 4.06028157e+000 4.06059136e+000 3.09794109e-004
 1.44513262e+000 4.20505418e+000 4.20896203e+000 3.90785492e-003
 1.47654855e+000 4.35112359e+000 4.35838090e+000 7.25730785e-003
 1.50796447e+000 4.50100398e+000 4.50861158e+000 7.60759909e-003
 1.53938040e+000 4.65497145e+000 4.65940072e+000 4.42926880e-003
 1.57079633e+000 4.81054250e+000 4.81047738e+000 6.51202474e-005
 1.60221225e+000 4.96426684e+000 4.96155248e+000 2.71436313e-003
 1.63362818e+000 5.11436305e+000 5.11231819e+000 2.04486215e-003
 1.66504411e+000 5.26196407e+000 5.26244735e+000 4.83274458e-004
 1.69646003e+000 5.40986773e+000 5.41159287e+000 1.72513999e-003
 1.72787596e+000 5.55979411e+000 5.55938719e+000 4.06923974e-004
 1.75929189e+000 5.71046357e+000 5.70544161e+000 5.02195737e-003
 1.79070781e+000 5.85817995e+000 5.84934583e+000 8.83412223e-003
 1.82212374e+000 5.99951010e+000 5.99066728e+000 8.84281678e-003
 1.85353967e+000 6.13383773e+000 6.12895062e+000 4.88711419e-003
 1.88495559e+000 6.26359731e+000 6.26371715e+000 1.19839447e-004
 1.91637152e+000 6.39190203e+000 6.39446431e+000 2.56227642e-003
 1.94778745e+000 6.51950318e+000 6.52066514e+000 1.16195308e-003
 1.97920337e+000 6.64366429e+000 6.64176775e+000 1.89653767e-003
 2.01061930e+000 6.75999077e+000 6.75719486e+000 2.79591257e-003
 2.04203522e+000 6.86575919e+000 6.86634331e+000 5.84121718e-004
 2.07345115e+000 6.96193889e+000 6.96858362e+000 6.64472660e-003
 2.10486708e+000 7.05209776e+000 7.06325955e+000 1.11617954e-002
 2.13628300e+000 7.13897753e+000 7.14968773e+000 1.07101993e-002
 2.16769893e+000 7.22156379e+000 7.22715726e+000 5.59346899e-003
 2.19911486e+000 7.29518900e+000 7.29492939e+000 2.59614075e-004
 2.23053078e+000 7.35473093e+000 7.35223721e+000 2.49372044e-003
 2.26194671e+000 7.39831549e+000 7.39828542e+000 3.00729279e-005
 2.29336264e+000 7.42836454e+000 7.43225005e+000 3.88550976e-003
 2.32477856e+000 7.44893906e+000 7.45327834e+000 4.33927304e-003
 2.35619449e+000 7.46145395e+000 7.46048854e+000 9.65411657e-004
 2.38761042e+000 7.46236537e+000 7.45296991e+000 9.39546282e-003
 2.41902634e+000 7.44496006e+000 7.42978262e+000 1.51774424e-002
 2.45044227e+000 7.40398983e+000 7.38995783e+000 1.40319940e-002
 2.48185820e+000 7.33936887e+000 7.33249776e+000 6.87110885e-003
 2.51327412e+000 7.25569697e+000 7.25637583e+000 6.78866909e-004
 2.54469005e+000 7.15772142e+000 7.16053693e+000 2.81551180e-003
 2.57610598e+000 7.04533883e+000 7.04389766e+000 1.44116646e-003
 2.60752190e+000 6.91240356e+000 6.90534676e+000 7.05680263e-003
 2.63893783e+000 6.75068404e+000 6.74374551e+000 6.93853734e-003
 2.67035376e+000 6.55600930e+000 6.55792832e+000 1.91902086e-003
 2.70176968e+000 6.33151611e+000 6.34670335e+000 1.51872395e-002
 2.73318561e+000 6.08492068e+000 6.10885319e+000 2.39325115e-002
 2.76460154e+000 5.82153927e+000 5.84313575e+000 2.15964738e-002
 2.79601746e+000 5.53856396e+000 5.54828513e+000 9.72116750e-003
 2.82743339e+000 5.22559572e+000 5.22301271e+000 2.58300751e-003
 2.85884931e+000 4.87167603e+000 4.86600825e+000 5.66778399e-003
 2.89026524e+000 4.47360521e+000 4.47594118e+000 2.33596808e-003
 2.92168117e+000 4.03864422e+000 4.05146201e+000 1.28177927e-002
 2.95309709e+000 3.57854309e+000 3.59120382e+000 1.26607280e-002
 2.98451302e+000 3.09865807e+000 3.09378392e+000 4.87414906e-003
 3.01592895e+000 2.59051889e+000 2.55780566e+000 3.27132263e-002
 3.04734487e+000 2.03469639e+000 1.98186037e+000 5.28360270e-002
 3.07876080e+000 1.41377322e+000 1.36452942e+000 4.92437990e-002
 3.11017673e+000 7.27543597e-001 7.04386497e-001 2.31571003e-002
 3.14159265e+000 1.50022481e-015 2.83382392e-015 1.33359911e-015
