 0.00000000e+000 0.00000000e+000 0.00000000e+000 0.00000000e+000
 3.14159265e-002 -5.01541743e-003 3.24132214e-002 3.74286388e-002
 6.28318531e-002 -4.03951582e-002 6.68623449e-002 1.07257503e-001
 9.42477796e-002 -1.37761522e-001 1.03409224e-001 2.41170746e-001
 1.25663706e-001 -3.30796146e-001 1.42115451e-001 4.72911597e-001
 1.57079633e-001 -6.55195015e-001 1.83042214e-001 8.38237228e-001
 1.88495559e-001 -1.14751340e+000 2.26250143e-001 1.37376354e+000
 2.19911486e-001 -1.84280735e+000 2.71799158e-001 2.11460651e+000
 2.51327412e-001 -2.77117297e+000 3.19748292e-001 3.09092126e+000
 2.82743339e-001 -3.95347999e+000 3.70155520e-001 4.32363551e+000
 3.14159265e-001 -5.39676764e+000 4.23077568e-001 5.81984521e+000
 3.45575192e-001 -7.08989651e+000 4.78569719e-001 7.56846623e+000
 3.76991118e-001 -9.00011051e+000 5.36685605e-001 9.53679612e+000
 4.08407045e-001 -1.10711478e+001 5.97476992e-001 1.16686248e+001
 4.39822972e-001 -1.32234431e+001 6.60993554e-001 1.38844366e+001
 4.71238898e-001 -1.53567916e+001 7.27282634e-001 1.60840742e+001
 5.02654825e-001 -1.73556107e+001 7.96388999e-001 1.81519997e+001
 5.34070751e-001 -1.90966574e+001 8.68354578e-001 1.99650119e+001
 5.65486678e-001 -2.04587687e+001 9.43218198e-001 2.14019869e+001
 5.96902604e-001 -2.13339153e+001 1.02101530e+000 2.23549306e+001
 6.28318531e-001 -2.16386262e+001 1.10177764e+000 2.27404038e+001
 6.59734457e-001 -2.13246846e+001 1.18553302e+000 2.25102176e+001
 6.91150384e-001 -2.03879365e+001 1.27230491e+000 2.16602414e+001
 7.22566310e-001 -1.88741005e+001 1.36211218e+000 2.02362127e+001
 7.53982237e-001 -1.68806372e+001 1.45496874e+000 1.83356059e+001
 7.85398163e-001 -1.45540109e+001 1.55088320e+000 1.61048941e+001
 8.16814090e-001 -1.20820484e+001 1.64985847e+000 1.37319068e+001
 8.48230016e-001 -9.68153132e+000 1.75189144e+000 1.14334228e+001
 8.79645943e-001 -7.58162494e+000 1.85697256e+000 9.43859751e+000
 9.11061870e-001 -6.00419574e+000 1.96508546e+000 7.96928120e+000
 9.42477796e-001 -5.14246821e+000 2.07620652e+000 7.21867473e+000
 9.73893723e-001 -5.13976964e+000 2.19030447e+000 7.33007411e+000
 1.00530965e+000 -6.07027925e+000 2.30733996e+000 8.37761920e+000
 1.03672558e+000 -7.92370685e+000 2.42726507e+000 1.03509719e+001
 1.06814150e+000 -1.05956622e+001 2.55002291e+000 1.31456851e+001
 1.09955743e+000 -1.38851409e+001 2.67554714e+000 1.65606880e+001
 1.13097336e+000 -1.75000608e+001 2.80376147e+000 2.03038223e+001
 1.16238928e+000 -2.10711673e+001 2.93457919e+000 2.40057465e+001
 1.19380521e+000 -2.41739260e+001 3.06790264e+000 2.72418286e+001
 1.22522113e+000 -2.63572983e+001 3.20362276e+000 2.95609211e+001
 1.25663706e+000 -2.71776018e+001 3.34161850e+000 3.05192203e+001
 1.28805299e+000 -2.62350602e+001 3.48175637e+000 2.97168166e+001
 1.31946891e+000 -2.32102041e+001 3.62388980e+000 2.68340939e+001
 1.35088484e+000 -1.78970401e+001 3.76785871e+000 2.16648988e+001
 1.38230077e+000 -1.02299007e+001 3.91348887e+000 1.41433896e+001
 1.41371669e+000 -3.01139446e-001 4.06059136e+000 4.36173081e+000
 1.44513262e+000 1.16326613e+001 4.20896203e+000 7.42369930e+000
 1.47654855e+000 2.51575649e+001 4.35838090e+000 2.07991840e+001
 1.50796447e+000 3.97229069e+001 4.50861158e+000 3.52142953e+001
 1.53938040e+000 5.46752926e+001 4.65940072e+000 5.00158919e+001
 1.57079633e+000 6.93044766e+001 4.81047738e+000 6.44939993e+001
 1.60221225e+000 8.28985660e+001 4.96155248e+000 7.79370135e+001
 1.63362818e+000 9.48050326e+001 5.11231819e+000 8.96927144e+001
 1.66504411e+000 1.04493270e+002 5.26244735e+000 9.92308225e+001
 1.69646003e+000 1.11613953e+002 5.41159287e+000 1.06202360e+002
 1.72787596e+000 1.16050311e+002 5.55938719e+000 1.10490924e+002
 1.75929189e+000 1.17956648e+002 5.70544161e+000 1.12251206e+002
 1.79070781e+000 1.17780013e+002 5.84934583e+000 1.11930668e+002
 1.82212374e+000 1.16261890e+002 5.99066728e+000 1.10271223e+002
 1.85353967e+000 1.14417975e+002 6.12895062e+000 1.08289024e+002
 1.88495559e+000 1.13495611e+002 6.26371715e+000 1.07231894e+002
 1.91637152e+000 1.14910016e+002 6.39446431e+000 1.08515552e+002
 1.94778745e+000 1.20162075e+002 6.52066514e+000 1.13641410e+002
 1.97920337e+000 1.30741971e+002 6.64176775e+000 1.24100204e+002
 2.01061930e+000 1.48024257e+002 6.75719486e+000 1.41267062e+002
 2.04203522e+000 1.73160933e+002 6.86634331e+000 1.66294590e+002
 2.07345115e+000 2.06979699e+002 6.96858362e+000 2.00011115e+002
 2.10486708e+000 2.49894631e+002 7.06325955e+000 2.42831372e+002
 2.13628300e+000 3.01836168e+002 7.14968773e+000 2.94686480e+002
 2.16769893e+000 3.62206357e+002 7.22715726e+000 3.54979200e+002
 2.19911486e+000 4.29863992e+002 7.29492939e+000 4.22569062e+002
 2.23053078e+000 5.03142494e+002 7.35223721e+000 4.95790257e+002
 2.26194671e+000 5.79901390e+002 7.39828542e+000 5.72503105e+002
 2.29336264e+000 6.57610029e+002 7.43225005e+000 6.50177779e+002
 2.32477856e+000 7.33460003e+002 7.45327834e+000 7.26006725e+002
 2.35619449e+000 8.04500683e+002 7.46048854e+000 7.97040195e+002
 2.38761042e+000 8.67790515e+002 7.45296991e+000 8.60337545e+002
 2.41902634e+000 9.20555368e+002 7.42978262e+000 9.13125585e+002
 2.45044227e+000 9.60344419e+002 7.38995783e+000 9.52954461e+002
 2.48185820e+000 9.85173840e+002 7.33249776e+000 9.77841342e+002
 2.51327412e+000 9.93648958e+002 7.25637583e+000 9.86392582e+002
 2.54469005e+000 9.85056617e+002 7.16053693e+000 9.77896080e+002
 2.57610598e+000 9.59421092e+002 7.04389766e+000 9.52377194e+002
 2.60752190e+000 9.17519002e+002 6.90534676e+000 9.10613655e+002
 2.63893783e+000 8.60851151e+002 6.74374551e+000 8.54107406e+002
 2.67035376e+000 7.91571877e+002 6.55792832e+000 7.85013948e+002
 2.70176968e+000 7.12379193e+002 6.34670335e+000 7.06032490e+002
 2.73318561e+000 6.26371565e+002 6.10885319e+000 6.20262712e+002
 2.76460154e+000 5.36879377e+002 5.84313575e+000 5.31036241e+002
 2.79601746e+000 4.47280912e+002 5.54828513e+000 4.41732626e+002
 2.82743339e+000 3.60813814e+002 5.22301271e+000 3.55590802e+002
 2.85884931e+000 2.80393492e+002 4.86600825e+000 2.75527484e+002
 2.89026524e+000 2.08449621e+002 4.47594118e+000 2.03973680e+002
 2.92168117e+000 1.46790978e+002 4.05146201e+000 1.42739516e+002
 2.95309709e+000 9.65071408e+001 3.59120382e+000 9.29159370e+001
 2.98451302e+000 5.79134031e+001 3.09378392e+000 5.48196192e+001
 3.01592895e+000 3.05425830e+001 2.55780566e+000 2.79847774e+001
 3.04734487e+000 1.31845149e+001 1.98186037e+000 1.12026545e+001
 3.07876080e+000 3.97101699e+000 1.36452942e+000 2.60648757e+000
 3.11017673e+000 5.01271786e-001 7.04386497e-001 2.03114711e-001
 3.14159265e+000 3.72480844e-013 2.83382392e-015 3.69647020e-013
