 0.00000000e+000 0.00000000e+000 0.00000000e+000 0.00000000e+000
 3.14159265e-002 2.24730662e-001 3.24132214e-002 1.92317440e-001
 6.28318531e-002 1.63014748e+000 6.68623449e-002 1.56328513e+000
 9.42477796e-002 4.66371405e+000 1.03409224e-001 4.56030483e+000
 1.25663706e-001 8.74327236e+000 1.42115451e-001 8.60115690e+000
 1.57079633e-001 1.25766001e+001 1.83042214e-001 1.23935579e+001
 1.88495559e-001 1.49117270e+001 2.26250143e-001 1.46854768e+001
 2.19911486e-001 1.52756963e+001 2.71799158e-001 1.50038971e+001
 2.51327412e-001 1.42612192e+001 3.19748292e-001 1.39414709e+001
 2.82743339e-001 1.31819367e+001 3.70155520e-001 1.28117811e+001
 3.14159265e-001 1.32865942e+001 4.23077568e-001 1.28635166e+001
 3.45575192e-001 1.49850789e+001 4.78569719e-001 1.45065092e+001
 3.76991118e-001 1.75408748e+001 5.36685605e-001 1.70041892e+001
 4.08407045e-001 1.94219702e+001 5.97476992e-001 1.88244932e+001
 4.39822972e-001 1.91256965e+001 6.60993554e-001 1.84647029e+001
 4.71238898e-001 1.60189754e+001 7.27282634e-001 1.52916928e+001
 5.02654825e-001 1.07218808e+001 7.96388999e-001 9.92549179e+000
 5.34070751e-001 4.81742642e+000 8.68354578e-001 3.94907184e+000
 5.65486678e-001 4.81561651e-002 9.43218198e-001 8.95062033e-001
 5.96902604e-001 -2.55497939e+000 1.02101530e+000 3.57599469e+000
 6.28318531e-001 -3.13468399e+000 1.10177764e+000 4.23646164e+000
 6.59734457e-001 -2.82046457e+000 1.18553302e+000 4.00599759e+000
 6.91150384e-001 -3.01977890e+000 1.27230491e+000 4.29208381e+000
 7.22566310e-001 -4.60059860e+000 1.36211218e+000 5.96271078e+000
 7.53982237e-001 -7.42463323e+000 1.45496874e+000 8.87960198e+000
 7.85398163e-001 -1.04758217e+001 1.55088320e+000 1.20267049e+001
 8.16814090e-001 -1.24829440e+001 1.64985847e+000 1.41328025e+001
 8.48230016e-001 -1.26593331e+001 1.75189144e+000 1.44112246e+001
 8.79645943e-001 -1.11320804e+001 1.85697256e+000 1.29890529e+001
 9.11061870e-001 -8.82926502e+000 1.96508546e+000 1.07943505e+001
 9.42477796e-001 -6.91521934e+000 2.07620652e+000 8.99142586e+000
 9.73893723e-001 -6.12061831e+000 2.19030447e+000 8.31092279e+000
 1.00530965e+000 -6.35978748e+000 2.30733996e+000 8.66712743e+000
 1.03672558e+000 -6.84322752e+000 2.42726507e+000 9.27049258e+000
 1.06814150e+000 -6.59507629e+000 2.55002291e+000 9.14509920e+000
 1.09955743e+000 -5.05216066e+000 2.67554714e+000 7.72770781e+000
 1.13097336e+000 -2.38828529e+000 2.80376147e+000 5.19204676e+000
 1.16238928e+000 6.13342564e-001 2.93457919e+000 2.32123662e+000
 1.19380521e+000 3.03945963e+000 3.06790264e+000 2.84430076e-002
 1.22522113e+000 4.37196641e+000 3.20362276e+000 1.16834366e+000
 1.25663706e+000 4.74025665e+000 3.34161850e+000 1.39863815e+000
 1.28805299e+000 4.76368304e+000 3.48175637e+000 1.28192668e+000
 1.31946891e+000 5.10693213e+000 3.62388980e+000 1.48304233e+000
 1.35088484e+000 6.04671665e+000 3.76785871e+000 2.27885794e+000
 1.38230077e+000 7.33198242e+000 3.91348887e+000 3.41849355e+000
 1.41371669e+000 8.42403559e+000 4.06059136e+000 4.36344423e+000
 1.44513262e+000 8.95177312e+000 4.20896203e+000 4.74281109e+000
 1.47654855e+000 9.06977996e+000 4.35838090e+000 4.71139906e+000
 1.50796447e+000 9.45913232e+000 4.50861158e+000 4.95052074e+000
 1.53938040e+000 1.09342610e+001 4.65940072e+000 6.27486032e+000
 1.57079633e+000 1.38777773e+001 4.81047738e+000 9.06729993e+000
 1.60221225e+000 1.78564001e+001 4.96155248e+000 1.28948476e+001
 1.63362818e+000 2.16866739e+001 5.11231819e+000 1.65743557e+001
 1.66504411e+000 2.39612162e+001 5.26244735e+000 1.86987689e+001
 1.69646003e+000 2.37654966e+001 5.41159287e+000 1.83539037e+001
 1.72787596e+000 2.11820014e+001 5.55938719e+000 1.56226142e+001
 1.75929189e+000 1.72801256e+001 5.70544161e+000 1.15746840e+001
 1.79070781e+000 1.35747950e+001 5.84934583e+000 7.72544919e+000
 1.82212374e+000 1.12418772e+001 5.99066728e+000 5.25120988e+000
 1.85353967e+000 1.05244323e+001 6.12895062e+000 4.39548168e+000
 1.88495559e+000 1.06614335e+001 6.26371715e+000 4.39771637e+000
 1.91637152e+000 1.03754196e+001 6.39446431e+000 3.98095530e+000
 1.94778745e+000 8.63770294e+000 6.52066514e+000 2.11703781e+000
 1.97920337e+000 5.27443577e+000 6.64176775e+000 1.36733198e+000
 2.01061930e+000 1.07475175e+000 6.75719486e+000 5.68244311e+000
 2.04203522e+000 -2.64498206e+000 6.86634331e+000 9.51132537e+000
 2.07345115e+000 -4.75260732e+000 6.96858362e+000 1.17211909e+001
 2.10486708e+000 -4.86940395e+000 7.06325955e+000 1.19326635e+001
 2.13628300e+000 -3.48075747e+000 7.14968773e+000 1.06304452e+001
 2.16769893e+000 -1.55998554e+000 7.22715726e+000 8.78714280e+000
 2.19911486e+000 2.61976833e-002 7.29492939e+000 7.26873170e+000
 2.23053078e+000 9.39907108e-001 7.35223721e+000 6.41233010e+000
 2.26194671e+000 1.35982304e+000 7.39828542e+000 6.03846238e+000
 2.29336264e+000 1.57150244e+000 7.43225005e+000 5.86074761e+000
 2.32477856e+000 1.47746747e+000 7.45327834e+000 5.97581087e+000
 2.35619449e+000 4.21098977e-001 7.46048854e+000 7.03938956e+000
 2.38761042e+000 -2.47048683e+000 7.45296991e+000 9.92345674e+000
 2.41902634e+000 -7.56909300e+000 7.42978262e+000 1.49988756e+001
 2.45044227e+000 -1.40930678e+001 7.38995783e+000 2.14830256e+001
 2.48185820e+000 -2.00013731e+001 7.33249776e+000 2.73338708e+001
 2.51327412e+000 -2.26491679e+001 7.25637583e+000 2.99055437e+001
 2.54469005e+000 -1.99775532e+001 7.16053693e+000 2.71380901e+001
 2.57610598e+000 -1.16454829e+001 7.04389766e+000 1.86893806e+001
 2.60752190e+000 5.44565091e-001 6.90534676e+000 6.36078166e+000
 2.63893783e+000 1.32572666e+001 6.74374551e+000 6.51352110e+000
 2.67035376e+000 2.30583743e+001 6.55792832e+000 1.65004460e+001
 2.70176968e+000 2.79844688e+001 6.34670335e+000 2.16377655e+001
 2.73318561e+000 2.84321355e+001 6.10885319e+000 2.23232823e+001
 2.76460154e+000 2.68645250e+001 5.84313575e+000 2.10213892e+001
 2.79601746e+000 2.64434766e+001 5.54828513e+000 2.08951915e+001
 2.82743339e+000 2.92787510e+001 5.22301271e+000 2.40557383e+001
 2.85884931e+000 3.52182587e+001 4.86600825e+000 3.03522505e+001
 2.89026524e+000 4.18412340e+001 4.47594118e+000 3.73652929e+001
 2.92168117e+000 4.56854771e+001 4.05146201e+000 4.16340151e+001
 2.95309709e+000 4.40740178e+001 3.59120382e+000 4.04828140e+001
 2.98451302e+000 3.65693376e+001 3.09378392e+000 3.34755537e+001
 3.01592895e+000 2.52669297e+001 2.55780566e+000 2.27091240e+001
 3.04734487e+000 1.37548900e+001 1.98186037e+000 1.17730296e+001
 3.07876080e+000 5.28433949e+000 1.36452942e+000 3.91981007e+000
 3.11017673e+000 1.12671175e+000 7.04386497e-001 4.22325254e-001
 3.14159265e+000 3.45827764e-014 2.83382392e-015 3.17489525e-014
