 0.00000000e+000 0.00000000e+000 0.00000000e+000 0.00000000e+000
 3.14159265e-002 4.52539368e-002 3.24132214e-002 1.28407154e-002
 6.28318531e-002 9.11496124e-002 6.68623449e-002 2.42872675e-002
 9.42477796e-002 1.38289905e-001 1.03409224e-001 3.48806811e-002
 1.25663706e-001 1.87203964e-001 1.42115451e-001 4.50885128e-002
 1.57079633e-001 2.38319882e-001 1.83042214e-001 5.52776686e-002
 1.88495559e-001 2.91947646e-001 2.26250143e-001 6.56975025e-002
 2.19911486e-001 3.48273958e-001 2.71799158e-001 7.64748002e-002
 2.51327412e-001 4.07369246e-001 3.19748292e-001 8.76209543e-002
 2.82743339e-001 4.69205825e-001 3.70155520e-001 9.90503053e-002
 3.14159265e-001 5.33684978e-001 4.23077568e-001 1.10607410e-001
 3.45575192e-001 6.00669749e-001 4.78569719e-001 1.22100030e-001
 3.76991118e-001 6.70019638e-001 5.36685605e-001 1.33334033e-001
 4.08407045e-001 7.41623202e-001 5.97476992e-001 1.44146210e-001
 4.39822972e-001 8.15424830e-001 6.60993554e-001 1.54431276e-001
 4.71238898e-001 8.91442661e-001 7.27282634e-001 1.64160027e-001
 5.02654825e-001 9.69775627e-001 7.96388999e-001 1.73386628e-001
 5.34070751e-001 1.05059888e+000 8.68354578e-001 1.82244300e-001
 5.65486678e-001 1.13414821e+000 9.43218198e-001 1.90930011e-001
 5.96902604e-001 1.22069538e+000 1.02101530e+000 1.99680083e-001
 6.28318531e-001 1.31051735e+000 1.10177764e+000 2.08739707e-001
 6.59734457e-001 1.40386314e+000 1.18553302e+000 2.18330126e-001
 6.91150384e-001 1.50092247e+000 1.27230491e+000 2.28617561e-001
 7.22566310e-001 1.60180002e+000 1.36211218e+000 2.39687839e-001
 7.53982237e-001 1.70649881e+000 1.45496874e+000 2.51530069e-001
 7.85398163e-001 1.81491492e+000 1.55088320e+000 2.64031719e-001
 8.16814090e-001 1.92684462e+000 1.64985847e+000 2.76986148e-001
 8.48230016e-001 2.04200364e+000 1.75189144e+000 2.90112204e-001
 8.79645943e-001 2.16005659e+000 1.85697256e+000 3.03084032e-001
 9.11061870e-001 2.28065343e+000 1.96508546e+000 3.15567971e-001
 9.42477796e-001 2.40346898e+000 2.07620652e+000 3.27262456e-001
 9.73893723e-001 2.52824079e+000 2.19030447e+000 3.37936313e-001
 1.00530965e+000 2.65480079e+000 2.30733996e+000 3.47460837e-001
 1.03672558e+000 2.78309661e+000 2.42726507e+000 3.55831541e-001
 1.06814150e+000 2.91319941e+000 2.55002291e+000 3.63176497e-001
 1.09955743e+000 3.04529672e+000 2.67554714e+000 3.69749579e-001
 1.13097336e+000 3.17967005e+000 2.80376147e+000 3.75908572e-001
 1.16238928e+000 3.31665904e+000 2.93457919e+000 3.82079849e-001
 1.19380521e+000 3.45661559e+000 3.06790264e+000 3.88712950e-001
 1.22522113e+000 3.59985244e+000 3.20362276e+000 3.96229689e-001
 1.25663706e+000 3.74659181e+000 3.34161850e+000 4.04973310e-001
 1.28805299e+000 3.89691986e+000 3.48175637e+000 4.15163492e-001
 1.31946891e+000 4.05075247e+000 3.62388980e+000 4.26862666e-001
 1.35088484e+000 4.20781686e+000 3.76785871e+000 4.39958142e-001
 1.38230077e+000 4.36765193e+000 3.91348887e+000 4.54163060e-001
 1.41371669e+000 4.52962857e+000 4.06059136e+000 4.69037212e-001
 1.44513262e+000 4.69298875e+000 4.20896203e+000 4.84026716e-001
 1.47654855e+000 4.85690021e+000 4.35838090e+000 4.98519317e-001
 1.50796447e+000 5.02052181e+000 4.50861158e+000 5.11910231e-001
 1.53938040e+000 5.18307270e+000 4.65940072e+000 5.23671978e-001
 1.57079633e+000 5.34389817e+000 4.81047738e+000 5.33420791e-001
 1.60221225e+000 5.50252463e+000 4.96155248e+000 5.40972153e-001
 1.63362818e+000 5.65869687e+000 5.11231819e+000 5.46378682e-001
 1.66504411e+000 5.81239241e+000 5.26244735e+000 5.49945064e-001
 1.69646003e+000 5.96380977e+000 5.41159287e+000 5.52216900e-001
 1.72787596e+000 6.11333004e+000 5.55938719e+000 5.53942851e-001
 1.75929189e+000 6.26145394e+000 5.70544161e+000 5.56012321e-001
 1.79070781e+000 6.40871947e+000 5.84934583e+000 5.59373633e-001
 1.82212374e+000 6.55560731e+000 5.99066728e+000 5.64940033e-001
 1.85353967e+000 6.70244324e+000 6.12895062e+000 5.73492623e-001
 1.88495559e+000 6.84930742e+000 6.26371715e+000 5.85590273e-001
 1.91637152e+000 6.99596077e+000 6.39446431e+000 6.01496465e-001
 1.94778745e+000 7.14179712e+000 6.52066514e+000 6.21131983e-001
 1.97920337e+000 7.28582800e+000 6.64176775e+000 6.44060251e-001
 2.01061930e+000 7.42670410e+000 6.75719486e+000 6.69509244e-001
 2.04203522e+000 7.56277369e+000 6.86634331e+000 6.96430380e-001
 2.07345115e+000 7.69217467e+000 6.96858362e+000 7.23591048e-001
 2.10486708e+000 7.81295326e+000 7.06325955e+000 7.49693710e-001
 2.13628300e+000 7.92319903e+000 7.14968773e+000 7.73511302e-001
 2.16769893e+000 8.02118345e+000 7.22715726e+000 7.94026195e-001
 2.19911486e+000 8.10548804e+000 7.29492939e+000 8.10558652e-001
 2.23053078e+000 8.17510784e+000 7.35223721e+000 8.22870629e-001
 2.26194671e+000 8.22951753e+000 7.39828542e+000 8.31232113e-001
 2.29336264e+000 8.26868986e+000 7.43225005e+000 8.36439803e-001
 2.32477856e+000 8.29306013e+000 7.45327834e+000 8.39781794e-001
 2.35619449e+000 8.30343516e+000 7.46048854e+000 8.42946624e-001
 2.38761042e+000 8.30085011e+000 7.45296991e+000 8.47880204e-001
 2.41902634e+000 8.28638209e+000 7.42978262e+000 8.56599470e-001
 2.45044227e+000 8.26093418e+000 7.38995783e+000 8.70976347e-001
 2.48185820e+000 8.22500734e+000 7.33249776e+000 8.92509578e-001
 2.51327412e+000 8.17848042e+000 7.25637583e+000 9.22104589e-001
 2.54469005e+000 8.12041947e+000 7.16053693e+000 9.59882536e-001
 2.57610598e+000 8.04893661e+000 7.04389766e+000 1.00503895e+000
 2.60752190e+000 7.96111649e+000 6.90534676e+000 1.05576974e+000
 2.63893783e+000 7.85302356e+000 6.74374551e+000 1.10927805e+000
 2.67035376e+000 7.71979804e+000 6.55792832e+000 1.16186971e+000
 2.70176968e+000 7.55584174e+000 6.34670335e+000 1.20913839e+000
 2.73318561e+000 7.35508741e+000 6.10885319e+000 1.24623422e+000
 2.76460154e+000 7.11133850e+000 5.84313575e+000 1.26820276e+000
 2.79601746e+000 6.81865976e+000 5.54828513e+000 1.27037462e+000
 2.82743339e+000 6.47179376e+000 5.22301271e+000 1.24878105e+000
 2.85884931e+000 6.06657540e+000 4.86600825e+000 1.20056715e+000
 2.89026524e+000 5.60031455e+000 4.47594118e+000 1.12437337e+000
 2.92168117e+000 5.07211845e+000 4.05146201e+000 1.02065643e+000
 2.95309709e+000 4.48312803e+000 3.59120382e+000 8.91924217e-001
 2.98451302e+000 3.83664809e+000 3.09378392e+000 7.42864168e-001
 3.01592895e+000 3.13815741e+000 2.55780566e+000 5.80351749e-001
 3.04734487e+000 2.39519384e+000 1.98186037e+000 4.13333474e-001
 3.07876080e+000 1.61711719e+000 1.36452942e+000 2.52587772e-001
 3.11017673e+000 8.14762025e-001 7.04386497e-001 1.10375528e-001
 3.14159265e+000 1.86448247e-015 2.83382392e-015 9.69341456e-016
