 0.00000000e+000 0.00000000e+000 0.00000000e+000 0.00000000e+000
 3.14159265e-002 1.08128584e-001 3.24132214e-002 7.57153623e-002
 6.28318531e-002 2.15017860e-001 6.68623449e-002 1.48155516e-001
 9.42477796e-002 3.19464889e-001 1.03409224e-001 2.16055664e-001
 1.25663706e-001 4.20338495e-001 1.42115451e-001 2.78223044e-001
 1.57079633e-001 5.16612774e-001 1.83042214e-001 3.33570560e-001
 1.88495559e-001 6.07397800e-001 2.26250143e-001 3.81147657e-001
 2.19911486e-001 6.91966729e-001 2.71799158e-001 4.20167571e-001
 2.51327412e-001 7.69778576e-001 3.19748292e-001 4.50030284e-001
 2.82743339e-001 8.40496049e-001 3.70155520e-001 4.70340528e-001
 3.14159265e-001 9.03997964e-001 4.23077568e-001 4.80920395e-001
 3.45575192e-001 9.60385903e-001 4.78569719e-001 4.81816184e-001
 3.76991118e-001 1.00998492e+000 5.36685605e-001 4.73299313e-001
 4.08407045e-001 1.05333825e+000 5.97476992e-001 4.55861262e-001
 4.39822972e-001 1.09119621e+000 6.60993554e-001 4.30202654e-001
 4.71238898e-001 1.12449940e+000 7.27282634e-001 3.97216765e-001
 5.02654825e-001 1.15435689e+000 7.96388999e-001 3.57967886e-001
 5.34070751e-001 1.18201966e+000 8.68354578e-001 3.13665083e-001
 5.65486678e-001 1.20885024e+000 9.43218198e-001 2.65632044e-001
 5.96902604e-001 1.23628910e+000 1.02101530e+000 2.15273801e-001
 6.28318531e-001 1.26581884e+000 1.10177764e+000 1.64041192e-001
 6.59734457e-001 1.29892701e+000 1.18553302e+000 1.13393988e-001
 6.91150384e-001 1.33706857e+000 1.27230491e+000 6.47636651e-002
 7.22566310e-001 1.38162897e+000 1.36211218e+000 1.95167938e-002
 7.53982237e-001 1.43388876e+000 1.45496874e+000 2.10799792e-002
 7.85398163e-001 1.49499076e+000 1.55088320e+000 5.58924343e-002
 8.16814090e-001 1.56591057e+000 1.64985847e+000 8.39478925e-002
 8.48230016e-001 1.64743128e+000 1.75189144e+000 1.04460162e-001
 8.79645943e-001 1.74012292e+000 1.85697256e+000 1.16849636e-001
 9.11061870e-001 1.84432746e+000 1.96508546e+000 1.20758003e-001
 9.42477796e-001 1.96014939e+000 2.07620652e+000 1.16057134e-001
 9.73893723e-001 2.08745257e+000 2.19030447e+000 1.02851909e-001
 1.00530965e+000 2.22586309e+000 2.30733996e+000 8.14768665e-002
 1.03672558e+000 2.37477833e+000 2.42726507e+000 5.24867350e-002
 1.06814150e+000 2.53338184e+000 2.55002291e+000 1.66410676e-002
 1.09955743e+000 2.70066379e+000 2.67554714e+000 2.51166421e-002
 1.13097336e+000 2.87544632e+000 2.80376147e+000 7.16848413e-002
 1.16238928e+000 3.05641332e+000 2.93457919e+000 1.21834137e-001
 1.19380521e+000 3.24214371e+000 3.06790264e+000 1.74241071e-001
 1.22522113e+000 3.43114734e+000 3.20362276e+000 2.27524584e-001
 1.25663706e+000 3.62190270e+000 3.34161850e+000 2.80284195e-001
 1.28805299e+000 3.81289527e+000 3.48175637e+000 3.31138907e-001
 1.31946891e+000 4.00265560e+000 3.62388980e+000 3.78765793e-001
 1.35088484e+000 4.18979594e+000 3.76785871e+000 4.21937227e-001
 1.38230077e+000 4.37304462e+000 3.91348887e+000 4.59555748e-001
 1.41371669e+000 4.55127697e+000 4.06059136e+000 4.90685610e-001
 1.44513262e+000 4.72354215e+000 4.20896203e+000 5.14580117e-001
 1.47654855e+000 4.88908489e+000 4.35838090e+000 5.30703989e-001
 1.50796447e+000 5.04736167e+000 4.50861158e+000 5.38750085e-001
 1.53938040e+000 5.19805070e+000 4.65940072e+000 5.38649979e-001
 1.57079633e+000 5.34105540e+000 4.81047738e+000 5.30578020e-001
 1.60221225e+000 5.47650118e+000 4.96155248e+000 5.14948698e-001
 1.63362818e+000 5.60472547e+000 5.11231819e+000 4.92407283e-001
 1.66504411e+000 5.72626125e+000 5.26244735e+000 4.63813904e-001
 1.69646003e+000 5.84181427e+000 5.41159287e+000 4.30221400e-001
 1.72787596e+000 5.95223462e+000 5.55938719e+000 3.92847438e-001
 1.75929189e+000 6.05848318e+000 5.70544161e+000 3.53041561e-001
 1.79070781e+000 6.16159381e+000 5.84934583e+000 3.12247973e-001
 1.82212374e+000 6.26263225e+000 5.99066728e+000 2.71964972e-001
 1.85353967e+000 6.36265269e+000 6.12895062e+000 2.33702076e-001
 1.88495559e+000 6.46265309e+000 6.26371715e+000 1.98935945e-001
 1.91637152e+000 6.56353056e+000 6.39446431e+000 1.69066251e-001
 1.94778745e+000 6.66603783e+000 6.52066514e+000 1.45372697e-001
 1.97920337e+000 6.77074209e+000 6.64176775e+000 1.28974343e-001
 2.01061930e+000 6.87798726e+000 6.75719486e+000 1.20792399e-001
 2.04203522e+000 6.98786086e+000 6.86634331e+000 1.21517552e-001
 2.07345115e+000 7.10016645e+000 6.96858362e+000 1.31582826e-001
 2.10486708e+000 7.21440238e+000 7.06325955e+000 1.51142829e-001
 2.13628300e+000 7.32974787e+000 7.14968773e+000 1.80060142e-001
 2.16769893e+000 7.44505665e+000 7.22715726e+000 2.17899393e-001
 2.19911486e+000 7.55885882e+000 7.29492939e+000 2.63929431e-001
 2.23053078e+000 7.66937100e+000 7.35223721e+000 3.17133786e-001
 2.26194671e+000 7.77451487e+000 7.39828542e+000 3.76229447e-001
 2.29336264e+000 7.87194379e+000 7.43225005e+000 4.39693734e-001
 2.32477856e+000 7.95907724e+000 7.45327834e+000 5.05798906e-001
 2.35619449e+000 8.03314244e+000 7.46048854e+000 5.72653899e-001
 2.38761042e+000 8.09122235e+000 7.45296991e+000 6.38252445e-001
 2.41902634e+000 8.13030926e+000 7.42978262e+000 7.00526635e-001
 2.45044227e+000 8.14736270e+000 7.38995783e+000 7.57404864e-001
 2.48185820e+000 8.13937070e+000 7.33249776e+000 8.06872939e-001
 2.51327412e+000 8.10341292e+000 7.25637583e+000 8.47037085e-001
 2.54469005e+000 8.03672439e+000 7.16053693e+000 8.76187462e-001
 2.57610598e+000 7.93675848e+000 7.04389766e+000 8.92860813e-001
 2.60752190e+000 7.80124759e+000 6.90534676e+000 8.95900830e-001
 2.63893783e+000 7.62826036e+000 6.74374551e+000 8.84514857e-001
 2.67035376e+000 7.41625396e+000 6.55792832e+000 8.58325633e-001
 2.70176968e+000 7.16412016e+000 6.34670335e+000 8.17416816e-001
 2.73318561e+000 6.87122439e+000 6.10885319e+000 7.62371203e-001
 2.76460154e+000 6.53743641e+000 5.84313575e+000 6.94300665e-001
 2.79601746e+000 6.16315214e+000 5.54828513e+000 6.14867005e-001
 2.82743339e+000 5.74930584e+000 5.22301271e+000 5.26293127e-001
 2.85884931e+000 5.29737234e+000 4.86600825e+000 4.31364098e-001
 2.89026524e+000 4.80935910e+000 4.47594118e+000 3.33417921e-001
 2.92168117e+000 4.28778804e+000 4.05146201e+000 2.36326030e-001
 2.95309709e+000 3.73566756e+000 3.59120382e+000 1.44463746e-001
 2.98451302e+000 3.15645508e+000 3.09378392e+000 6.26711634e-002
 3.01592895e+000 2.55401077e+000 2.55780566e+000 3.79488777e-003
 3.04734487e+000 1.93254344e+000 1.98186037e+000 4.93169326e-002
 3.07876080e+000 1.29654944e+000 1.36452942e+000 6.79799818e-002
 3.11017673e+000 6.50745984e-001 7.04386497e-001 5.36405129e-002
 3.14159265e+000 1.66043545e-015 2.83382392e-015 1.17338847e-015
