 0.00000000e+000 0.00000000e+000 0.00000000e+000 0.00000000e+000
 3.14159265e-002 4.08814872e-002 3.24132214e-002 8.46826582e-003
 6.28318531e-002 7.89906341e-002 6.68623449e-002 1.21282892e-002
 9.42477796e-002 1.13421239e-001 1.03409224e-001 1.00120145e-002
 1.25663706e-001 1.45900720e-001 1.42115451e-001 3.78526888e-003
 1.57079633e-001 1.80006060e-001 1.83042214e-001 3.03615374e-003
 1.88495559e-001 2.19286866e-001 2.26250143e-001 6.96327753e-003
 2.19911486e-001 2.65395268e-001 2.71799158e-001 6.40389020e-003
 2.51327412e-001 3.17316003e-001 3.19748292e-001 2.43228879e-003
 2.82743339e-001 3.72140637e-001 3.70155520e-001 1.98511678e-003
 3.14159265e-001 4.26920258e-001 4.23077568e-001 3.84268930e-003
 3.45575192e-001 4.80497165e-001 4.78569719e-001 1.92744629e-003
 3.76991118e-001 5.34231344e-001 5.36685605e-001 2.45426158e-003
 4.08407045e-001 5.91192890e-001 5.97476992e-001 6.28410212e-003
 4.39822972e-001 6.54300856e-001 6.60993554e-001 6.69269856e-003
 4.71238898e-001 7.24516103e-001 7.27282634e-001 2.76653109e-003
 5.02654825e-001 8.00170607e-001 7.96388999e-001 3.78160855e-003
 5.34070751e-001 8.77851425e-001 8.68354578e-001 9.49684662e-003
 5.65486678e-001 9.54343814e-001 9.43218198e-001 1.11256157e-002
 5.96902604e-001 1.02851110e+000 1.02101530e+000 7.49579816e-003
 6.28318531e-001 1.10201720e+000 1.10177764e+000 2.39556275e-004
 6.59734457e-001 1.17846534e+000 1.18553302e+000 7.06768138e-003
 6.91150384e-001 1.26144252e+000 1.27230491e+000 1.08623914e-002
 7.22566310e-001 1.35258915e+000 1.36211218e+000 9.52302952e-003
 7.53982237e-001 1.45078998e+000 1.45496874e+000 4.17876188e-003
 7.85398163e-001 1.55292430e+000 1.55088320e+000 2.04109958e-003
 8.16814090e-001 1.65570848e+000 1.64985847e+000 5.85000942e-003
 8.48230016e-001 1.75754259e+000 1.75189144e+000 5.65115229e-003
 8.79645943e-001 1.85929474e+000 1.85697256e+000 2.32218372e-003
 9.11061870e-001 1.96360167e+000 1.96508546e+000 1.48379108e-003
 9.42477796e-001 2.07314520e+000 2.07620652e+000 3.06131631e-003
 9.73893723e-001 2.18896037e+000 2.19030447e+000 1.34410311e-003
 1.00530965e+000 2.30979272e+000 2.30733996e+000 2.45276912e-003
 1.03672558e+000 2.43288003e+000 2.42726507e+000 5.61496539e-003
 1.06814150e+000 2.55567281e+000 2.55002291e+000 5.64989988e-003
 1.09955743e+000 2.67744399e+000 2.67554714e+000 1.89684382e-003
 1.13097336e+000 2.79980448e+000 2.80376147e+000 3.95699762e-003
 1.16238928e+000 2.92579737e+000 2.93457919e+000 8.78181944e-003
 1.19380521e+000 3.05809558e+000 3.06790264e+000 9.80706189e-003
 1.22522113e+000 3.19736793e+000 3.20362276e+000 6.25482690e-003
 1.25663706e+000 3.34178440e+000 3.34161850e+000 1.65894841e-004
 1.28805299e+000 3.48795908e+000 3.48175637e+000 6.20271307e-003
 1.31946891e+000 3.63277948e+000 3.62388980e+000 8.88967636e-003
 1.35088484e+000 3.77504907e+000 3.76785871e+000 7.19035886e-003
 1.38230077e+000 3.91598620e+000 3.91348887e+000 2.49732654e-003
 1.41371669e+000 4.05830594e+000 4.06059136e+000 2.28542066e-003
 1.44513262e+000 4.20445344e+000 4.20896203e+000 4.50858712e-003
 1.47654855e+000 4.35505450e+000 4.35838090e+000 3.32639341e-003
 1.50796447e+000 4.50850628e+000 4.50861158e+000 1.05296437e-004
 1.53938040e+000 4.66193476e+000 4.65940072e+000 2.53403839e-003
 1.57079633e+000 4.81291584e+000 4.81047738e+000 2.43845445e-003
 1.60221225e+000 4.96089389e+000 4.96155248e+000 6.58592922e-004
 1.63362818e+000 5.10741509e+000 5.11231819e+000 4.90310304e-003
 1.66504411e+000 5.25501506e+000 5.26244735e+000 7.43228316e-003
 1.69646003e+000 5.40542618e+000 5.41159287e+000 6.16669586e-003
 1.72787596e+000 5.55819879e+000 5.55938719e+000 1.18839617e-003
 1.75929189e+000 5.71059850e+000 5.70544161e+000 5.15688171e-003
 1.79070781e+000 5.85888011e+000 5.84934583e+000 9.53427561e-003
 1.82212374e+000 6.00020389e+000 5.99066728e+000 9.53660819e-003
 1.85353967e+000 6.13405554e+000 6.12895062e+000 5.10492563e-003
 1.88495559e+000 6.26230979e+000 6.26371715e+000 1.40735470e-003
 1.91637152e+000 6.38788030e+000 6.39446431e+000 6.58401501e-003
 1.94778745e+000 6.51274788e+000 6.52066514e+000 7.91725833e-003
 1.97920337e+000 6.63654192e+000 6.64176775e+000 5.22583126e-003
 2.01061930e+000 6.75652665e+000 6.75719486e+000 6.68207128e-004
 2.04203522e+000 6.86900059e+000 6.86634331e+000 2.65727243e-003
 2.07345115e+000 6.97125641e+000 6.96858362e+000 2.67278924e-003
 2.10486708e+000 7.06289515e+000 7.06325955e+000 3.64405400e-004
 2.13628300e+000 7.14566681e+000 7.14968773e+000 4.02092132e-003
 2.16769893e+000 7.22190584e+000 7.22715726e+000 5.25141584e-003
 2.19911486e+000 7.29250634e+000 7.29492939e+000 2.42304764e-003
 2.23053078e+000 7.35570102e+000 7.35223721e+000 3.46380776e-003
 2.26194671e+000 7.40745605e+000 7.39828542e+000 9.17063382e-003
 2.29336264e+000 7.44332244e+000 7.43225005e+000 1.10723822e-002
 2.32477856e+000 7.46067172e+000 7.45327834e+000 7.39338101e-003
 2.35619449e+000 7.45995193e+000 7.46048854e+000 5.36608787e-004
 2.38761042e+000 7.44413330e+000 7.45296991e+000 8.83661024e-003
 2.41902634e+000 7.41658134e+000 7.42978262e+000 1.32012781e-002
 2.45044227e+000 7.37856823e+000 7.38995783e+000 1.13896051e-002
 2.48185820e+000 7.32791274e+000 7.33249776e+000 4.58501756e-003
 2.51327412e+000 7.25962267e+000 7.25637583e+000 3.24683590e-003
 2.54469005e+000 7.16823294e+000 7.16053693e+000 7.69601425e-003
 2.57610598e+000 7.05048078e+000 7.04389766e+000 6.58311762e-003
 2.60752190e+000 6.90668321e+000 6.90534676e+000 1.33645725e-003
 2.63893783e+000 6.73989398e+000 6.74374551e+000 3.85152393e-003
 2.67035376e+000 6.55323838e+000 6.55792832e+000 4.68994455e-003
 2.70176968e+000 6.34698746e+000 6.34670335e+000 2.84116254e-004
 2.73318561e+000 6.11721661e+000 6.10885319e+000 8.36342543e-003
 2.76460154e+000 5.85706191e+000 5.84313575e+000 1.39261686e-002
 2.79601746e+000 5.56006229e+000 5.54828513e+000 1.17771604e-002
 2.82743339e+000 5.22372339e+000 5.22301271e+000 7.10676876e-004
 2.85884931e+000 4.85109114e+000 4.86600825e+000 1.49171094e-002
 2.89026524e+000 4.44907820e+000 4.47594118e+000 2.68629846e-002
 2.92168117e+000 4.02410047e+000 4.05146201e+000 2.73615414e-002
 2.95309709e+000 3.57727320e+000 3.59120382e+000 1.39306185e-002
 2.98451302e+000 3.10199610e+000 3.09378392e+000 8.21217948e-003
 3.01592895e+000 2.58579084e+000 2.55780566e+000 2.79851768e-002
 3.04734487e+000 2.01614408e+000 1.98186037e+000 3.42837144e-002
 3.07876080e+000 1.38792039e+000 1.36452942e+000 2.33909755e-002
 3.11017673e+000 7.08818295e-001 7.04386497e-001 4.43179823e-003
 3.14159265e+000 1.53644435e-015 2.83382392e-015 1.29737957e-015
