 0.00000000e+000 0.00000000e+000 0.00000000e+000 0.00000000e+000
 3.14159265e-002 3.05036654e-002 3.24132214e-002 1.90955601e-003
 6.28318531e-002 6.29628050e-002 6.68623449e-002 3.89953989e-003
 9.42477796e-002 9.91597080e-002 1.03409224e-001 4.24951627e-003
 1.25663706e-001 1.40548019e-001 1.42115451e-001 1.56743261e-003
 1.57079633e-001 1.88130893e-001 1.83042214e-001 5.08867995e-003
 1.88495559e-001 2.42385183e-001 2.26250143e-001 1.61350400e-002
 2.19911486e-001 3.03239284e-001 2.71799158e-001 3.14401266e-002
 2.51327412e-001 3.70106743e-001 3.19748292e-001 5.03584506e-002
 2.82743339e-001 4.41971914e-001 3.70155520e-001 7.18163937e-002
 3.14159265e-001 5.17518591e-001 4.23077568e-001 9.44410230e-002
 3.45575192e-001 5.95288058e-001 4.78569719e-001 1.16718339e-001
 3.76991118e-001 6.73849960e-001 5.36685605e-001 1.37164355e-001
 4.08407045e-001 7.51968086e-001 5.97476992e-001 1.54491094e-001
 4.39822972e-001 8.28743655e-001 6.60993554e-001 1.67750101e-001
 4.71238898e-001 9.03721089e-001 7.27282634e-001 1.76438455e-001
 5.02654825e-001 9.76945149e-001 7.96388999e-001 1.80556150e-001
 5.34070751e-001 1.04896343e+000 8.68354578e-001 1.80608848e-001
 5.65486678e-001 1.12077391e+000 9.43218198e-001 1.77555708e-001
 5.96902604e-001 1.19372311e+000 1.02101530e+000 1.72707814e-001
 6.28318531e-001 1.26936558e+000 1.10177764e+000 1.67587933e-001
 6.59734457e-001 1.34929949e+000 1.18553302e+000 1.63766475e-001
 6.91150384e-001 1.43499601e+000 1.27230491e+000 1.62691098e-001
 7.22566310e-001 1.52764037e+000 1.36211218e+000 1.65528194e-001
 7.53982237e-001 1.62800205e+000 1.45496874e+000 1.73033302e-001
 7.85398163e-001 1.73634780e+000 1.55088320e+000 1.85464605e-001
 8.16814090e-001 1.85240761e+000 1.64985847e+000 2.02549138e-001
 8.48230016e-001 1.97539732e+000 1.75189144e+000 2.23505877e-001
 8.79645943e-001 2.10409640e+000 1.85697256e+000 2.47123844e-001
 9.11061870e-001 2.23697296e+000 1.96508546e+000 2.71887499e-001
 9.42477796e-001 2.37234311e+000 2.07620652e+000 2.96136593e-001
 9.73893723e-001 2.50854830e+000 2.19030447e+000 3.18243829e-001
 1.00530965e+000 2.64413153e+000 2.30733996e+000 3.36791574e-001
 1.03672558e+000 2.77799378e+000 2.42726507e+000 3.50728716e-001
 1.06814150e+000 2.90951351e+000 2.55002291e+000 3.59490602e-001
 1.09955743e+000 3.03861580e+000 2.67554714e+000 3.63068652e-001
 1.13097336e+000 3.16578286e+000 2.80376147e+000 3.62021385e-001
 1.16238928e+000 3.29200385e+000 2.93457919e+000 3.57424660e-001
 1.19380521e+000 3.41866802e+000 3.06790264e+000 3.50765379e-001
 1.22522113e+000 3.54741167e+000 3.20362276e+000 3.43788912e-001
 1.25663706e+000 3.67993418e+000 3.34161850e+000 3.38315674e-001
 1.28805299e+000 3.81780215e+000 3.48175637e+000 3.36045783e-001
 1.31946891e+000 3.96226220e+000 3.62388980e+000 3.38372395e-001
 1.35088484e+000 4.11408254e+000 3.76785871e+000 3.46223829e-001
 1.38230077e+000 4.27344080e+000 3.91348887e+000 3.59951934e-001
 1.41371669e+000 4.43987105e+000 4.06059136e+000 3.79279692e-001
 1.44513262e+000 4.61227706e+000 4.20896203e+000 4.03315033e-001
 1.47654855e+000 4.78901194e+000 4.35838090e+000 4.30631044e-001
 1.50796447e+000 4.96801729e+000 4.50861158e+000 4.59405708e-001
 1.53938040e+000 5.14700860e+000 4.65940072e+000 4.87607877e-001
 1.57079633e+000 5.32368833e+000 4.81047738e+000 5.13210950e-001
 1.60221225e+000 5.49596478e+000 4.96155248e+000 5.34412301e-001
 1.63362818e+000 5.66215349e+000 5.11231819e+000 5.49835301e-001
 1.66504411e+000 5.82113931e+000 5.26244735e+000 5.58691959e-001
 1.69646003e+000 5.97248056e+000 5.41159287e+000 5.60887685e-001
 1.72787596e+000 6.11644241e+000 5.55938719e+000 5.57055229e-001
 1.75929189e+000 6.25395348e+000 5.70544161e+000 5.48511867e-001
 1.79070781e+000 6.38648761e+000 5.84934583e+000 5.37141780e-001
 1.82212374e+000 6.51588075e+000 5.99066728e+000 5.25213469e-001
 1.85353967e+000 6.64409980e+000 6.12895062e+000 5.15149186e-001
 1.88495559e+000 6.77298612e+000 6.26371715e+000 5.09268974e-001
 1.91637152e+000 6.90399967e+000 6.39446431e+000 5.09535362e-001
 1.94778745e+000 7.03799081e+000 6.52066514e+000 5.17325671e-001
 1.97920337e+000 7.17502479e+000 6.64176775e+000 5.33257042e-001
 2.01061930e+000 7.31427965e+000 6.75719486e+000 5.57084785e-001
 2.04203522e+000 7.45403122e+000 6.86634331e+000 5.87687911e-001
 2.07345115e+000 7.59173087e+000 6.96858362e+000 6.23147250e-001
 2.10486708e+000 7.72417179e+000 7.06325955e+000 6.60912234e-001
 2.13628300e+000 7.84773088e+000 7.14968773e+000 6.98043151e-001
 2.16769893e+000 7.95866456e+000 7.22715726e+000 7.31507302e-001
 2.19911486e+000 8.05343041e+000 7.29492939e+000 7.58501025e-001
 2.23053078e+000 8.12900274e+000 7.35223721e+000 7.76765530e-001
 2.26194671e+000 8.18314901e+000 7.39828542e+000 7.84863593e-001
 2.29336264e+000 8.21463649e+000 7.43225005e+000 7.82386432e-001
 2.32477856e+000 8.22334387e+000 7.45327834e+000 7.70065530e-001
 2.35619449e+000 8.21026090e+000 7.46048854e+000 7.49772364e-001
 2.38761042e+000 8.17736913e+000 7.45296991e+000 7.24399225e-001
 2.41902634e+000 8.12740826e+000 7.42978262e+000 6.97625642e-001
 2.45044227e+000 8.06354430e+000 7.38995783e+000 6.73586467e-001
 2.48185820e+000 7.98896582e+000 7.33249776e+000 6.56468055e-001
 2.51327412e+000 7.90644335e+000 7.25637583e+000 6.50067519e-001
 2.54469005e+000 7.81789243e+000 7.16053693e+000 6.57355498e-001
 2.57610598e+000 7.72398263e+000 7.04389766e+000 6.80084972e-001
 2.60752190e+000 7.62383352e+000 6.90534676e+000 7.18486767e-001
 2.63893783e+000 7.51483227e+000 6.74374551e+000 7.71086762e-001
 2.67035376e+000 7.39259903e+000 6.55792832e+000 8.34670710e-001
 2.70176968e+000 7.25111405e+000 6.34670335e+000 9.04410706e-001
 2.73318561e+000 7.08300697e+000 6.10885319e+000 9.74153779e-001
 2.76460154e+000 6.87999458e+000 5.84313575e+000 1.03685883e+000
 2.79601746e+000 6.63343978e+000 5.54828513e+000 1.08515465e+000
 2.82743339e+000 6.33499271e+000 5.22301271e+000 1.11198000e+000
 2.85884931e+000 5.97726635e+000 4.86600825e+000 1.11125811e+000
 2.89026524e+000 5.55449409e+000 4.47594118e+000 1.07855291e+000
 2.92168117e+000 5.06311596e+000 4.05146201e+000 1.01165395e+000
 2.95309709e+000 4.50224429e+000 3.59120382e+000 9.11040468e-001
 2.98451302e+000 3.87396759e+000 3.09378392e+000 7.80183674e-001
 3.01592895e+000 3.18346327e+000 2.55780566e+000 6.25657605e-001
 3.04734487e+000 2.43890411e+000 1.98186037e+000 4.57043744e-001
 3.07876080e+000 1.65115967e+000 1.36452942e+000 2.86630250e-001
 3.11017673e+000 8.33309435e-001 7.04386497e-001 1.28922938e-001
 3.14159265e+000 1.69492192e-015 2.83382392e-015 1.13890200e-015
