 0.00000000e+000 0.00000000e+000 0.00000000e+000 0.00000000e+000
 3.14159265e-002 6.92813051e-003 3.24132214e-002 2.54850909e-002
 6.28318531e-002 5.34500496e-002 6.68623449e-002 1.34122953e-002
 9.42477796e-002 1.69674084e-001 1.03409224e-001 6.62648598e-002
 1.25663706e-001 3.68484014e-001 1.42115451e-001 2.26368563e-001
 1.57079633e-001 6.40984770e-001 1.83042214e-001 4.57942557e-001
 1.88495559e-001 9.56010411e-001 2.26250143e-001 7.29760268e-001
 2.19911486e-001 1.26385794e+000 2.71799158e-001 9.92058782e-001
 2.51327412e-001 1.50367015e+000 3.19748292e-001 1.18392186e+000
 2.82743339e-001 1.61325381e+000 3.70155520e-001 1.24309829e+000
 3.14159265e-001 1.53969640e+000 4.23077568e-001 1.11661883e+000
 3.45575192e-001 1.24900573e+000 4.78569719e-001 7.70436011e-001
 3.76991118e-001 7.33161332e-001 5.36685605e-001 1.96475727e-001
 4.08407045e-001 1.34002067e-002 5.97476992e-001 5.84076786e-001
 4.39822972e-001 -8.60819102e-001 6.60993554e-001 1.52181266e+000
 4.71238898e-001 -1.81703152e+000 7.27282634e-001 2.54431415e+000
 5.02654825e-001 -2.76836234e+000 7.96388999e-001 3.56475134e+000
 5.34070751e-001 -3.62420601e+000 8.68354578e-001 4.49256059e+000
 5.65486678e-001 -4.30141293e+000 9.43218198e-001 5.24463112e+000
 5.96902604e-001 -4.73439825e+000 1.02101530e+000 5.75541355e+000
 6.28318531e-001 -4.88282296e+000 1.10177764e+000 5.98460061e+000
 6.59734457e-001 -4.73592530e+000 1.18553302e+000 5.92145831e+000
 6.91150384e-001 -4.31311615e+000 1.27230491e+000 5.58542106e+000
 7.22566310e-001 -3.66099791e+000 1.36211218e+000 5.02311009e+000
 7.53982237e-001 -2.84743372e+000 1.45496874e+000 4.30240246e+000
 7.85398163e-001 -1.95361711e+000 1.55088320e+000 3.50450030e+000
 8.16814090e-001 -1.06523679e+000 1.64985847e+000 2.71509525e+000
 8.48230016e-001 -2.63801758e-001 1.75189144e+000 2.01569320e+000
 8.79645943e-001 3.80978406e-001 1.85697256e+000 1.47599415e+000
 9.11061870e-001 8.17119630e-001 1.96508546e+000 1.14796583e+000
 9.42477796e-001 1.01423864e+000 2.07620652e+000 1.06196788e+000
 9.73893723e-001 9.65273721e-001 2.19030447e+000 1.22503075e+000
 1.00530965e+000 6.86138153e-001 2.30733996e+000 1.62120180e+000
 1.03672558e+000 2.13511873e-001 2.42726507e+000 2.21375319e+000
 1.06814150e+000 -3.98964304e-001 2.55002291e+000 2.94898722e+000
 1.09955743e+000 -1.08579997e+000 2.67554714e+000 3.76134712e+000
 1.13097336e+000 -1.77574987e+000 2.80376147e+000 4.57951135e+000
 1.16238928e+000 -2.39851160e+000 2.93457919e+000 5.33309079e+000
 1.19380521e+000 -2.89155120e+000 3.06790264e+000 5.95945384e+000
 1.22522113e+000 -3.20646447e+000 3.20362276e+000 6.41008723e+000
 1.25663706e+000 -3.31417950e+000 3.34161850e+000 6.65579800e+000
 1.28805299e+000 -3.20826559e+000 3.48175637e+000 6.69002195e+000
 1.31946891e+000 -2.90568595e+000 3.62388980e+000 6.52957575e+000
 1.35088484e+000 -2.44454806e+000 3.76785871e+000 6.21240677e+000
 1.38230077e+000 -1.87877179e+000 3.91348887e+000 5.79226066e+000
 1.41371669e+000 -1.27007707e+000 4.06059136e+000 5.33066843e+000
 1.44513262e+000 -6.78219483e-001 4.20896203e+000 4.88718151e+000
 1.47654855e+000 -1.50874161e-001 4.35838090e+000 4.50925506e+000
 1.50796447e+000 2.85125163e-001 4.50861158e+000 4.22348642e+000
 1.53938040e+000 6.29441346e-001 4.65940072e+000 4.02995937e+000
 1.57079633e+000 9.09314922e-001 4.81047738e+000 3.90116246e+000
 1.60221225e+000 1.17521581e+000 4.96155248e+000 3.78633667e+000
 1.63362818e+000 1.49109393e+000 5.11231819e+000 3.62122426e+000
 1.66504411e+000 1.92028461e+000 5.26244735e+000 3.34216274e+000
 1.69646003e+000 2.50912174e+000 5.41159287e+000 2.90247113e+000
 1.72787596e+000 3.27108042e+000 5.55938719e+000 2.28830677e+000
 1.75929189e+000 4.17463044e+000 5.70544161e+000 1.53081118e+000
 1.79070781e+000 5.13780252e+000 5.84934583e+000 7.11543309e-001
 1.82212374e+000 6.03170436e+000 5.99066728e+000 4.10370818e-002
 1.85353967e+000 6.69393398e+000 6.12895062e+000 5.64983363e-001
 1.88495559e+000 6.95118608e+000 6.26371715e+000 6.87468934e-001
 1.91637152e+000 6.64858633e+000 6.39446431e+000 2.54122023e-001
 1.94778745e+000 5.68172103e+000 6.52066514e+000 8.38944112e-001
 1.97920337e+000 4.02625988e+000 6.64176775e+000 2.61550787e+000
 2.01061930e+000 1.75974724e+000 6.75719486e+000 4.99744762e+000
 2.04203522e+000 -9.29293615e-001 6.86634331e+000 7.79563693e+000
 2.07345115e+000 -3.74833373e+000 6.96858362e+000 1.07169173e+001
 2.10486708e+000 -6.32507270e+000 7.06325955e+000 1.33883323e+001
 2.13628300e+000 -8.24746438e+000 7.14968773e+000 1.53971521e+001
 2.16769893e+000 -9.11536583e+000 7.22715726e+000 1.63425231e+001
 2.19911486e+000 -8.59734356e+000 7.29492939e+000 1.58922729e+001
 2.23053078e+000 -6.48468936e+000 7.35223721e+000 1.38369266e+001
 2.26194671e+000 -2.73434759e+000 7.39828542e+000 1.01326330e+001
 2.29336264e+000 2.50661348e+000 7.43225005e+000 4.92563657e+000
 2.32477856e+000 8.90019131e+000 7.45327834e+000 1.44691297e+000
 2.35619449e+000 1.59423673e+001 7.46048854e+000 8.48187880e+000
 2.38761042e+000 2.30121418e+001 7.45296991e+000 1.55591719e+001
 2.41902634e+000 2.94394000e+001 7.42978262e+000 2.20096174e+001
 2.45044227e+000 3.45832375e+001 7.38995783e+000 2.71932797e+001
 2.48185820e+000 3.79103897e+001 7.33249776e+000 3.05778920e+001
 2.51327412e+000 3.90628994e+001 7.25637583e+000 3.18065235e+001
 2.54469005e+000 3.79052627e+001 7.16053693e+000 3.07447258e+001
 2.57610598e+000 3.45439222e+001 7.04389766e+000 2.75000246e+001
 2.60752190e+000 2.93157624e+001 6.90534676e+000 2.24104156e+001
 2.63893783e+000 2.27466797e+001 6.74374551e+000 1.60029342e+001
 2.67035376e+000 1.54856597e+001 6.55792832e+000 8.92773133e+000
 2.70176968e+000 8.22343608e+000 6.34670335e+000 1.87673273e+000
 2.73318561e+000 1.60714157e+000 6.10885319e+000 4.50171162e+000
 2.76460154e+000 -3.83700475e+000 5.84313575e+000 9.68014049e+000
 2.79601746e+000 -7.76211079e+000 5.54828513e+000 1.33103959e+001
 2.82743339e+000 -1.00321162e+001 5.22301271e+000 1.52551289e+001
 2.85884931e+000 -1.07224677e+001 4.86600825e+000 1.55884760e+001
 2.89026524e+000 -1.00907412e+001 4.47594118e+000 1.45666824e+001
 2.92168117e+000 -8.52255927e+000 4.05146201e+000 1.25740213e+001
 2.95309709e+000 -6.46187316e+000 3.59120382e+000 1.00530770e+001
 2.98451302e+000 -4.33695962e+000 3.09378392e+000 7.43074353e+000
 3.01592895e+000 -2.49395458e+000 2.55780566e+000 5.05176024e+000
 3.04734487e+000 -1.14833454e+000 1.98186037e+000 3.13019491e+000
 3.07876080e+000 -3.61686565e-001 1.36452942e+000 1.72621598e+000
 3.11017673e+000 -4.68746885e-002 7.04386497e-001 7.51261186e-001
 3.14159265e+000 1.63403103e-014 2.83382392e-015 1.35064863e-014
