 0.00000000e+000 0.00000000e+000 0.00000000e+000 0.00000000e+000
 3.14159265e-002 3.23606457e-002 3.24132214e-002 5.25756246e-005
 6.28318531e-002 6.87699904e-002 6.68623449e-002 1.90764553e-003
 9.42477796e-002 1.11994789e-001 1.03409224e-001 8.58556447e-003
 1.25663706e-001 1.62711419e-001 1.42115451e-001 2.05959673e-002
 1.57079633e-001 2.19463299e-001 1.83042214e-001 3.64210856e-002
 1.88495559e-001 2.79384525e-001 2.26250143e-001 5.31343816e-002
 2.19911486e-001 3.39400534e-001 2.71799158e-001 6.76013766e-002
 2.51327412e-001 3.97441334e-001 3.19748292e-001 7.76930421e-002
 2.82743339e-001 4.53208542e-001 3.70155520e-001 8.30530216e-002
 3.14159265e-001 5.08220172e-001 4.23077568e-001 8.51426042e-002
 3.45575192e-001 5.65143533e-001 4.78569719e-001 8.65738138e-002
 3.76991118e-001 6.26703680e-001 5.36685605e-001 9.00180744e-002
 4.08407045e-001 6.94614170e-001 5.97476992e-001 9.71371777e-002
 4.39822972e-001 7.68956992e-001 6.60993554e-001 1.07963438e-001
 4.71238898e-001 8.48249548e-001 7.27282634e-001 1.20966914e-001
 5.02654825e-001 9.30155226e-001 7.96388999e-001 1.33766227e-001
 5.34070751e-001 1.01253349e+000 8.68354578e-001 1.44178914e-001
 5.65486678e-001 1.09438988e+000 9.43218198e-001 1.51171686e-001
 5.96902604e-001 1.17632986e+000 1.02101530e+000 1.55314562e-001
 6.28318531e-001 1.26032528e+000 1.10177764e+000 1.58547638e-001
 6.59734457e-001 1.34888586e+000 1.18553302e+000 1.63352843e-001
 6.91150384e-001 1.44397552e+000 1.27230491e+000 1.71670612e-001
 7.22566310e-001 1.54612449e+000 1.36211218e+000 1.84012308e-001
 7.53982237e-001 1.65411571e+000 1.45496874e+000 1.99146971e-001
 7.85398163e-001 1.76539564e+000 1.55088320e+000 2.14512444e-001
 8.16814090e-001 1.87706504e+000 1.64985847e+000 2.27206577e-001
 8.48230016e-001 1.98706346e+000 1.75189144e+000 2.35172018e-001
 8.79645943e-001 2.09506968e+000 1.85697256e+000 2.38097119e-001
 9.11061870e-001 2.20274092e+000 1.96508546e+000 2.37655463e-001
 9.42477796e-001 2.31316773e+000 2.07620652e+000 2.36961212e-001
 9.73893723e-001 2.42973266e+000 2.19030447e+000 2.39428188e-001
 1.00530965e+000 2.55480397e+000 2.30733996e+000 2.47464019e-001
 1.03672558e+000 2.68877350e+000 2.42726507e+000 2.61508433e-001
 1.06814150e+000 2.82982514e+000 2.55002291e+000 2.79802224e-001
 1.09955743e+000 2.97454241e+000 2.67554714e+000 2.98995264e-001
 1.13097336e+000 3.11913677e+000 2.80376147e+000 3.15375296e-001
 1.16238928e+000 3.26083167e+000 2.93457919e+000 3.26252483e-001
 1.19380521e+000 3.39886928e+000 3.06790264e+000 3.30966636e-001
 1.22522113e+000 3.53474724e+000 3.20362276e+000 3.31124486e-001
 1.25663706e+000 3.67158949e+000 3.34161850e+000 3.29970991e-001
 1.28805299e+000 3.81289288e+000 3.48175637e+000 3.31136515e-001
 1.31946891e+000 3.96113759e+000 3.62388980e+000 3.37247789e-001
 1.35088484e+000 4.11680510e+000 3.76785871e+000 3.48946390e-001
 1.38230077e+000 4.27818829e+000 3.91348887e+000 3.64699418e-001
 1.41371669e+000 4.44206524e+000 4.06059136e+000 3.81473880e-001
 1.44513262e+000 4.60496371e+000 4.20896203e+000 3.96001682e-001
 1.47654855e+000 4.76450445e+000 4.35838090e+000 4.06123553e-001
 1.50796447e+000 4.92027637e+000 4.50861158e+000 4.11664791e-001
 1.53938040e+000 5.07388169e+000 4.65940072e+000 4.14480974e-001
 1.57079633e+000 5.22812431e+000 4.81047738e+000 4.17646933e-001
 1.60221225e+000 5.38566713e+000 4.96155248e+000 4.24114648e-001
 1.63362818e+000 5.54771104e+000 5.11231819e+000 4.35392851e-001
 1.66504411e+000 5.71325457e+000 5.26244735e+000 4.50807222e-001
 1.69646003e+000 5.87926946e+000 5.41159287e+000 4.67676586e-001
 1.72787596e+000 6.04175834e+000 5.55938719e+000 4.82371152e-001
 1.75929189e+000 6.19729103e+000 5.70544161e+000 4.91849418e-001
 1.79070781e+000 6.34439737e+000 5.84934583e+000 4.95051534e-001
 1.82212374e+000 6.48422126e+000 5.99066728e+000 4.93553977e-001
 1.85353967e+000 6.62011356e+000 6.12895062e+000 4.91162944e-001
 1.88495559e+000 6.75625923e+000 6.26371715e+000 4.92542085e-001
 1.91637152e+000 6.89583598e+000 6.39446431e+000 5.01371672e-001
 1.94778745e+000 7.03942283e+000 6.52066514e+000 5.18757689e-001
 1.97920337e+000 7.18432046e+000 6.64176775e+000 5.42552707e-001
 2.01061930e+000 7.32511916e+000 6.75719486e+000 5.67924304e-001
 2.04203522e+000 7.45537132e+000 6.86634331e+000 5.89028006e-001
 2.07345115e+000 7.56977712e+000 6.96858362e+000 6.01193495e-001
 2.10486708e+000 7.66605448e+000 7.06325955e+000 6.02794921e-001
 2.13628300e+000 7.74574160e+000 7.14968773e+000 5.96053869e-001
 2.16769893e+000 7.81355930e+000 7.22715726e+000 5.86402042e-001
 2.19911486e+000 7.87550538e+000 7.29492939e+000 5.80575998e-001
 2.23053078e+000 7.93635895e+000 7.35223721e+000 5.84121737e-001
 2.26194671e+000 7.99753701e+000 7.39828542e+000 5.99251593e-001
 2.29336264e+000 8.05615373e+000 7.43225005e+000 6.23903671e-001
 2.32477856e+000 8.10570144e+000 7.45327834e+000 6.52423103e-001
 2.35619449e+000 8.13815559e+000 7.46048854e+000 6.77667052e-001
 2.38761042e+000 8.14673455e+000 7.45296991e+000 6.93764642e-001
 2.41902634e+000 8.12824868e+000 7.42978262e+000 6.98466057e-001
 2.45044227e+000 8.08408147e+000 7.38995783e+000 6.94123634e-001
 2.48185820e+000 8.01933996e+000 7.33249776e+000 6.86842199e-001
 2.51327412e+000 7.94041963e+000 7.25637583e+000 6.84043799e-001
 2.54469005e+000 7.85188439e+000 7.16053693e+000 6.91347463e-001
 2.57610598e+000 7.75390314e+000 7.04389766e+000 7.10005474e-001
 2.60752190e+000 7.64135442e+000 6.90534676e+000 7.36007665e-001
 2.63893783e+000 7.50512628e+000 6.74374551e+000 7.61380774e-001
 2.67035376e+000 7.33529329e+000 6.55792832e+000 7.77364967e-001
 2.70176968e+000 7.12505613e+000 6.34670335e+000 7.78352787e-001
 2.73318561e+000 6.87389368e+000 6.10885319e+000 7.65040491e-001
 2.76460154e+000 6.58850358e+000 5.84313575e+000 7.45367835e-001
 2.79601746e+000 6.28079816e+000 5.54828513e+000 7.32513026e-001
 2.82743339e+000 5.96326941e+000 5.22301271e+000 7.40256706e-001
 2.85884931e+000 5.64308392e+000 4.86600825e+000 7.77075671e-001
 2.89026524e+000 5.31693025e+000 4.47594118e+000 8.40989064e-001
 2.92168117e+000 4.96864463e+000 4.05146201e+000 9.17182616e-001
 2.95309709e+000 4.57092550e+000 3.59120382e+000 9.79721681e-001
 2.98451302e+000 4.09120655e+000 3.09378392e+000 9.97422636e-001
 3.01592895e+000 3.50037793e+000 2.55780566e+000 9.42572267e-001
 3.04734487e+000 2.78198551e+000 1.98186037e+000 8.00125141e-001
 3.07876080e+000 1.93917403e+000 1.36452942e+000 5.74644609e-001
 3.11017673e+000 9.97129365e-001 7.04386497e-001 2.92742868e-001
 3.14159265e+000 1.68770047e-015 2.83382392e-015 1.14612346e-015
