 0.00000000e+000 0.00000000e+000 0.00000000e+000 0.00000000e+000
 3.14159265e-002 8.44321771e-002 3.24132214e-002 5.20189557e-002
 6.28318531e-002 3.50240955e-001 6.68623449e-002 2.83378610e-001
 9.42477796e-002 7.41526263e-001 1.03409224e-001 6.38117039e-001
 1.25663706e-001 9.65222497e-001 1.42115451e-001 8.23107046e-001
 1.57079633e-001 7.46089142e-001 1.83042214e-001 5.63046928e-001
 1.88495559e-001 1.11840187e-001 2.26250143e-001 1.14409956e-001
 2.19911486e-001 -5.60442708e-001 2.71799158e-001 8.32241866e-001
 2.51327412e-001 -8.04683993e-001 3.19748292e-001 1.12443229e+000
 2.82743339e-001 -4.27682737e-001 3.70155520e-001 7.97838257e-001
 3.14159265e-001 3.35499916e-001 4.23077568e-001 8.75776519e-002
 3.45575192e-001 1.01328187e+000 4.78569719e-001 5.34712146e-001
 3.76991118e-001 1.27779551e+000 5.36685605e-001 7.41109902e-001
 4.08407045e-001 1.18523352e+000 5.97476992e-001 5.87756525e-001
 4.39822972e-001 1.06499866e+000 6.60993554e-001 4.04005110e-001
 4.71238898e-001 1.15869698e+000 7.27282634e-001 4.31414349e-001
 5.02654825e-001 1.34638412e+000 7.96388999e-001 5.49995126e-001
 5.34070751e-001 1.23860002e+000 8.68354578e-001 3.70245440e-001
 5.65486678e-001 5.89704294e-001 9.43218198e-001 3.53513904e-001
 5.96902604e-001 -3.28349304e-001 1.02101530e+000 1.34936460e+000
 6.28318531e-001 -7.74108350e-001 1.10177764e+000 1.87588599e+000
 6.59734457e-001 -6.24883782e-002 1.18553302e+000 1.24802140e+000
 6.91150384e-001 1.80131348e+000 1.27230491e+000 5.29008573e-001
 7.22566310e-001 3.91366790e+000 1.36211218e+000 2.55155572e+000
 7.53982237e-001 4.95328658e+000 1.45496874e+000 3.49831784e+000
 7.85398163e-001 4.08589796e+000 1.55088320e+000 2.53501476e+000
 8.16814090e-001 1.65027334e+000 1.64985847e+000 4.14867739e-004
 8.48230016e-001 -9.23588062e-001 1.75189144e+000 2.67547950e+000
 8.79645943e-001 -1.98315697e+000 1.85697256e+000 3.84012953e+000
 9.11061870e-001 -7.43325997e-001 1.96508546e+000 2.70841146e+000
 9.42477796e-001 2.16208524e+000 2.07620652e+000 8.58787180e-002
 9.73893723e-001 5.06814675e+000 2.19030447e+000 2.87784227e+000
 1.00530965e+000 6.34884309e+000 2.30733996e+000 4.04150314e+000
 1.03672558e+000 5.43684424e+000 2.42726507e+000 3.00957917e+000
 1.06814150e+000 3.11275051e+000 2.55002291e+000 5.62727596e-001
 1.09955743e+000 9.12941563e-001 2.67554714e+000 1.76260558e+000
 1.13097336e+000 1.12953340e-001 2.80376147e+000 2.69080813e+000
 1.16238928e+000 9.91646425e-001 2.93457919e+000 1.94293276e+000
 1.19380521e+000 2.82017873e+000 3.06790264e+000 2.47723911e-001
 1.22522113e+000 4.47978164e+000 3.20362276e+000 1.27615889e+000
 1.25663706e+000 5.20578228e+000 3.34161850e+000 1.86416378e+000
 1.28805299e+000 4.95421967e+000 3.48175637e+000 1.47246331e+000
 1.31946891e+000 4.23546463e+000 3.62388980e+000 6.11574821e-001
 1.35088484e+000 3.65154209e+000 3.76785871e+000 1.16316626e-001
 1.38230077e+000 3.51848158e+000 3.91348887e+000 3.95007290e-001
 1.41371669e+000 3.79418409e+000 4.06059136e+000 2.66407268e-001
 1.44513262e+000 4.25198143e+000 4.20896203e+000 4.30194002e-002
 1.47654855e+000 4.68396190e+000 4.35838090e+000 3.25581003e-001
 1.50796447e+000 4.98009897e+000 4.50861158e+000 4.71487391e-001
 1.53938040e+000 5.09982857e+000 4.65940072e+000 4.40427853e-001
 1.57079633e+000 5.04833302e+000 4.81047738e+000 2.37855640e-001
 1.60221225e+000 4.91178491e+000 4.96155248e+000 4.97675662e-002
 1.63362818e+000 4.88350070e+000 5.11231819e+000 2.28817492e-001
 1.66504411e+000 5.17985109e+000 5.26244735e+000 8.25962557e-002
 1.69646003e+000 5.85487811e+000 5.41159287e+000 4.43285232e-001
 1.72787596e+000 6.66800088e+000 5.55938719e+000 1.10861369e+000
 1.75929189e+000 7.17312789e+000 5.70544161e+000 1.46768628e+000
 1.79070781e+000 7.02703552e+000 5.84934583e+000 1.17768969e+000
 1.82212374e+000 6.29506988e+000 5.99066728e+000 3.04402599e-001
 1.85353967e+000 5.47738639e+000 6.12895062e+000 6.51564225e-001
 1.88495559e+000 5.17887101e+000 6.26371715e+000 1.08484614e+000
 1.91637152e+000 5.65605159e+000 6.39446431e+000 7.38412722e-001
 1.94778745e+000 6.61887542e+000 6.52066514e+000 9.82102783e-002
 1.97920337e+000 7.48184433e+000 6.64176775e+000 8.40076578e-001
 2.01061930e+000 7.87067518e+000 6.75719486e+000 1.11348032e+000
 2.04203522e+000 7.93220845e+000 6.86634331e+000 1.06586513e+000
 2.07345115e+000 8.12973576e+000 6.96858362e+000 1.16115214e+000
 2.10486708e+000 8.66647758e+000 7.06325955e+000 1.60321803e+000
 2.13628300e+000 9.08095419e+000 7.14968773e+000 1.93126646e+000
 2.16769893e+000 8.50363698e+000 7.22715726e+000 1.27647972e+000
 2.19911486e+000 6.51559843e+000 7.29492939e+000 7.79330951e-001
 2.23053078e+000 3.92388920e+000 7.35223721e+000 3.42834801e+000
 2.26194671e+000 2.63786979e+000 7.39828542e+000 4.76041563e+000
 2.29336264e+000 4.43231097e+000 7.43225005e+000 2.99993909e+000
 2.32477856e+000 9.34114737e+000 7.45327834e+000 1.88786903e+000
 2.35619449e+000 1.49700074e+001 7.46048854e+000 7.50951888e+000
 2.38761042e+000 1.75797213e+001 7.45296991e+000 1.01267513e+001
 2.41902634e+000 1.45375146e+001 7.42978262e+000 7.10773197e+000
 2.45044227e+000 6.53588665e+000 7.38995783e+000 8.54071186e-001
 2.48185820e+000 -2.17332389e+000 7.33249776e+000 9.50582165e+000
 2.51327412e+000 -6.08694651e+000 7.25637583e+000 1.33433223e+001
 2.54469005e+000 -2.03726999e+000 7.16053693e+000 9.19780692e+000
 2.57610598e+000 8.33815498e+000 7.04389766e+000 1.29425732e+000
 2.60752190e+000 1.91353498e+001 6.90534676e+000 1.22300030e+001
 2.63893783e+000 2.36736333e+001 6.74374551e+000 1.69298878e+001
 2.67035376e+000 1.87832496e+001 6.55792832e+000 1.22253213e+001
 2.70176968e+000 7.01833439e+000 6.34670335e+000 6.71631047e-001
 2.73318561e+000 -4.80295704e+000 6.10885319e+000 1.09118102e+001
 2.76460154e+000 -9.86614420e+000 5.84313575e+000 1.57092799e+001
 2.79601746e+000 -5.62938908e+000 5.54828513e+000 1.11776742e+001
 2.82743339e+000 4.73651710e+000 5.22301271e+000 4.86495607e-001
 2.85884931e+000 1.46255149e+001 4.86600825e+000 9.75950662e+000
 2.89026524e+000 1.83384904e+001 4.47594118e+000 1.38625492e+001
 2.92168117e+000 1.45004059e+001 4.05146201e+000 1.04489439e+001
 2.95309709e+000 6.35290310e+000 3.59120382e+000 2.76169928e+000
 2.98451302e+000 -9.84308348e-001 3.09378392e+000 4.07809227e+000
 3.01592895e+000 -4.09482581e+000 2.55780566e+000 6.65263147e+000
 3.04734487e+000 -3.10770218e+000 1.98186037e+000 5.08956254e+000
 3.07876080e+000 -7.25388639e-001 1.36452942e+000 2.08991806e+000
 3.11017673e+000 4.50549110e-001 7.04386497e-001 2.53837387e-001
 3.14159265e+000 -1.75219019e-014 2.83382392e-015 2.03557259e-014
