 0.00000000e+000 0.00000000e+000 0.00000000e+000 0.00000000e+000
 3.14159265e-002 3.12221911e-002 3.24132214e-002 1.19103023e-003
 6.28318531e-002 6.41798152e-002 6.68623449e-002 2.68252967e-003
 9.42477796e-002 1.00157373e-001 1.03409224e-001 3.25185156e-003
 1.25663706e-001 1.39697842e-001 1.42115451e-001 2.41760958e-003
 1.57079633e-001 1.82572796e-001 1.83042214e-001 4.69417152e-004
 1.88495559e-001 2.28016477e-001 2.26250143e-001 1.76633392e-003
 2.19911486e-001 2.75129700e-001 2.71799158e-001 3.33054241e-003
 2.51327412e-001 3.23298727e-001 3.19748292e-001 3.55043508e-003
 2.82743339e-001 3.72472705e-001 3.70155520e-001 2.31718474e-003
 3.14159265e-001 4.23200930e-001 4.23077568e-001 1.23362175e-004
 3.45575192e-001 4.76425280e-001 4.78569719e-001 2.14443922e-003
 3.76991118e-001 5.33117216e-001 5.36685605e-001 3.56838935e-003
 4.08407045e-001 5.93906770e-001 5.97476992e-001 3.57022283e-003
 4.39822972e-001 6.58850924e-001 6.60993554e-001 2.14263023e-003
 4.71238898e-001 7.27431624e-001 7.27282634e-001 1.48989646e-004
 5.02654825e-001 7.98782063e-001 7.96388999e-001 2.39306465e-003
 5.34070751e-001 8.72049908e-001 8.68354578e-001 3.69532959e-003
 5.65486678e-001 9.46752775e-001 9.43218198e-001 3.53457732e-003
 5.96902604e-001 1.02298518e+000 1.02101530e+000 1.96987977e-003
 6.28318531e-001 1.10139531e+000 1.10177764e+000 3.82330825e-004
 6.59734457e-001 1.18294112e+000 1.18553302e+000 2.59190139e-003
 6.91150384e-001 1.26852204e+000 1.27230491e+000 3.78286470e-003
 7.22566310e-001 1.35863191e+000 1.36211218e+000 3.48026658e-003
 7.53982237e-001 1.45316980e+000 1.45496874e+000 1.79893974e-003
 7.85398163e-001 1.55148366e+000 1.55088320e+000 6.00467614e-004
 8.16814090e-001 1.65262967e+000 1.64985847e+000 2.77120449e-003
 8.48230016e-001 1.75574523e+000 1.75189144e+000 3.85379295e-003
 8.79645943e-001 1.86038855e+000 1.85697256e+000 3.41598915e-003
 9.11061870e-001 1.96671054e+000 1.96508546e+000 1.62508140e-003
 9.42477796e-001 2.07539053e+000 2.07620652e+000 8.15993380e-004
 9.73893723e-001 2.18736015e+000 2.19030447e+000 2.94432880e-003
 1.00530965e+000 2.30342342e+000 2.30733996e+000 3.91653308e-003
 1.03672558e+000 2.42392241e+000 2.42726507e+000 3.34265789e-003
 1.06814150e+000 2.54858038e+000 2.55002291e+000 1.44252978e-003
 1.09955743e+000 2.67658526e+000 2.67554714e+000 1.03811597e-003
 1.13097336e+000 2.80688131e+000 2.80376147e+000 3.11983181e-003
 1.16238928e+000 2.93855489e+000 2.93457919e+000 3.97570803e-003
 1.19380521e+000 3.07116223e+000 3.06790264e+000 3.25959078e-003
 1.22522113e+000 3.20486890e+000 3.20362276e+000 1.24614789e-003
 1.25663706e+000 3.34034464e+000 3.34161850e+000 1.27386807e-003
 1.28805299e+000 3.47845291e+000 3.48175637e+000 3.30345540e-003
 1.31946891e+000 3.61985660e+000 3.62388980e+000 4.03320081e-003
 1.35088484e+000 3.76469488e+000 3.76785871e+000 3.16383378e-003
 1.38230077e+000 3.91245975e+000 3.91348887e+000 1.02912160e-003
 1.41371669e+000 4.06212272e+000 4.06059136e+000 1.53135680e-003
 1.44513262e+000 4.21246344e+000 4.20896203e+000 3.50141264e-003
 1.47654855e+000 4.36247166e+000 4.35838090e+000 4.09075961e-003
 1.50796447e+000 4.51166335e+000 4.50861158e+000 3.05177128e-003
 1.53938040e+000 4.66018443e+000 4.65940072e+000 7.83714102e-004
 1.57079633e+000 4.80865799e+000 4.81047738e+000 1.81938998e-003
 1.60221225e+000 4.95783268e+000 4.96155248e+000 3.71979848e-003
 1.63362818e+000 5.10816948e+000 5.11231819e+000 4.14871431e-003
 1.66504411e+000 5.25953037e+000 5.26244735e+000 2.91697230e-003
 1.69646003e+000 5.41109443e+000 5.41159287e+000 4.98441472e-004
 1.72787596e+000 5.56153765e+000 5.55938719e+000 2.15045980e-003
 1.75929189e+000 5.70940871e+000 5.70544161e+000 3.96709518e-003
 1.79070781e+000 5.85355332e+000 5.84934583e+000 4.20749209e-003
 1.82212374e+000 5.99341784e+000 5.99066728e+000 2.75056283e-003
 1.85353967e+000 6.12910824e+000 6.12895062e+000 1.57628907e-004
 1.88495559e+000 6.26117590e+000 6.26371715e+000 2.54124893e-003
 1.91637152e+000 6.39021051e+000 6.39446431e+000 4.25380293e-003
 1.94778745e+000 6.51639952e+000 6.52066514e+000 4.26562075e-003
 1.97920337e+000 6.63923034e+000 6.64176775e+000 2.53741126e-003
 2.01061930e+000 6.75745849e+000 6.75719486e+000 2.63630032e-004
 2.04203522e+000 6.86936090e+000 6.86634331e+000 3.01758720e-003
 2.07345115e+000 6.97317930e+000 6.96858362e+000 4.59568071e-003
 2.10486708e+000 7.06757951e+000 7.06325955e+000 4.31995082e-003
 2.13628300e+000 7.15194078e+000 7.14968773e+000 2.25304625e-003
 2.16769893e+000 7.22635257e+000 7.22715726e+000 8.04690694e-004
 2.19911486e+000 7.29131012e+000 7.29492939e+000 3.61926935e-003
 2.23053078e+000 7.34722221e+000 7.35223721e+000 5.01500520e-003
 2.26194671e+000 7.39392458e+000 7.39828542e+000 4.36084410e-003
 2.29336264e+000 7.43039774e+000 7.43225005e+000 1.85231841e-003
 2.32477856e+000 7.45481302e+000 7.45327834e+000 1.53468106e-003
 2.35619449e+000 7.46490249e+000 7.46048854e+000 4.41394686e-003
 2.38761042e+000 7.45851618e+000 7.45296991e+000 5.54626933e-003
 2.41902634e+000 7.43414697e+000 7.42978262e+000 4.36434615e-003
 2.45044227e+000 7.39120518e+000 7.38995783e+000 1.24734772e-003
 2.48185820e+000 7.32991521e+000 7.33249776e+000 2.58254899e-003
 2.51327412e+000 7.25085371e+000 7.25637583e+000 5.52212320e-003
 2.54469005e+000 7.15429711e+000 7.16053693e+000 6.23981876e-003
 2.57610598e+000 7.03963588e+000 7.04389766e+000 4.26177775e-003
 2.60752190e+000 6.90510432e+000 6.90534676e+000 2.42438710e-004
 2.63893783e+000 6.74796435e+000 6.74374551e+000 4.21884712e-003
 2.67035376e+000 6.56510706e+000 6.55792832e+000 7.17874091e-003
 2.70176968e+000 6.35386042e+000 6.34670335e+000 7.15706858e-003
 2.73318561e+000 6.11268686e+000 6.10885319e+000 3.83366628e-003
 2.76460154e+000 5.84146615e+000 5.84313575e+000 1.66959458e-003
 2.79601746e+000 5.54119413e+000 5.54828513e+000 7.09100240e-003
 2.82743339e+000 5.21314511e+000 5.22301271e+000 9.86759825e-003
 2.85884931e+000 4.85776969e+000 4.86600825e+000 8.23855995e-003
 2.89026524e+000 4.47374559e+000 4.47594118e+000 2.19559044e-003
 2.92168117e+000 4.05760595e+000 4.05146201e+000 6.14393426e-003
 2.95309709e+000 3.60422007e+000 3.59120382e+000 1.30162499e-002
 2.98451302e+000 3.10813672e+000 3.09378392e+000 1.43528064e-002
 3.01592895e+000 2.56550171e+000 2.55780566e+000 7.69604624e-003
 3.04734487e+000 1.97603151e+000 1.98186037e+000 5.82886271e-003
 3.07876080e+000 1.34444605e+000 1.36452942e+000 2.00833725e-002
 3.11017673e+000 6.80872136e-001 7.04386497e-001 2.35143614e-002
 3.14159265e+000 1.72525936e-015 2.83382392e-015 1.10856457e-015
