 0.00000000e+000 0.00000000e+000 0.00000000e+000 0.00000000e+000
 3.14159265e-002 5.73876228e-002 3.24132214e-002 2.49744014e-002
 6.28318531e-002 1.11542886e-001 6.68623449e-002 4.46805407e-002
 9.42477796e-002 1.60625566e-001 1.03409224e-001 5.72163419e-002
 1.25663706e-001 2.05046402e-001 1.42115451e-001 6.29309505e-002
 1.57079633e-001 2.47460328e-001 1.83042214e-001 6.44181148e-002
 1.88495559e-001 2.91888571e-001 2.26250143e-001 6.56384279e-002
 2.19911486e-001 3.42293793e-001 2.71799158e-001 7.04946352e-002
 2.51327412e-001 4.01141503e-001 3.19748292e-001 8.13932107e-002
 2.82743339e-001 4.68490388e-001 3.70155520e-001 9.83348674e-002
 3.14159265e-001 5.41960054e-001 4.23077568e-001 1.18882486e-001
 3.45575192e-001 6.17598955e-001 4.78569719e-001 1.39029236e-001
 3.76991118e-001 6.91339473e-001 5.36685605e-001 1.54653868e-001
 4.08407045e-001 7.60506702e-001 5.97476992e-001 1.63029710e-001
 4.39822972e-001 8.24824896e-001 6.60993554e-001 1.63831342e-001
 4.71238898e-001 8.86549641e-001 7.27282634e-001 1.59267007e-001
 5.02654825e-001 9.49676386e-001 7.96388999e-001 1.53287387e-001
 5.34070751e-001 1.01851706e+000 8.68354578e-001 1.50162482e-001
 5.65486678e-001 1.09616947e+000 9.43218198e-001 1.52951276e-001
 5.96902604e-001 1.18344254e+000 1.02101530e+000 1.62427239e-001
 6.28318531e-001 1.27863009e+000 1.10177764e+000 1.76852447e-001
 6.59734457e-001 1.37821093e+000 1.18553302e+000 1.92677916e-001
 6.91150384e-001 1.47820981e+000 1.27230491e+000 2.05904904e-001
 7.22566310e-001 1.57571102e+000 1.36211218e+000 2.13598841e-001
 7.53982237e-001 1.66996278e+000 1.45496874e+000 2.14994036e-001
 7.85398163e-001 1.76266567e+000 1.55088320e+000 2.11782474e-001
 8.16814090e-001 1.85734379e+000 1.64985847e+000 2.07485321e-001
 8.48230016e-001 1.95803843e+000 1.75189144e+000 2.06146992e-001
 8.79645943e-001 2.06781436e+000 1.85697256e+000 2.10841803e-001
 9.11061870e-001 2.18763513e+000 1.96508546e+000 2.22549670e-001
 9.42477796e-001 2.31602286e+000 2.07620652e+000 2.39816341e-001
 9.73893723e-001 2.44962326e+000 2.19030447e+000 2.59318781e-001
 1.00530965e+000 2.58445824e+000 2.30733996e+000 2.77118282e-001
 1.03672558e+000 2.71739394e+000 2.42726507e+000 2.90128876e-001
 1.06814150e+000 2.84727428e+000 2.55002291e+000 2.97251369e-001
 1.09955743e+000 2.97529882e+000 2.67554714e+000 2.99751679e-001
 1.13097336e+000 3.10450871e+000 2.80376147e+000 3.00747234e-001
 1.16238928e+000 3.23857894e+000 2.93457919e+000 3.03999756e-001
 1.19380521e+000 3.38037409e+000 3.06790264e+000 3.12471455e-001
 1.22522113e+000 3.53081099e+000 3.20362276e+000 3.27188233e-001
 1.25663706e+000 3.68845458e+000 3.34161850e+000 3.46836076e-001
 1.28805299e+000 3.84999653e+000 3.48175637e+000 3.68240169e-001
 1.31946891e+000 4.01143423e+000 3.62388980e+000 3.87544426e-001
 1.35088484e+000 4.16950521e+000 3.76785871e+000 4.01646493e-001
 1.38230077e+000 4.32283698e+000 3.91348887e+000 4.09348114e-001
 1.41371669e+000 4.47237968e+000 4.06059136e+000 4.11788324e-001
 1.44513262e+000 4.62095884e+000 4.20896203e+000 4.11996814e-001
 1.47654855e+000 4.77211649e+000 4.35838090e+000 4.13735597e-001
 1.50796447e+000 4.92867653e+000 4.50861158e+000 4.20064948e-001
 1.53938040e+000 5.09157477e+000 4.65940072e+000 4.32174054e-001
 1.57079633e+000 5.25939591e+000 4.81047738e+000 4.48918534e-001
 1.60221225e+000 5.42879501e+000 4.96155248e+000 4.67242525e-001
 1.63362818e+000 5.59564910e+000 5.11231819e+000 4.83330906e-001
 1.66504411e+000 5.75650903e+000 5.26244735e+000 4.94061683e-001
 1.69646003e+000 5.90980575e+000 5.41159287e+000 4.98212873e-001
 1.72787596e+000 6.05635356e+000 5.55938719e+000 4.96966378e-001
 1.75929189e+000 6.19895322e+000 5.70544161e+000 4.93511607e-001
 1.79070781e+000 6.34123359e+000 5.84934583e+000 4.91887760e-001
 1.82212374e+000 6.48615813e+000 5.99066728e+000 4.95490847e-001
 1.85353967e+000 6.63475294e+000 6.12895062e+000 5.05802321e-001
 1.88495559e+000 6.78553754e+000 6.26371715e+000 5.21820397e-001
 1.91637152e+000 6.93488335e+000 6.39446431e+000 5.40419037e-001
 1.94778745e+000 7.07818135e+000 6.52066514e+000 5.57516211e-001
 1.97920337e+000 7.21139656e+000 6.64176775e+000 5.69628814e-001
 2.01061930e+000 7.33243439e+000 6.75719486e+000 5.75239530e-001
 2.04203522e+000 7.44180267e+000 6.86634331e+000 5.75459356e-001
 2.07345115e+000 7.54230362e+000 6.96858362e+000 5.73720001e-001
 2.10486708e+000 7.63784349e+000 7.06325955e+000 5.74583940e-001
 2.13628300e+000 7.73177635e+000 7.14968773e+000 5.82088613e-001
 2.16769893e+000 7.82538173e+000 7.22715726e+000 5.98224470e-001
 2.19911486e+000 7.91704396e+000 7.29492939e+000 6.22114574e-001
 2.23053078e+000 8.00246073e+000 7.35223721e+000 6.50223516e-001
 2.26194671e+000 8.07584302e+000 7.39828542e+000 6.77557601e-001
 2.29336264e+000 8.13170563e+000 7.43225005e+000 6.99455577e-001
 2.32477856e+000 8.16661810e+000 7.45327834e+000 7.13339769e-001
 2.35619449e+000 8.18027517e+000 7.46048854e+000 7.19786635e-001
 2.38761042e+000 8.17546339e+000 7.45296991e+000 7.22493488e-001
 2.41902634e+000 8.15687671e+000 7.42978262e+000 7.27094088e-001
 2.45044227e+000 8.12914115e+000 7.38995783e+000 7.39183322e-001
 2.48185820e+000 8.09470713e+000 7.33249776e+000 7.62209372e-001
 2.51327412e+000 8.05235018e+000 7.25637583e+000 7.95974345e-001
 2.54469005e+000 7.99685235e+000 7.16053693e+000 8.36315417e-001
 2.57610598e+000 7.92006402e+000 7.04389766e+000 8.76166358e-001
 2.60752190e+000 7.81308725e+000 6.90534676e+000 9.07740497e-001
 2.63893783e+000 7.66892466e+000 6.74374551e+000 9.25179150e-001
 2.67035376e+000 7.48473418e+000 6.55792832e+000 9.26805856e-001
 2.70176968e+000 7.26289284e+000 6.34670335e+000 9.16189494e-001
 2.73318561e+000 7.01039253e+000 6.10885319e+000 9.01539339e-001
 2.76460154e+000 6.73657895e+000 5.84313575e+000 8.93443205e-001
 2.79601746e+000 6.44975930e+000 5.54828513e+000 9.01474170e-001
 2.82743339e+000 6.15359224e+000 5.22301271e+000 9.30579530e-001
 2.85884931e+000 5.84431823e+000 4.86600825e+000 9.78309979e-001
 2.89026524e+000 5.50973922e+000 4.47594118e+000 1.03379804e+000
 2.92168117e+000 5.13044728e+000 4.05146201e+000 1.07898527e+000
 2.95309709e+000 4.68323588e+000 3.59120382e+000 1.09203206e+000
 2.98451302e+000 4.14605344e+000 3.09378392e+000 1.05226952e+000
 3.01592895e+000 3.50342509e+000 2.55780566e+000 9.45619427e-001
 3.04734487e+000 2.75108962e+000 1.98186037e+000 7.69229250e-001
 3.07876080e+000 1.89872326e+000 1.36452942e+000 5.34193846e-001
 3.11017673e+000 9.70022389e-001 7.04386497e-001 2.65635892e-001
 3.14159265e+000 1.88744131e-015 2.83382392e-015 9.46382613e-016
