 0.00000000e+000 0.00000000e+000 0.00000000e+000 0.00000000e+000
 3.14159265e-002 5.34601132e-002 3.24132214e-002 2.10468919e-002
 6.28318531e-002 1.06748513e-001 6.68623449e-002 3.98861684e-002
 9.42477796e-002 1.59704524e-001 1.03409224e-001 5.62952997e-002
 1.25663706e-001 2.12189198e-001 1.42115451e-001 7.00737470e-002
 1.57079633e-001 2.64095333e-001 1.83042214e-001 8.10531195e-002
 1.88495559e-001 3.15356488e-001 2.26250143e-001 8.91063447e-002
 2.19911486e-001 3.65954725e-001 2.71799158e-001 9.41555674e-002
 2.51327412e-001 4.15926818e-001 3.19748292e-001 9.61785253e-002
 2.82743339e-001 4.65368715e-001 3.70155520e-001 9.52131950e-002
 3.14159265e-001 5.14438119e-001 4.23077568e-001 9.13605512e-002
 3.45575192e-001 5.63355055e-001 4.78569719e-001 8.47853362e-002
 3.76991118e-001 6.12400398e-001 5.36685605e-001 7.57147932e-002
 4.08407045e-001 6.61912371e-001 5.97476992e-001 6.44353787e-002
 4.39822972e-001 7.12281079e-001 6.60993554e-001 5.12875241e-002
 4.71238898e-001 7.63941214e-001 7.27282634e-001 3.66585793e-002
 5.02654825e-001 8.17363118e-001 7.96388999e-001 2.09741194e-002
 5.34070751e-001 8.73042429e-001 8.68354578e-001 4.68785066e-003
 5.65486678e-001 9.31488589e-001 9.43218198e-001 1.17296094e-002
 5.96902604e-001 9.93212535e-001 1.02101530e+000 2.78027641e-002
 6.28318531e-001 1.05871390e+000 1.10177764e+000 4.30637429e-002
 6.59734457e-001 1.12846810e+000 1.18553302e+000 5.70649196e-002
 6.91150384e-001 1.20291363e+000 1.27230491e+000 6.93912800e-002
 7.22566310e-001 1.28244001e+000 1.36211218e+000 7.96721710e-002
 7.53982237e-001 1.36737666e+000 1.45496874e+000 8.75920812e-002
 7.85398163e-001 1.45798308e+000 1.55088320e+000 9.29001205e-002
 8.16814090e-001 1.55444057e+000 1.64985847e+000 9.54179005e-002
 8.48230016e-001 1.65684588e+000 1.75189144e+000 9.50455569e-002
 8.79645943e-001 1.76520686e+000 1.85697256e+000 9.17657023e-002
 9.11061870e-001 1.87944030e+000 1.96508546e+000 8.56451553e-002
 9.42477796e-001 1.99937217e+000 2.07620652e+000 7.68343461e-002
 9.73893723e-001 2.12474010e+000 2.19030447e+000 6.55643699e-002
 1.00530965e+000 2.25519824e+000 2.30733996e+000 5.21417161e-002
 1.03672558e+000 2.39032429e+000 2.42726507e+000 3.69407746e-002
 1.06814150e+000 2.52962863e+000 2.55002291e+000 2.03942784e-002
 1.09955743e+000 2.67256524e+000 2.67554714e+000 2.98190654e-003
 1.13097336e+000 2.81854415e+000 2.80376147e+000 1.47826757e-002
 1.16238928e+000 2.96694520e+000 2.93457919e+000 3.23660112e-002
 1.19380521e+000 3.11713255e+000 3.06790264e+000 4.92299127e-002
 1.22522113e+000 3.26846975e+000 3.20362276e+000 6.48469903e-002
 1.25663706e+000 3.42033473e+000 3.34161850e+000 7.87162237e-002
 1.28805299e+000 3.57213451e+000 3.48175637e+000 9.03781455e-002
 1.31946891e+000 3.72331901e+000 3.62388980e+000 9.94292035e-002
 1.35088484e+000 3.87339360e+000 3.76785871e+000 1.05534881e-001
 1.38230077e+000 4.02193005e+000 3.91348887e+000 1.08441182e-001
 1.41371669e+000 4.16857547e+000 4.06059136e+000 1.07984113e-001
 1.44513262e+000 4.31305888e+000 4.20896203e+000 1.04096849e-001
 1.47654855e+000 4.45519523e+000 4.35838090e+000 9.68143312e-002
 1.50796447e+000 4.59488665e+000 4.50861158e+000 8.62750719e-002
 1.53938040e+000 4.73212079e+000 4.65940072e+000 7.27200684e-002
 1.57079633e+000 4.86696613e+000 4.81047738e+000 5.64887487e-002
 1.60221225e+000 4.99956446e+000 4.96155248e+000 3.80119824e-002
 1.63362818e+000 5.13012045e+000 5.11231819e+000 1.78022578e-002
 1.66504411e+000 5.25888855e+000 5.26244735e+000 3.55879502e-003
 1.69646003e+000 5.38615760e+000 5.41159287e+000 2.54352746e-002
 1.72787596e+000 5.51223324e+000 5.55938719e+000 4.71539462e-002
 1.75929189e+000 5.63741876e+000 5.70544161e+000 6.80228509e-002
 1.79070781e+000 5.76199469e+000 5.84934583e+000 8.73511376e-002
 1.82212374e+000 5.88619766e+000 5.99066728e+000 1.04469617e-001
 1.85353967e+000 6.01019911e+000 6.12895062e+000 1.18751510e-001
 1.88495559e+000 6.13408432e+000 6.26371715e+000 1.29632824e-001
 1.91637152e+000 6.25783251e+000 6.39446431e+000 1.36631805e-001
 1.94778745e+000 6.38129825e+000 6.52066514e+000 1.39366887e-001
 1.97920337e+000 6.50419515e+000 6.64176775e+000 1.37572603e-001
 2.01061930e+000 6.62608192e+000 6.75719486e+000 1.31112942e-001
 2.04203522e+000 6.74635164e+000 6.86634331e+000 1.19991672e-001
 2.07345115e+000 6.86422439e+000 6.96858362e+000 1.04359234e-001
 2.10486708e+000 6.97874372e+000 7.06325955e+000 8.45158363e-002
 2.13628300e+000 7.08877722e+000 7.14968773e+000 6.09105127e-002
 2.16769893e+000 7.19302132e+000 7.22715726e+000 3.41359331e-002
 2.19911486e+000 7.29001048e+000 7.29492939e+000 4.91890202e-003
 2.23053078e+000 7.37813067e+000 7.35223721e+000 2.58934580e-002
 2.26194671e+000 7.45563714e+000 7.39828542e+000 5.73517235e-002
 2.29336264e+000 7.52067624e+000 7.43225005e+000 8.84261811e-002
 2.32477856e+000 7.57131086e+000 7.45327834e+000 1.18032528e-001
 2.35619449e+000 7.60554940e+000 7.46048854e+000 1.45060859e-001
 2.38761042e+000 7.62137737e+000 7.45296991e+000 1.68407467e-001
 2.41902634e+000 7.61679151e+000 7.42978262e+000 1.87008885e-001
 2.45044227e+000 7.58983538e+000 7.38995783e+000 1.99877550e-001
 2.48185820e+000 7.53863617e+000 7.33249776e+000 2.06138414e-001
 2.51327412e+000 7.46144161e+000 7.25637583e+000 2.05065778e-001
 2.54469005e+000 7.35665654e+000 7.16053693e+000 1.96119607e-001
 2.57610598e+000 7.22287824e+000 7.04389766e+000 1.78980577e-001
 2.60752190e+000 7.05892987e+000 6.90534676e+000 1.53583113e-001
 2.63893783e+000 6.86389120e+000 6.74374551e+000 1.20145695e-001
 2.67035376e+000 6.63712607e+000 6.55792832e+000 7.91977455e-002
 2.70176968e+000 6.37830583e+000 6.34670335e+000 3.16024866e-002
 2.73318561e+000 6.08742839e+000 6.10885319e+000 2.14247986e-002
 2.76460154e+000 5.76483217e+000 5.84313575e+000 7.83035775e-002
 2.79601746e+000 5.41120480e+000 5.54828513e+000 1.37080329e-001
 2.82743339e+000 5.02758617e+000 5.22301271e+000 1.95426541e-001
 2.85884931e+000 4.61536564e+000 4.86600825e+000 2.50642607e-001
 2.89026524e+000 4.17627349e+000 4.47594118e+000 2.99667695e-001
 2.92168117e+000 3.71236649e+000 4.05146201e+000 3.39095518e-001
 2.95309709e+000 3.22600798e+000 3.59120382e+000 3.65195836e-001
 2.98451302e+000 2.71984250e+000 3.09378392e+000 3.73941415e-001
 3.01592895e+000 2.19676563e+000 2.55780566e+000 3.61040032e-001
 3.04734487e+000 1.65988932e+000 1.98186037e+000 3.21971050e-001
 3.07876080e+000 1.11250345e+000 1.36452942e+000 2.52025968e-001
 3.11017673e+000 5.58034204e-001 7.04386497e-001 1.46352293e-001
 3.14159265e+000 1.77979892e-015 2.83382392e-015 1.05402500e-015
