 0.00000000e+000 0.00000000e+000 0.00000000e+000 0.00000000e+000
 3.14159265e-002 9.49266559e-002 3.24132214e-002 6.25134345e-002
 6.28318531e-002 1.80403494e-001 6.68623449e-002 1.13541149e-001
 9.42477796e-002 2.49025729e-001 1.03409224e-001 1.45616504e-001
 1.25663706e-001 2.97036443e-001 1.42115451e-001 1.54920991e-001
 1.57079633e-001 3.25141057e-001 1.83042214e-001 1.42098844e-001
 1.88495559e-001 3.38358356e-001 2.26250143e-001 1.12108212e-001
 2.19911486e-001 3.44941996e-001 2.71799158e-001 7.31428377e-002
 2.51327412e-001 3.54607844e-001 3.19748292e-001 3.48595517e-002
 2.82743339e-001 3.76452532e-001 3.70155520e-001 6.29701219e-003
 3.14159265e-001 4.17014783e-001 4.23077568e-001 6.06278498e-003
 3.45575192e-001 4.78899048e-001 4.78569719e-001 3.29328813e-004
 3.76991118e-001 5.60257963e-001 5.36685605e-001 2.35723582e-002
 4.08407045e-001 6.55243002e-001 5.97476992e-001 5.77660094e-002
 4.39822972e-001 7.55322292e-001 6.60993554e-001 9.43287372e-002
 4.71238898e-001 8.51176746e-001 7.27282634e-001 1.23894111e-001
 5.02654825e-001 9.34761157e-001 7.96388999e-001 1.38372158e-001
 5.34070751e-001 1.00108268e+000 8.68354578e-001 1.32728106e-001
 5.65486678e-001 1.04931235e+000 9.43218198e-001 1.06094152e-001
 5.96902604e-001 1.08299170e+000 1.02101530e+000 6.19764061e-002
 6.28318531e-001 1.10929444e+000 1.10177764e+000 7.51679435e-003
 6.59734457e-001 1.13750825e+000 1.18553302e+000 4.80247685e-002
 6.91150384e-001 1.17707078e+000 1.27230491e+000 9.52341272e-002
 7.22566310e-001 1.23558841e+000 1.36211218e+000 1.26523771e-001
 7.53982237e-001 1.31726763e+000 1.45496874e+000 1.37701111e-001
 7.85398163e-001 1.42209602e+000 1.55088320e+000 1.28787179e-001
 8.16814090e-001 1.54594384e+000 1.64985847e+000 1.03914632e-001
 8.48230016e-001 1.68155528e+000 1.75189144e+000 7.03361593e-002
 8.79645943e-001 1.82020390e+000 1.85697256e+000 3.67686617e-002
 9.11061870e-001 1.95364324e+000 1.96508546e+000 1.14422208e-002
 9.42477796e-001 2.07592175e+000 2.07620652e+000 2.84771191e-004
 9.73893723e-001 2.18466419e+000 2.19030447e+000 5.64028843e-003
 1.00530965e+000 2.28154200e+000 2.30733996e+000 2.57979541e-002
 1.03672558e+000 2.37183601e+000 2.42726507e+000 5.54290514e-002
 1.06814150e+000 2.46319557e+000 2.55002291e+000 8.68273466e-002
 1.09955743e+000 2.56387533e+000 2.67554714e+000 1.11671812e-001
 1.13097336e+000 2.68084480e+000 2.80376147e+000 1.22916674e-001
 1.16238928e+000 2.81819135e+000 2.93457919e+000 1.16387835e-001
 1.19380521e+000 2.97617057e+000 3.06790264e+000 9.17320698e-002
 1.22522113e+000 3.15111184e+000 3.20362276e+000 5.25109152e-002
 1.25663706e+000 3.33619630e+000 3.34161850e+000 5.42220297e-003
 1.28805299e+000 3.52292994e+000 3.48175637e+000 4.11735728e-002
 1.31946891e+000 3.70298048e+000 3.62388980e+000 7.90906781e-002
 1.35088484e+000 3.86996665e+000 3.76785871e+000 1.02107937e-001
 1.38230077e+000 4.02080016e+000 3.91348887e+000 1.07311292e-001
 1.41371669e+000 4.15628177e+000 4.06059136e+000 9.56904085e-002
 1.44513262e+000 4.28082009e+000 4.20896203e+000 7.18580602e-002
 1.47654855e+000 4.40133854e+000 4.35838090e+000 4.29576399e-002
 1.50796447e+000 4.52561771e+000 4.50861158e+000 1.70061261e-002
 1.53938040e+000 4.66044717e+000 4.65940072e+000 1.04645398e-003
 1.57079633e+000 4.81000359e+000 4.81047738e+000 4.73792924e-004
 1.60221225e+000 4.97482155e+000 4.96155248e+000 1.32690710e-002
 1.63362818e+000 5.15159086e+000 5.11231819e+000 3.92726665e-002
 1.66504411e+000 5.33382806e+000 5.26244735e+000 7.13807101e-002
 1.69646003e+000 5.51327323e+000 5.41159287e+000 1.01680354e-001
 1.72787596e+000 5.68169837e+000 5.55938719e+000 1.22311180e-001
 1.75929189e+000 5.83271932e+000 5.70544161e+000 1.27277701e-001
 1.79070781e+000 5.96319978e+000 5.84934583e+000 1.13853946e-001
 1.82212374e+000 6.07392544e+000 5.99066728e+000 8.32581580e-002
 1.85353967e+000 6.16938883e+000 6.12895062e+000 4.04382162e-002
 1.88495559e+000 6.25672546e+000 6.26371715e+000 6.99168544e-003
 1.91637152e+000 6.34403420e+000 6.39446431e+000 5.04301066e-002
 1.94778745e+000 6.43845676e+000 6.52066514e+000 8.22083781e-002
 1.97920337e+000 6.54444966e+000 6.64176775e+000 9.73180872e-002
 2.01061930e+000 6.66264383e+000 6.75719486e+000 9.45510272e-002
 2.04203522e+000 6.78955859e+000 6.86634331e+000 7.67847183e-002
 2.07345115e+000 6.91824699e+000 6.96858362e+000 5.03366354e-002
 2.10486708e+000 7.03973925e+000 7.06325955e+000 2.35203070e-002
 2.13628300e+000 7.14496818e+000 7.14968773e+000 4.71954957e-003
 2.16769893e+000 7.22674553e+000 7.22715726e+000 4.11724056e-004
 2.19911486e+000 7.28133915e+000 7.29492939e+000 1.35902338e-002
 2.23053078e+000 7.30928259e+000 7.35223721e+000 4.29546221e-002
 2.26194671e+000 7.31521524e+000 7.39828542e+000 8.30701849e-002
 2.29336264e+000 7.30676627e+000 7.43225005e+000 1.25483787e-001
 2.32477856e+000 7.29271249e+000 7.45327834e+000 1.60565851e-001
 2.35619449e+000 7.28080977e+000 7.46048854e+000 1.79678772e-001
 2.38761042e+000 7.27578167e+000 7.45296991e+000 1.77188233e-001
 2.41902634e+000 7.27792598e+000 7.42978262e+000 1.51856642e-001
 2.45044227e+000 7.28267332e+000 7.38995783e+000 1.07284516e-001
 2.48185820e+000 7.28122740e+000 7.33249776e+000 5.12703558e-002
 2.51327412e+000 7.26217710e+000 7.25637583e+000 5.80126081e-003
 2.54469005e+000 7.21374910e+000 7.16053693e+000 5.32121726e-002
 2.57610598e+000 7.12621600e+000 7.04389766e+000 8.23183428e-002
 2.60752190e+000 6.99392311e+000 6.90534676e+000 8.85763571e-002
 2.63893783e+000 6.81646405e+000 6.74374551e+000 7.27185472e-002
 2.67035376e+000 6.59870723e+000 6.55792832e+000 4.07789051e-002
 2.70176968e+000 6.34961910e+000 6.34670335e+000 2.91574984e-003
 2.73318561e+000 6.08009450e+000 6.10885319e+000 2.87586894e-002
 2.76460154e+000 5.80023198e+000 5.84313575e+000 4.29037613e-002
 2.79601746e+000 5.51663331e+000 5.54828513e+000 3.16518238e-002
 2.82743339e+000 5.23032762e+000 5.22301271e+000 7.31490964e-003
 2.85884931e+000 4.93581438e+000 4.86600825e+000 6.98061365e-002
 2.89026524e+000 4.62150354e+000 4.47594118e+000 1.45562354e-001
 2.92168117e+000 4.27154931e+000 4.05146201e+000 2.20087301e-001
 2.95309709e+000 3.86878306e+000 3.59120382e+000 2.77579247e-001
 2.98451302e+000 3.39821070e+000 3.09378392e+000 3.04426780e-001
 3.01592895e+000 2.85040345e+000 2.55780566e+000 2.92597789e-001
 3.04734487e+000 2.22410687e+000 1.98186037e+000 2.42246500e-001
 3.07876080e+000 1.52752582e+000 1.36452942e+000 1.62996403e-001
 3.11017673e+000 7.77988343e-001 7.04386497e-001 7.36018454e-002
 3.14159265e+000 2.07338450e-015 2.83382392e-015 7.60439420e-016
