 0.00000000e+000 0.00000000e+000 0.00000000e+000 0.00000000e+000
 3.14159265e-002 1.54205405e-002 3.24132214e-002 1.69926809e-002
 6.28318531e-002 4.02907120e-002 6.68623449e-002 2.65716329e-002
 9.42477796e-002 8.09247926e-002 1.03409224e-001 2.24844317e-002
 1.25663706e-001 1.38492231e-001 1.42115451e-001 3.62322027e-003
 1.57079633e-001 2.08844528e-001 1.83042214e-001 2.58023145e-002
 1.88495559e-001 2.84213838e-001 2.26250143e-001 5.79636945e-002
 2.19911486e-001 3.56136243e-001 2.71799158e-001 8.43370847e-002
 2.51327412e-001 4.18516794e-001 3.19748292e-001 9.87685014e-002
 2.82743339e-001 4.69723717e-001 3.70155520e-001 9.95681972e-002
 3.14159265e-001 5.12981622e-001 4.23077568e-001 8.99040533e-002
 3.45575192e-001 5.54979263e-001 4.78569719e-001 7.64095441e-002
 3.76991118e-001 6.03270579e-001 5.36685605e-001 6.65849739e-002
 4.08407045e-001 6.63479091e-001 5.97476992e-001 6.60020989e-002
 4.39822972e-001 7.37357544e-001 6.60993554e-001 7.63639897e-002
 4.71238898e-001 8.22398691e-001 7.27282634e-001 9.51160568e-002
 5.02654825e-001 9.13082652e-001 7.96388999e-001 1.16693653e-001
 5.34070751e-001 1.00321885e+000 8.68354578e-001 1.34864276e-001
 5.65486678e-001 1.08843654e+000 9.43218198e-001 1.45218344e-001
 5.96902604e-001 1.16784792e+000 1.02101530e+000 1.46832624e-001
 6.28318531e-001 1.24425670e+000 1.10177764e+000 1.42479053e-001
 6.59734457e-001 1.32287043e+000 1.18553302e+000 1.37337414e-001
 6.91150384e-001 1.40906646e+000 1.27230491e+000 1.36761548e-001
 7.22566310e-001 1.50612694e+000 1.36211218e+000 1.44014763e-001
 7.53982237e-001 1.61385918e+000 1.45496874e+000 1.58890432e-001
 7.85398163e-001 1.72865499e+000 1.55088320e+000 1.77771789e-001
 8.16814090e-001 1.84496428e+000 1.64985847e+000 1.95105816e-001
 8.48230016e-001 1.95759054e+000 1.75189144e+000 2.05699099e-001
 8.79645943e-001 2.06388469e+000 1.85697256e+000 2.06912126e-001
 9.11061870e-001 2.16494862e+000 1.96508546e+000 1.99863163e-001
 9.42477796e-001 2.26534671e+000 2.07620652e+000 1.89140186e-001
 9.73893723e-001 2.37141212e+000 2.19030447e+000 1.81107648e-001
 1.00530965e+000 2.48879316e+000 2.30733996e+000 1.81453207e-001
 1.03672558e+000 2.62019351e+000 2.42726507e+000 1.92928444e-001
 1.06814150e+000 2.76419735e+000 2.55002291e+000 2.14174443e-001
 1.09955743e+000 2.91565760e+000 2.67554714e+000 2.40110454e-001
 1.13097336e+000 3.06752243e+000 2.80376147e+000 2.63760951e-001
 1.16238928e+000 3.21341642e+000 2.93457919e+000 2.78837235e-001
 1.19380521e+000 3.34999486e+000 3.06790264e+000 2.82092223e-001
 1.22522113e+000 3.47817069e+000 3.20362276e+000 2.74547931e-001
 1.25663706e+000 3.60274281e+000 3.34161850e+000 2.61124310e-001
 1.28805299e+000 3.73056641e+000 3.48175637e+000 2.48810048e-001
 1.31946891e+000 3.86796368e+000 3.62388980e+000 2.44073873e-001
 1.35088484e+000 4.01836153e+000 3.76785871e+000 2.50502817e-001
 1.38230077e+000 4.18104940e+000 3.91348887e+000 2.67560535e-001
 1.41371669e+000 4.35151273e+000 4.06059136e+000 2.90921372e-001
 1.44513262e+000 4.52318708e+000 4.20896203e+000 3.14225049e-001
 1.47654855e+000 4.68993191e+000 4.35838090e+000 3.31551011e-001
 1.50796447e+000 4.84825435e+000 4.50861158e+000 3.39642768e-001
 1.53938040e+000 4.99842543e+000 4.65940072e+000 3.39024710e-001
 1.57079633e+000 5.14407828e+000 4.81047738e+000 3.33600896e-001
 1.60221225e+000 5.29048240e+000 4.96155248e+000 3.28929921e-001
 1.63362818e+000 5.44221103e+000 5.11231819e+000 3.29892841e-001
 1.66504411e+000 5.60115264e+000 5.26244735e+000 3.38705294e-001
 1.69646003e+000 5.76567049e+000 5.41159287e+000 3.54077616e-001
 1.72787596e+000 5.93124365e+000 5.55938719e+000 3.71856467e-001
 1.75929189e+000 6.09231756e+000 5.70544161e+000 3.86875945e-001
 1.79070781e+000 6.24459403e+000 5.84934583e+000 3.95248197e-001
 1.82212374e+000 6.38680242e+000 5.99066728e+000 3.96135137e-001
 1.85353967e+000 6.52119452e+000 6.12895062e+000 3.92243901e-001
 1.88495559e+000 6.65252051e+000 6.26371715e+000 3.88803365e-001
 1.91637152e+000 6.78586846e+000 6.39446431e+000 3.91404153e-001
 1.94778745e+000 6.92423355e+000 6.52066514e+000 4.03568414e-001
 1.97920337e+000 7.06682590e+000 6.64176775e+000 4.25058151e-001
 2.01061930e+000 7.20885979e+000 6.75719486e+000 4.51664934e-001
 2.04203522e+000 7.34298842e+000 6.86634331e+000 4.76645108e-001
 2.07345115e+000 7.46188107e+000 6.96858362e+000 4.93297450e-001
 2.10486708e+000 7.56095092e+000 7.06325955e+000 4.97691370e-001
 2.13628300e+000 7.64013426e+000 7.14968773e+000 4.90446526e-001
 2.16769893e+000 7.70395363e+000 7.22715726e+000 4.76796372e-001
 2.19911486e+000 7.75975151e+000 7.29492939e+000 4.64822127e-001
 2.23053078e+000 7.81470773e+000 7.35223721e+000 4.62470514e-001
 2.26194671e+000 7.87276625e+000 7.39828542e+000 4.74480829e-001
 2.29336264e+000 7.93268190e+000 7.43225005e+000 5.00431843e-001
 2.32477856e+000 7.98800409e+000 7.45327834e+000 5.34725755e-001
 2.35619449e+000 8.02908059e+000 7.46048854e+000 5.68592048e-001
 2.38761042e+000 8.04636628e+000 7.45296991e+000 5.93396376e-001
 2.41902634e+000 8.03377530e+000 7.42978262e+000 6.03992677e-001
 2.45044227e+000 7.99074613e+000 7.38995783e+000 6.00788296e-001
 2.48185820e+000 7.92214814e+000 7.33249776e+000 5.89650383e-001
 2.51327412e+000 7.83598488e+000 7.25637583e+000 5.79609046e-001
 2.54469005e+000 7.73973458e+000 7.16053693e+000 5.79197647e-001
 2.57610598e+000 7.63676206e+000 7.04389766e+000 5.92864400e-001
 2.60752190e+000 7.52428698e+000 6.90534676e+000 6.18940225e-001
 2.63893783e+000 7.39385003e+000 6.74374551e+000 6.50104524e-001
 2.67035376e+000 7.23426080e+000 6.55792832e+000 6.76332473e-001
 2.70176968e+000 7.03599027e+000 6.34670335e+000 6.89286926e-001
 2.73318561e+000 6.79528653e+000 6.10885319e+000 6.86433339e-001
 2.76460154e+000 6.51623606e+000 5.84313575e+000 6.73100316e-001
 2.79601746e+000 6.20963617e+000 5.54828513e+000 6.61351042e-001
 2.82743339e+000 5.88869149e+000 5.22301271e+000 6.65678785e-001
 2.85884931e+000 5.56280280e+000 4.86600825e+000 6.96794552e-001
 2.89026524e+000 5.23161274e+000 4.47594118e+000 7.55671562e-001
 2.92168117e+000 4.88164829e+000 4.05146201e+000 8.30186274e-001
 2.95309709e+000 4.48723212e+000 3.59120382e+000 8.96028299e-001
 2.98451302e+000 4.01600366e+000 3.09378392e+000 9.22219743e-001
 3.01592895e+000 3.43782196e+000 2.55780566e+000 8.80016295e-001
 3.04734487e+000 2.73455366e+000 1.98186037e+000 7.52693290e-001
 3.07876080e+000 1.90773695e+000 1.36452942e+000 5.43207534e-001
 3.11017673e+000 9.81571086e-001 7.04386497e-001 2.77184589e-001
 3.14159265e+000 1.59642789e-015 2.83382392e-015 1.23739603e-015
