 0.00000000e+000 0.00000000e+000 0.00000000e+000 0.00000000e+000
 3.14159265e-002 7.43609873e-003 3.24132214e-002 2.49771226e-002
 6.28318531e-002 1.79939639e-002 6.68623449e-002 4.88683810e-002
 9.42477796e-002 3.45241422e-002 1.03409224e-001 6.88850821e-002
 1.25663706e-001 5.93607376e-002 1.42115451e-001 8.27547138e-002
 1.57079633e-001 9.41256475e-002 1.83042214e-001 8.89165660e-002
 1.88495559e-001 1.39600904e-001 2.26250143e-001 8.66492390e-002
 2.19911486e-001 1.95681134e-001 2.71799158e-001 7.61180235e-002
 2.51327412e-001 2.61410361e-001 3.19748292e-001 5.83379310e-002
 2.82743339e-001 3.35099176e-001 3.70155520e-001 3.50563441e-002
 3.14159265e-001 4.14510525e-001 4.23077568e-001 8.56704348e-003
 3.45575192e-001 4.97095727e-001 4.78569719e-001 1.85260075e-002
 3.76991118e-001 5.80257535e-001 5.36685605e-001 4.35719295e-002
 4.08407045e-001 6.61614516e-001 5.97476992e-001 6.41375233e-002
 4.39822972e-001 7.39241019e-001 6.60993554e-001 7.82474646e-002
 4.71238898e-001 8.11859512e-001 7.27282634e-001 8.45768774e-002
 5.02654825e-001 8.78966841e-001 7.96388999e-001 8.25778420e-002
 5.34070751e-001 9.40882539e-001 8.68354578e-001 7.25279607e-002
 5.65486678e-001 9.98715010e-001 9.43218198e-001 5.54968116e-002
 5.96902604e-001 1.05424951e+000 1.02101530e+000 3.32342107e-002
 6.28318531e-001 1.10976951e+000 1.10177764e+000 7.99186902e-003
 6.59734457e-001 1.16782955e+000 1.18553302e+000 1.77034652e-002
 6.91150384e-001 1.23100230e+000 1.27230491e+000 4.13026056e-002
 7.22566310e-001 1.30162511e+000 1.36211218e+000 6.04870679e-002
 7.53982237e-001 1.38157111e+000 1.45496874e+000 7.33976307e-002
 7.85398163e-001 1.47206744e+000 1.55088320e+000 7.88157571e-002
 8.16814090e-001 1.57357836e+000 1.64985847e+000 7.62801055e-002
 8.48230016e-001 1.68576455e+000 1.75189144e+000 6.61268856e-002
 8.79645943e-001 1.80752212e+000 1.85697256e+000 4.94504411e-002
 9.11061870e-001 1.93709706e+000 1.96508546e+000 2.79883950e-002
 9.42477796e-001 2.07226333e+000 2.07620652e+000 3.94319194e-003
 9.73893723e-001 2.21054630e+000 2.19030447e+000 2.02418306e-002
 1.00530965e+000 2.34946920e+000 2.30733996e+000 4.21292400e-002
 1.03672558e+000 2.48679743e+000 2.42726507e+000 5.95323677e-002
 1.06814150e+000 2.62075661e+000 2.55002291e+000 7.07337007e-002
 1.09955743e+000 2.75020215e+000 2.67554714e+000 7.46550030e-002
 1.13097336e+000 2.87472374e+000 2.80376147e+000 7.09622674e-002
 1.16238928e+000 2.99467437e+000 2.93457919e+000 6.00951821e-002
 1.19380521e+000 3.11112104e+000 3.06790264e+000 4.32184016e-002
 1.22522113e+000 3.22572253e+000 3.20362276e+000 2.20997775e-002
 1.25663706e+000 3.34054655e+000 3.34161850e+000 1.07195712e-003
 1.28805299e+000 3.45784489e+000 3.48175637e+000 2.39114796e-002
 1.31946891e+000 3.57980943e+000 3.62388980e+000 4.40803726e-002
 1.35088484e+000 3.70833358e+000 3.76785871e+000 5.95251367e-002
 1.38230077e+000 3.84480326e+000 3.91348887e+000 6.86856126e-002
 1.41371669e+000 3.98993865e+000 4.06059136e+000 7.06527079e-002
 1.44513262e+000 4.14370257e+000 4.20896203e+000 6.52594622e-002
 1.47654855e+000 4.30528466e+000 4.35838090e+000 5.30962337e-002
 1.50796447e+000 4.47316310e+000 4.50861158e+000 3.54484830e-002
 1.53938040e+000 4.64523723e+000 4.65940072e+000 1.41634853e-002
 1.57079633e+000 4.81901785e+000 4.81047738e+000 8.54046694e-003
 1.60221225e+000 4.99185542e+000 4.96155248e+000 3.03029347e-002
 1.63362818e+000 5.16118311e+000 5.11231819e+000 4.88649242e-002
 1.66504411e+000 5.32474963e+000 5.26244735e+000 6.23022840e-002
 1.69646003e+000 5.48081783e+000 5.41159287e+000 6.92249562e-002
 1.72787596e+000 5.62830872e+000 5.55938719e+000 6.89215313e-002
 1.75929189e+000 5.76687568e+000 5.70544161e+000 6.14340647e-002
 1.79070781e+000 5.89690101e+000 5.84934583e+000 4.75551768e-002
 1.82212374e+000 6.01941466e+000 5.99066728e+000 2.87473814e-002
 1.85353967e+000 6.13594317e+000 6.12895062e+000 6.99255737e-003
 1.88495559e+000 6.24830385e+000 6.26371715e+000 1.54132955e-002
 1.91637152e+000 6.35836516e+000 6.39446431e+000 3.60991492e-002
 1.94778745e+000 6.46779777e+000 6.52066514e+000 5.28673721e-002
 1.97920337e+000 6.57784195e+000 6.64176775e+000 6.39257986e-002
 2.01061930e+000 6.68911566e+000 6.75719486e+000 6.80791981e-002
 2.04203522e+000 6.80148348e+000 6.86634331e+000 6.48598371e-002
 2.07345115e+000 6.91400073e+000 6.96858362e+000 5.45828869e-002
 2.10486708e+000 7.02493953e+000 7.06325955e+000 3.83200266e-002
 2.13628300e+000 7.13189477e+000 7.14968773e+000 1.77929585e-002
 2.16769893e+000 7.23196039e+000 7.22715726e+000 4.80312834e-003
 2.19911486e+000 7.32195809e+000 7.29492939e+000 2.70287026e-002
 2.23053078e+000 7.39869567e+000 7.35223721e+000 4.64584564e-002
 2.26194671e+000 7.45922806e+000 7.39828542e+000 6.09426397e-002
 2.29336264e+000 7.50109376e+000 7.43225005e+000 6.88437107e-002
 2.32477856e+000 7.52250118e+000 7.45327834e+000 6.92228403e-002
 2.35619449e+000 7.52244399e+000 7.46048854e+000 6.19554503e-002
 2.38761042e+000 7.50073174e+000 7.45296991e+000 4.77618287e-002
 2.41902634e+000 7.45792995e+000 7.42978262e+000 2.81473252e-002
 2.45044227e+000 7.39521369e+000 7.38995783e+000 5.25585659e-003
 2.48185820e+000 7.31414732e+000 7.33249776e+000 1.83504454e-002
 2.51327412e+000 7.21641129e+000 7.25637583e+000 3.99645456e-002
 2.54469005e+000 7.10350326e+000 7.16053693e+000 5.70336717e-002
 2.57610598e+000 6.97644413e+000 7.04389766e+000 6.74535363e-002
 2.60752190e+000 6.83552069e+000 6.90534676e+000 6.98260613e-002
 2.63893783e+000 6.68009413e+000 6.74374551e+000 6.36513777e-002
 2.67035376e+000 6.50849819e+000 6.55792832e+000 4.94301311e-002
 2.70176968e+000 6.31804347e+000 6.34670335e+000 2.86598811e-002
 2.73318561e+000 6.10513424e+000 6.10885319e+000 3.71894564e-003
 2.76460154e+000 5.86549419e+000 5.84313575e+000 2.23584476e-002
 2.79601746e+000 5.59448650e+000 5.54828513e+000 4.62013696e-002
 2.82743339e+000 5.28750468e+000 5.22301271e+000 6.44919741e-002
 2.85884931e+000 4.94040281e+000 4.86600825e+000 7.43945599e-002
 2.89026524e+000 4.54992895e+000 4.47594118e+000 7.39877692e-002
 2.92168117e+000 4.11412413e+000 4.05146201e+000 6.26621215e-002
 2.95309709e+000 3.63265063e+000 3.59120382e+000 4.14468110e-002
 2.98451302e+000 3.10701863e+000 3.09378392e+000 1.32347156e-002
 3.01592895e+000 2.54068813e+000 2.55780566e+000 1.71175262e-002
 3.04734487e+000 1.93903297e+000 1.98186037e+000 4.28273955e-002
 3.07876080e+000 1.30916550e+000 1.36452942e+000 5.53639225e-002
 3.11017673e+000 6.59631988e-001 7.04386497e-001 4.47545092e-002
 3.14159265e+000 1.54423180e-015 2.83382392e-015 1.28959213e-015
