 0.00000000e+000 0.00000000e+000 0.00000000e+000 0.00000000e+000
 3.14159265e-002 6.32564447e-002 3.24132214e-002 3.08432233e-002
 6.28318531e-002 1.26190289e-001 6.68623449e-002 5.93279445e-002
 9.42477796e-002 1.88494304e-001 1.03409224e-001 8.50850799e-002
 1.25663706e-001 2.49891535e-001 1.42115451e-001 1.07776084e-001
 1.57079633e-001 3.10149296e-001 1.83042214e-001 1.27107082e-001
 1.88495559e-001 3.69091816e-001 2.26250143e-001 1.42841673e-001
 2.19911486e-001 4.26611168e-001 2.71799158e-001 1.54812010e-001
 2.51327412e-001 4.82676115e-001 3.19748292e-001 1.62927823e-001
 2.82743339e-001 5.37338618e-001 3.70155520e-001 1.67183098e-001
 3.14159265e-001 5.90737776e-001 4.23077568e-001 1.67660208e-001
 3.45575192e-001 6.43101053e-001 4.78569719e-001 1.64531334e-001
 3.76991118e-001 6.94742735e-001 5.36685605e-001 1.58057130e-001
 4.08407045e-001 7.46059620e-001 5.97476992e-001 1.48582627e-001
 4.39822972e-001 7.97524038e-001 6.60993554e-001 1.36530483e-001
 4.71238898e-001 8.49674366e-001 7.27282634e-001 1.22391732e-001
 5.02654825e-001 9.03103281e-001 7.96388999e-001 1.06714282e-001
 5.34070751e-001 9.58444052e-001 8.68354578e-001 9.00894742e-002
 5.65486678e-001 1.01635525e+000 9.43218198e-001 7.31370480e-002
 5.96902604e-001 1.07750425e+000 1.02101530e+000 5.64889549e-002
 6.28318531e-001 1.14255009e+000 1.10177764e+000 4.07724500e-002
 6.59734457e-001 1.21212597e+000 1.18553302e+000 2.65929514e-002
 6.91150384e-001 1.28682206e+000 1.27230491e+000 1.45171525e-002
 7.22566310e-001 1.36716906e+000 1.36211218e+000 5.05687938e-003
 7.53982237e-001 1.45362291e+000 1.45496874e+000 1.34583428e-003
 7.85398163e-001 1.54655119e+000 1.55088320e+000 4.33200605e-003
 8.16814090e-001 1.64622158e+000 1.64985847e+000 3.63689134e-003
 8.48230016e-001 1.75279270e+000 1.75189144e+000 9.01257409e-004
 8.79645943e-001 1.86630771e+000 1.85697256e+000 9.33515105e-003
 9.11061870e-001 1.98669082e+000 1.96508546e+000 2.16053647e-002
 9.42477796e-001 2.11374684e+000 2.07620652e+000 3.75403222e-002
 9.73893723e-001 2.24716390e+000 2.19030447e+000 5.68594231e-002
 1.00530965e+000 2.38651924e+000 2.30733996e+000 7.91792863e-002
 1.03672558e+000 2.53128806e+000 2.42726507e+000 1.04022996e-001
 1.06814150e+000 2.68085506e+000 2.55002291e+000 1.30832152e-001
 1.09955743e+000 2.83452859e+000 2.67554714e+000 1.58981447e-001
 1.13097336e+000 2.99155688e+000 2.80376147e+000 1.87795407e-001
 1.16238928e+000 3.15114608e+000 2.93457919e+000 2.16566897e-001
 1.19380521e+000 3.31247953e+000 3.06790264e+000 2.44576886e-001
 1.22522113e+000 3.47473773e+000 3.20362276e+000 2.71114971e-001
 1.25663706e+000 3.63711861e+000 3.34161850e+000 2.95500103e-001
 1.28805299e+000 3.79885731e+000 3.48175637e+000 3.17100942e-001
 1.31946891e+000 3.95924508e+000 3.62388980e+000 3.35355272e-001
 1.35088484e+000 4.11764664e+000 3.76785871e+000 3.49787921e-001
 1.38230077e+000 4.27351552e+000 3.91348887e+000 3.60026647e-001
 1.41371669e+000 4.42640687e+000 4.06059136e+000 3.65815513e-001
 1.44513262e+000 4.57598734e+000 4.20896203e+000 3.67025312e-001
 1.47654855e+000 4.72204158e+000 4.35838090e+000 3.63660688e-001
 1.50796447e+000 4.86447524e+000 4.50861158e+000 3.55863660e-001
 1.53938040e+000 5.00331409e+000 4.65940072e+000 3.43913372e-001
 1.57079633e+000 5.13869933e+000 4.81047738e+000 3.28221948e-001
 1.60221225e+000 5.27087897e+000 4.96155248e+000 3.09326493e-001
 1.63362818e+000 5.40019549e+000 5.11231819e+000 2.87877303e-001
 1.66504411e+000 5.52706988e+000 5.26244735e+000 2.64622530e-001
 1.69646003e+000 5.65198247e+000 5.41159287e+000 2.40389594e-001
 1.72787596e+000 5.77545093e+000 5.55938719e+000 2.16063747e-001
 1.75929189e+000 5.89800589e+000 5.70544161e+000 1.92564280e-001
 1.79070781e+000 6.02016477e+000 5.84934583e+000 1.70818936e-001
 1.82212374e+000 6.14240445e+000 5.99066728e+000 1.51737166e-001
 1.85353967e+000 6.26513350e+000 6.12895062e+000 1.36182889e-001
 1.88495559e+000 6.38866463e+000 6.26371715e+000 1.24947485e-001
 1.91637152e+000 6.51318805e+000 6.39446431e+000 1.18723737e-001
 1.94778745e+000 6.63874659e+000 6.52066514e+000 1.18081451e-001
 1.97920337e+000 6.76521322e+000 6.64176775e+000 1.23445471e-001
 2.01061930e+000 6.89227160e+000 6.75719486e+000 1.35076744e-001
 2.04203522e+000 7.01940039e+000 6.86634331e+000 1.53057073e-001
 2.07345115e+000 7.14586171e+000 6.96858362e+000 1.77278093e-001
 2.10486708e+000 7.27069449e+000 7.06325955e+000 2.07434939e-001
 2.13628300e+000 7.39271270e+000 7.14968773e+000 2.43024973e-001
 2.16769893e+000 7.51050909e+000 7.22715726e+000 2.83351827e-001
 2.19911486e+000 7.62246430e+000 7.29492939e+000 3.27534911e-001
 2.23053078e+000 7.72676160e+000 7.35223721e+000 3.74524384e-001
 2.26194671e+000 7.82140693e+000 7.39828542e+000 4.23121505e-001
 2.29336264e+000 7.90425417e+000 7.43225005e+000 4.72004114e-001
 2.32477856e+000 7.97303522e+000 7.45327834e+000 5.19756880e-001
 2.35619449e+000 8.02539440e+000 7.46048854e+000 5.64905856e-001
 2.38761042e+000 8.05892664e+000 7.45296991e+000 6.05956737e-001
 2.41902634e+000 8.07121877e+000 7.42978262e+000 6.41436147e-001
 2.45044227e+000 8.05989300e+000 7.38995783e+000 6.69935170e-001
 2.48185820e+000 8.02265206e+000 7.33249776e+000 6.90154299e-001
 2.51327412e+000 7.95732474e+000 7.25637583e+000 7.00948902e-001
 2.54469005e+000 7.86191120e+000 7.16053693e+000 7.01374269e-001
 2.57610598e+000 7.73462698e+000 7.04389766e+000 6.90729321e-001
 2.60752190e+000 7.57394478e+000 6.90534676e+000 6.68598022e-001
 2.63893783e+000 7.37863312e+000 6.74374551e+000 6.34887608e-001
 2.67035376e+000 7.14779108e+000 6.55792832e+000 5.89862761e-001
 2.70176968e+000 6.88087829e+000 6.34670335e+000 5.34174941e-001
 2.73318561e+000 6.57773936e+000 6.10885319e+000 4.68886171e-001
 2.76460154e+000 6.23862240e+000 5.84313575e+000 3.95486657e-001
 2.79601746e+000 5.86419090e+000 5.54828513e+000 3.15905771e-001
 2.82743339e+000 5.45552873e+000 5.22301271e+000 2.32516017e-001
 2.85884931e+000 5.01413800e+000 4.86600825e+000 1.48129753e-001
 2.89026524e+000 4.54192978e+000 4.47594118e+000 6.59885974e-002
 2.92168117e+000 4.04120757e+000 4.05146201e+000 1.02544367e-002
 2.95309709e+000 3.51464395e+000 3.59120382e+000 7.65598656e-002
 2.98451302e+000 2.96525054e+000 3.09378392e+000 1.28533373e-001
 3.01592895e+000 2.39634198e+000 2.55780566e+000 1.61463681e-001
 3.04734487e+000 1.81149432e+000 1.98186037e+000 1.70366043e-001
 3.07876080e+000 1.21449878e+000 1.36452942e+000 1.50030643e-001
 3.11017673e+000 6.09311423e-001 7.04386497e-001 9.50750741e-002
 3.14159265e+000 1.86310777e-015 2.83382392e-015 9.70716152e-016
