 0.00000000e+000 0.00000000e+000 0.00000000e+000 0.00000000e+000
 3.14159265e-002 3.94739475e-002 3.24132214e-002 7.06072614e-003
 6.28318531e-002 8.11480230e-002 6.68623449e-002 1.42856781e-002
 9.42477796e-002 1.26655120e-001 1.03409224e-001 2.32458959e-002
 1.25663706e-001 1.76690024e-001 1.42115451e-001 3.45745729e-002
 1.57079633e-001 2.30958667e-001 1.83042214e-001 4.79164532e-002
 1.88495559e-001 2.88453726e-001 2.26250143e-001 6.22035833e-002
 2.19911486e-001 3.47944852e-001 2.71799158e-001 7.61456944e-002
 2.51327412e-001 4.08497784e-001 3.19748292e-001 8.87494919e-002
 2.82743339e-001 4.69833659e-001 3.70155520e-001 9.96781383e-002
 3.14159265e-001 5.32407397e-001 4.23077568e-001 1.09329828e-001
 3.45575192e-001 5.97194899e-001 4.78569719e-001 1.18625180e-001
 3.76991118e-001 6.65289393e-001 5.36685605e-001 1.28603788e-001
 4.08407045e-001 7.37475303e-001 5.97476992e-001 1.39998311e-001
 4.39822972e-001 8.13948468e-001 6.60993554e-001 1.52954914e-001
 4.71238898e-001 8.94286307e-001 7.27282634e-001 1.67003672e-001
 5.02654825e-001 9.77668114e-001 7.96388999e-001 1.81279115e-001
 5.34070751e-001 1.06324589e+000 8.68354578e-001 1.94891310e-001
 5.65486678e-001 1.15050932e+000 9.43218198e-001 2.07291124e-001
 5.96902604e-001 1.23949631e+000 1.02101530e+000 2.18481015e-001
 6.28318531e-001 1.33076782e+000 1.10177764e+000 2.28990180e-001
 6.59734457e-001 1.42516453e+000 1.18553302e+000 2.39631515e-001
 6.91150384e-001 1.52345196e+000 1.27230491e+000 2.51147050e-001
 7.22566310e-001 1.62600436e+000 1.36211218e+000 2.63892184e-001
 7.53982237e-001 1.73265879e+000 1.45496874e+000 2.77690048e-001
 7.85398163e-001 1.84279754e+000 1.55088320e+000 2.91914347e-001
 8.16814090e-001 1.95562120e+000 1.64985847e+000 3.05762728e-001
 8.48230016e-001 2.07049451e+000 1.75189144e+000 3.18603072e-001
 8.79645943e-001 2.18721769e+000 1.85697256e+000 3.30245130e-001
 9.11061870e-001 2.30610728e+000 1.96508546e+000 3.41021819e-001
 9.42477796e-001 2.42785161e+000 2.07620652e+000 3.51645092e-001
 9.73893723e-001 2.55320135e+000 2.19030447e+000 3.62896875e-001
 1.00530965e+000 2.68262621e+000 2.30733996e+000 3.75286258e-001
 1.03672558e+000 2.81608502e+000 2.42726507e+000 3.88819957e-001
 1.06814150e+000 2.95300967e+000 2.55002291e+000 4.02986755e-001
 1.09955743e+000 3.09251403e+000 2.67554714e+000 4.16966882e-001
 1.13097336e+000 3.23374264e+000 2.80376147e+000 4.29981170e-001
 1.16238928e+000 3.37621206e+000 2.93457919e+000 4.41632873e-001
 1.19380521e+000 3.51999689e+000 3.06790264e+000 4.52094251e-001
 1.22522113e+000 3.66567495e+000 3.20362276e+000 4.62052197e-001
 1.25663706e+000 3.81404634e+000 3.34161850e+000 4.72427834e-001
 1.28805299e+000 3.96573895e+000 3.48175637e+000 4.83982581e-001
 1.31946891e+000 4.12086608e+000 3.62388980e+000 4.96976275e-001
 1.35088484e+000 4.27888612e+000 3.76785871e+000 5.11027407e-001
 1.38230077e+000 4.43873429e+000 3.91348887e+000 5.25245422e-001
 1.41371669e+000 4.59918294e+000 4.06059136e+000 5.38591579e-001
 1.44513262e+000 4.75928685e+000 4.20896203e+000 5.50324824e-001
 1.47654855e+000 4.91872622e+000 4.35838090e+000 5.60345324e-001
 1.50796447e+000 5.07789365e+000 4.50861158e+000 5.69282073e-001
 1.53938040e+000 5.23767250e+000 4.65940072e+000 5.78271780e-001
 1.57079633e+000 5.39898239e+000 4.81047738e+000 5.88505009e-001
 1.60221225e+000 5.56227186e+000 4.96155248e+000 6.00719383e-001
 1.63362818e+000 5.72717163e+000 5.11231819e+000 6.14853445e-001
 1.66504411e+000 5.89246746e+000 5.26244735e+000 6.30020116e-001
 1.69646003e+000 6.05642631e+000 5.41159287e+000 6.44833433e-001
 1.72787596e+000 6.21736171e+000 5.55938719e+000 6.57974521e-001
 1.75929189e+000 6.37421494e+000 5.70544161e+000 6.68773328e-001
 1.79070781e+000 6.52690553e+000 5.84934583e+000 6.77559702e-001
 1.82212374e+000 6.67628385e+000 5.99066728e+000 6.85616572e-001
 1.85353967e+000 6.82367378e+000 6.12895062e+000 6.94723160e-001
 1.88495559e+000 6.97016513e+000 6.26371715e+000 7.06447979e-001
 1.91637152e+000 7.11593382e+000 6.39446431e+000 7.21469509e-001
 1.94778745e+000 7.25987881e+000 6.52066514e+000 7.39213672e-001
 1.97920337e+000 7.39975640e+000 6.64176775e+000 7.57988649e-001
 2.01061930e+000 7.53279973e+000 6.75719486e+000 7.75604870e-001
 2.04203522e+000 7.65660731e+000 6.86634331e+000 7.90263998e-001
 2.07345115e+000 7.76995251e+000 6.96858362e+000 8.01368885e-001
 2.10486708e+000 7.87316664e+000 7.06325955e+000 8.09907089e-001
 2.13628300e+000 7.96789264e+000 7.14968773e+000 8.18204906e-001
 2.16769893e+000 8.05624767e+000 7.22715726e+000 8.29090407e-001
 2.19911486e+000 8.13968195e+000 7.29492939e+000 8.44752560e-001
 2.23053078e+000 8.21797561e+000 7.35223721e+000 8.65738396e-001
 2.26194671e+000 8.28880485e+000 7.39828542e+000 8.90519429e-001
 2.29336264e+000 8.34812057e+000 7.43225005e+000 9.15870516e-001
 2.32477856e+000 8.39127606e+000 7.45327834e+000 9.37997728e-001
 2.35619449e+000 8.41452675e+000 7.46048854e+000 9.54038207e-001
 2.38761042e+000 8.41632968e+000 7.45296991e+000 9.63359777e-001
 2.41902634e+000 8.39788432e+000 7.42978262e+000 9.68101697e-001
 2.45044227e+000 8.36259528e+000 7.38995783e+000 9.72637446e-001
 2.48185820e+000 8.31453330e+000 7.33249776e+000 9.82035535e-001
 2.51327412e+000 8.25638241e+000 7.25637583e+000 1.00000658e+000
 2.54469005e+000 8.18763154e+000 7.16053693e+000 1.02709461e+000
 2.57610598e+000 8.10377383e+000 7.04389766e+000 1.05987617e+000
 2.60752190e+000 7.99698586e+000 6.90534676e+000 1.09163911e+000
 2.63893783e+000 7.85824572e+000 6.74374551e+000 1.11450021e+000
 2.67035376e+000 7.68028364e+000 6.55792832e+000 1.12235532e+000
 2.70176968e+000 7.46034705e+000 6.34670335e+000 1.11364370e+000
 2.73318561e+000 7.20167473e+000 6.10885319e+000 1.09282154e+000
 2.76460154e+000 6.91288504e+000 5.84313575e+000 1.06974929e+000
 2.79601746e+000 6.60512484e+000 5.54828513e+000 1.05683971e+000
 2.82743339e+000 6.28760972e+000 5.22301271e+000 1.06459701e+000
 2.85884931e+000 5.96285283e+000 4.86600825e+000 1.09684459e+000
 2.89026524e+000 5.62318575e+000 4.47594118e+000 1.14724457e+000
 2.92168117e+000 5.24997753e+000 4.05146201e+000 1.19851552e+000
 2.95309709e+000 4.81627373e+000 3.59120382e+000 1.22506991e+000
 2.98451302e+000 4.29258471e+000 3.09378392e+000 1.19880079e+000
 3.01592895e+000 3.65454750e+000 2.55780566e+000 1.09674184e+000
 3.04734487e+000 2.89048720e+000 1.98186037e+000 9.08626829e-001
 3.07876080e+000 2.00675259e+000 1.36452942e+000 6.42223167e-001
 3.11017673e+000 1.02917649e+000 7.04386497e-001 3.24789994e-001
 3.14159265e+000 1.87059895e-015 2.83382392e-015 9.63224970e-016
