 0.00000000e+000 0.00000000e+000 0.00000000e+000 0.00000000e+000
 3.14159265e-002 -1.96919184e+000 3.24132214e-002 2.00160506e+000
 6.28318531e-002 -1.40536616e+001 6.68623449e-002 1.41205239e+001
 9.42477796e-002 -3.90378757e+001 1.03409224e-001 3.91412850e+001
 1.25663706e-001 -6.97417880e+001 1.42115451e-001 6.98839035e+001
 1.57079633e-001 -9.28562516e+001 1.83042214e-001 9.30392938e+001
 1.88495559e-001 -9.69727118e+001 2.26250143e-001 9.71989619e+001
 2.19911486e-001 -7.98644071e+001 2.71799158e-001 8.01362063e+001
 2.51327412e-001 -5.04488906e+001 3.19748292e-001 5.07686389e+001
 2.82743339e-001 -2.40711540e+001 3.70155520e-001 2.44413095e+001
 3.14159265e-001 -1.38386318e+001 4.23077568e-001 1.42617094e+001
 3.45575192e-001 -2.31991643e+001 4.78569719e-001 2.36777340e+001
 3.76991118e-001 -4.42482439e+001 5.36685605e-001 4.47849295e+001
 4.08407045e-001 -6.27838635e+001 5.97476992e-001 6.33813405e+001
 4.39822972e-001 -6.70029528e+001 6.60993554e-001 6.76639463e+001
 4.71238898e-001 -5.44872100e+001 7.27282634e-001 5.52144927e+001
 5.02654825e-001 -3.31655570e+001 7.96388999e-001 3.39619460e+001
 5.34070751e-001 -1.56651681e+001 8.68354578e-001 1.65335226e+001
 5.65486678e-001 -1.06063757e+001 9.43218198e-001 1.15495939e+001
 5.96902604e-001 -1.63956140e+001 1.02101530e+000 1.74166293e+001
 6.28318531e-001 -2.16386262e+001 1.10177764e+000 2.27404038e+001
 6.59734457e-001 -1.22395201e+001 1.18553302e+000 1.34250531e+001
 6.91150384e-001 1.89850997e+001 1.27230491e+000 1.77127948e+001
 7.22566310e-001 6.61464694e+001 1.36211218e+000 6.47843572e+001
 7.53982237e-001 1.11720588e+002 1.45496874e+000 1.10265619e+002
 7.85398163e-001 1.35270808e+002 1.55088320e+000 1.33719925e+002
 8.16814090e-001 1.24697524e+002 1.64985847e+000 1.23047665e+002
 8.48230016e-001 8.35127064e+001 1.75189144e+000 8.17608150e+001
 8.79645943e-001 2.97285310e+001 1.85697256e+000 2.78715584e+001
 9.11061870e-001 -1.32777076e+001 1.96508546e+000 1.52427930e+001
 9.42477796e-001 -2.88933142e+001 2.07620652e+000 3.09695207e+001
 9.73893723e-001 -1.55782668e+001 2.19030447e+000 1.77685713e+001
 1.00530965e+000 1.32775310e+001 2.30733996e+000 1.09701911e+001
 1.03672558e+000 3.76777413e+001 2.42726507e+000 3.52504763e+001
 1.06814150e+000 4.25304470e+001 2.55002291e+000 3.99804241e+001
 1.09955743e+000 2.56035796e+001 2.67554714e+000 2.29280324e+001
 1.13097336e+000 -2.56327945e+000 2.80376147e+000 5.36704092e+000
 1.16238928e+000 -2.63854507e+001 2.93457919e+000 2.93200299e+001
 1.19380521e+000 -3.56096409e+001 3.06790264e+000 3.86775436e+001
 1.22522113e+000 -3.18401525e+001 3.20362276e+000 3.50437752e+001
 1.25663706e+000 -2.71776018e+001 3.34161850e+000 3.05192203e+001
 1.28805299e+000 -3.58619509e+001 3.48175637e+000 3.93437072e+001
 1.31946891e+000 -6.41919386e+001 3.62388980e+000 6.78158284e+001
 1.35088484e+000 -1.05132524e+002 3.76785871e+000 1.08900382e+002
 1.38230077e+000 -1.41197723e+002 3.91348887e+000 1.45111212e+002
 1.41371669e+000 -1.54112155e+002 4.06059136e+000 1.58172747e+002
 1.44513262e+000 -1.35518757e+002 4.20896203e+000 1.39727719e+002
 1.47654855e+000 -9.22308830e+001 4.35838090e+000 9.65892639e+001
 1.50796447e+000 -4.27386437e+001 4.50861158e+000 4.72472553e+001
 1.53938040e+000 -6.94246566e+000 4.65940072e+000 1.16018664e+001
 1.57079633e+000 4.81047738e+000 4.81047738e+000 1.26235022e-010
 1.60221225e+000 -3.10350426e+000 4.96155248e+000 8.06505675e+000
 1.63362818e+000 -1.51528275e+001 5.11231819e+000 2.02651457e+001
 1.66504411e+000 -1.45730519e+001 5.26244735e+000 1.98354993e+001
 1.69646003e+000 6.55562191e+000 5.41159287e+000 1.14402904e+000
 1.72787596e+000 4.32029055e+001 5.55938719e+000 3.76435183e+001
 1.75929189e+000 8.14794916e+001 5.70544161e+000 7.57740500e+001
 1.79070781e+000 1.07900452e+002 5.84934583e+000 1.02051106e+002
 1.82212374e+000 1.17573891e+002 5.99066728e+000 1.11583224e+002
 1.85353967e+000 1.15980073e+002 6.12895062e+000 1.09851122e+002
 1.88495559e+000 1.13495611e+002 6.26371715e+000 1.07231894e+002
 1.91637152e+000 1.16929741e+002 6.39446431e+000 1.10535276e+002
 1.94778745e+000 1.24575316e+002 6.52066514e+000 1.18054651e+002
 1.97920337e+000 1.28902560e+002 6.64176775e+000 1.22260792e+002
 2.01061930e+000 1.25365718e+002 6.75719486e+000 1.18608523e+002
 2.04203522e+000 1.20595595e+002 6.86634331e+000 1.13729252e+002
 2.07345115e+000 1.32361658e+002 6.96858362e+000 1.25393074e+002
 2.10486708e+000 1.78441066e+002 7.06325955e+000 1.71377806e+002
 2.13628300e+000 2.59519690e+002 7.14968773e+000 2.52370002e+002
 2.16769893e+000 3.47422304e+002 7.22715726e+000 3.40195147e+002
 2.19911486e+000 3.89622456e+002 7.29492939e+000 3.82327527e+002
 2.23053078e+000 3.32930353e+002 7.35223721e+000 3.25578116e+002
 2.26194671e+000 1.57176213e+002 7.39828542e+000 1.49777927e+002
 2.29336264e+000 -9.94235663e+001 7.43225005e+000 1.06855816e+002
 2.32477856e+000 -3.41294102e+002 7.45327834e+000 3.48747381e+002
 2.35619449e+000 -4.49624501e+002 7.46048854e+000 4.57084990e+002
 2.38761042e+000 -3.38458290e+002 7.45296991e+000 3.45911260e+002
 2.41902634e+000 -6.67356610e+000 7.42978262e+000 1.41033487e+001
 2.45044227e+000 4.43156698e+002 7.38995783e+000 4.35766740e+002
 2.48185820e+000 8.35326509e+002 7.33249776e+000 8.27994012e+002
 2.51327412e+000 9.93648958e+002 7.25637583e+000 9.86392582e+002
 2.54469005e+000 8.25723164e+002 7.16053693e+000 8.18562627e+002
 2.57610598e+000 3.78226530e+002 7.04389766e+000 3.71182633e+002
 2.60752190e+000 -1.67564166e+002 6.90534676e+000 1.74469513e+002
 2.63893783e+000 -5.64200998e+002 6.74374551e+000 5.70944743e+002
 2.67035376e+000 -6.03446462e+002 6.55792832e+000 6.10004390e+002
 2.70176968e+000 -2.11526570e+002 6.34670335e+000 2.17873273e+002
 2.73318561e+000 5.10847295e+002 6.10885319e+000 5.04738442e+002
 2.76460154e+000 1.32449710e+003 5.84313575e+000 1.31865396e+003
 2.79601746e+000 1.94922056e+003 5.54828513e+000 1.94367227e+003
 2.82743339e+000 2.17879360e+003 5.22301271e+000 2.17357059e+003
 2.85884931e+000 1.96130212e+003 4.86600825e+000 1.95643611e+003
 2.89026524e+000 1.40950511e+003 4.47594118e+000 1.40502917e+003
 2.92168117e+000 7.39808517e+002 4.05146201e+000 7.35757055e+002
 2.95309709e+000 1.72252129e+002 3.59120382e+000 1.68660925e+002
 2.98451302e+000 -1.59243240e+002 3.09378392e+000 1.62337024e+002
 3.01592895e+000 -2.45346569e+002 2.55780566e+000 2.47904374e+002
 3.04734487e+000 -1.75861803e+002 1.98186037e+000 1.77843664e+002
 3.07876080e+000 -7.09732266e+001 1.36452942e+000 7.23377560e+001
 3.11017673e+000 -1.04885737e+001 7.04386497e-001 1.11929602e+001
 3.14159265e+000 -1.25182014e-012 2.83382392e-015 1.25465396e-012
