 0.00000000e+000 0.00000000e+000 0.00000000e+000 0.00000000e+000
 3.14159265e-002 1.01021103e-001 3.24132214e-002 6.86078818e-002
 6.28318531e-002 2.00934470e-001 6.68623449e-002 1.34072125e-001
 9.42477796e-002 2.98665458e-001 1.03409224e-001 1.95256234e-001
 1.25663706e-001 3.93204731e-001 1.42115451e-001 2.51089279e-001
 1.57079633e-001 4.83638732e-001 1.83042214e-001 3.00596518e-001
 1.88495559e-001 5.69177612e-001 2.26250143e-001 3.42927469e-001
 2.19911486e-001 6.49179858e-001 2.71799158e-001 3.77380700e-001
 2.51327412e-001 7.23172965e-001 3.19748292e-001 4.03424673e-001
 2.82743339e-001 7.90869600e-001 3.70155520e-001 4.20714079e-001
 3.14159265e-001 8.52178811e-001 4.23077568e-001 4.29101243e-001
 3.45575192e-001 9.07211981e-001 4.78569719e-001 4.28642262e-001
 3.76991118e-001 9.56283339e-001 5.36685605e-001 4.19597734e-001
 4.08407045e-001 9.99905024e-001 5.97476992e-001 4.02428031e-001
 4.39822972e-001 1.03877679e+000 6.60993554e-001 3.77783231e-001
 4.71238898e-001 1.07377060e+000 7.27282634e-001 3.46487964e-001
 5.02654825e-001 1.10591057e+000 7.96388999e-001 3.09521574e-001
 5.34070751e-001 1.13634866e+000 8.68354578e-001 2.67994083e-001
 5.65486678e-001 1.16633681e+000 9.43218198e-001 2.23118608e-001
 5.96902604e-001 1.19719623e+000 1.02101530e+000 1.76180933e-001
 6.28318531e-001 1.23028468e+000 1.10177764e+000 1.28507037e-001
 6.59734457e-001 1.26696246e+000 1.18553302e+000 8.14294402e-002
 6.91150384e-001 1.30855814e+000 1.27230491e+000 3.62532305e-002
 7.22566310e-001 1.35633488e+000 1.36211218e+000 5.77730262e-003
 7.53982237e-001 1.41145818e+000 1.45496874e+000 4.35105638e-002
 7.85398163e-001 1.47496598e+000 1.55088320e+000 7.59172170e-002
 8.16814090e-001 1.54774184e+000 1.64985847e+000 1.02116630e-001
 8.48230016e-001 1.63049195e+000 1.75189144e+000 1.21399488e-001
 8.79645943e-001 1.72372661e+000 1.85697256e+000 1.33245953e-001
 9.11061870e-001 1.82774658e+000 1.96508546e+000 1.37338880e-001
 9.42477796e-001 1.94263482e+000 2.07620652e+000 1.33571703e-001
 9.73893723e-001 2.06825371e+000 2.19030447e+000 1.22050763e-001
 1.00530965e+000 2.20424796e+000 2.30733996e+000 1.03091993e-001
 1.03672558e+000 2.35005306e+000 2.42726507e+000 7.72120056e-002
 1.06814150e+000 2.50490911e+000 2.55002291e+000 4.51137989e-002
 1.09955743e+000 2.66787971e+000 2.67554714e+000 7.66743192e-003
 1.13097336e+000 2.83787533e+000 2.80376147e+000 3.41138529e-002
 1.16238928e+000 3.01368063e+000 2.93457919e+000 7.91014464e-002
 1.19380521e+000 3.19398505e+000 3.06790264e+000 1.26082412e-001
 1.22522113e+000 3.37741570e+000 3.20362276e+000 1.73792944e-001
 1.25663706e+000 3.56257186e+000 3.34161850e+000 2.20953357e-001
 1.28805299e+000 3.74806006e+000 3.48175637e+000 2.66303696e-001
 1.31946891e+000 3.93252881e+000 3.62388980e+000 3.08639004e-001
 1.35088484e+000 4.11470201e+000 3.76785871e+000 3.46843300e-001
 1.38230077e+000 4.29341022e+000 3.91348887e+000 3.79921346e-001
 1.41371669e+000 4.46761869e+000 4.06059136e+000 4.07027329e-001
 1.44513262e+000 4.63645167e+000 4.20896203e+000 4.27489639e-001
 1.47654855e+000 4.79921196e+000 4.35838090e+000 4.40831063e-001
 1.50796447e+000 4.95539535e+000 4.50861158e+000 4.46783766e-001
 1.53938040e+000 5.10469934e+000 4.65940072e+000 4.45298619e-001
 1.57079633e+000 5.24702592e+000 4.81047738e+000 4.36548539e-001
 1.60221225e+000 5.38247816e+000 4.96155248e+000 4.20925676e-001
 1.63362818e+000 5.51135063e+000 5.11231819e+000 3.99032442e-001
 1.66504411e+000 5.63411388e+000 5.26244735e+000 3.71666531e-001
 1.69646003e+000 5.75139312e+000 5.41159287e+000 3.39800245e-001
 1.72787596e+000 5.86394179e+000 5.55938719e+000 3.04554602e-001
 1.75929189e+000 5.97261044e+000 5.70544161e+000 2.67168828e-001
 1.79070781e+000 6.07831182e+000 5.84934583e+000 2.28965985e-001
 1.82212374e+000 6.18198288e+000 5.99066728e+000 1.91315597e-001
 1.85353967e+000 6.28454483e+000 6.12895062e+000 1.55594216e-001
 1.88495559e+000 6.38686210e+000 6.26371715e+000 1.23144956e-001
 1.91637152e+000 6.48970139e+000 6.39446431e+000 9.52370758e-002
 1.94778745e+000 6.59369182e+000 6.52066514e+000 7.30266844e-002
 1.97920337e+000 6.69928742e+000 6.64176775e+000 5.75196663e-002
 2.01061930e+000 6.80673273e+000 6.75719486e+000 4.95378730e-002
 2.04203522e+000 6.91603289e+000 6.86634331e+000 4.96895731e-002
 2.07345115e+000 7.02692869e+000 6.96858362e+000 5.83450659e-002
 2.10486708e+000 7.13887781e+000 7.06325955e+000 7.56182556e-002
 2.13628300e+000 7.25104258e+000 7.14968773e+000 1.01354852e-001
 2.16769893e+000 7.36228497e+000 7.22715726e+000 1.35127716e-001
 2.19911486e+000 7.47116908e+000 7.29492939e+000 1.76239699e-001
 2.23053078e+000 7.57597138e+000 7.35223721e+000 2.23734166e-001
 2.26194671e+000 7.67469860e+000 7.39828542e+000 2.76413182e-001
 2.29336264e+000 7.76511325e+000 7.43225005e+000 3.32863195e-001
 2.32477856e+000 7.84476616e+000 7.45327834e+000 3.91487826e-001
 2.35619449e+000 7.91103576e+000 7.46048854e+000 4.50547225e-001
 2.38761042e+000 7.96117320e+000 7.45296991e+000 5.08203292e-001
 2.41902634e+000 7.99235248e+000 7.42978262e+000 5.62569862e-001
 2.45044227e+000 8.00172473e+000 7.38995783e+000 6.11766898e-001
 2.48185820e+000 7.98647529e+000 7.33249776e+000 6.53977533e-001
 2.51327412e+000 7.94388263e+000 7.25637583e+000 6.87506797e-001
 2.54469005e+000 7.87137766e+000 7.16053693e+000 7.10840733e-001
 2.57610598e+000 7.76660229e+000 7.04389766e+000 7.22704628e-001
 2.60752190e+000 7.62746580e+000 6.90534676e+000 7.22119047e-001
 2.63893783e+000 7.45219790e+000 6.74374551e+000 7.08452391e-001
 2.67035376e+000 7.23939709e+000 6.55792832e+000 6.81468768e-001
 2.70176968e+000 6.98807338e+000 6.34670335e+000 6.41370033e-001
 2.73318561e+000 6.69768416e+000 6.10885319e+000 5.88830967e-001
 2.76460154e+000 6.36816246e+000 5.84313575e+000 5.25026713e-001
 2.79601746e+000 5.99993686e+000 5.54828513e+000 4.51651725e-001
 2.82743339e+000 5.59394237e+000 5.22301271e+000 3.70929665e-001
 2.85884931e+000 5.15162212e+000 4.86600825e+000 2.85613874e-001
 2.89026524e+000 4.67491943e+000 4.47594118e+000 1.98978244e-001
 2.92168117e+000 4.16626052e+000 4.05146201e+000 1.14798511e-001
 2.95309709e+000 3.62852801e+000 3.59120382e+000 3.73241899e-002
 2.98451302e+000 3.06502551e+000 3.09378392e+000 2.87584029e-002
 3.01592895e+000 2.47943422e+000 2.55780566e+000 7.83714429e-002
 3.04734487e+000 1.87576197e+000 1.98186037e+000 1.06098394e-001
 3.07876080e+000 1.25828606e+000 1.36452942e+000 1.06243358e-001
 3.11017673e+000 6.31490616e-001 7.04386497e-001 7.28958813e-002
 3.14159265e+000 1.65485182e-015 2.83382392e-015 1.17897210e-015
