 0.00000000e+000 0.00000000e+000 0.00000000e+000 0.00000000e+000
 3.14159265e-002 2.17526274e-002 3.24132214e-002 1.06605940e-002
 6.28318531e-002 -1.82749845e-001 6.68623449e-002 2.49612189e-001
 9.42477796e-002 -7.33635494e-001 1.03409224e-001 8.37044718e-001
 1.25663706e-001 -1.57893317e+000 1.42115451e-001 1.72104862e+000
 1.57079633e-001 -2.49447750e+000 1.83042214e-001 2.67751971e+000
 1.88495559e-001 -3.15168813e+000 2.26250143e-001 3.37793827e+000
 2.19911486e-001 -3.23064238e+000 2.71799158e-001 3.50244154e+000
 2.51327412e-001 -2.53916036e+000 3.19748292e-001 2.85890865e+000
 2.82743339e-001 -1.09571241e+000 3.70155520e-001 1.46586793e+000
 3.14159265e-001 8.54143447e-001 4.23077568e-001 4.31065878e-001
 3.45575192e-001 2.89558906e+000 4.78569719e-001 2.41701934e+000
 3.76991118e-001 4.55922882e+000 5.36685605e-001 4.02254321e+000
 4.08407045e-001 5.45605839e+000 5.97476992e-001 4.85858139e+000
 4.39822972e-001 5.38955542e+000 6.60993554e-001 4.72856186e+000
 4.71238898e-001 4.40973658e+000 7.27282634e-001 3.68245395e+000
 5.02654825e-001 2.79357363e+000 7.96388999e-001 1.99718463e+000
 5.34070751e-001 9.60284680e-001 8.68354578e-001 9.19301018e-002
 5.65486678e-001 -6.49602675e-001 9.43218198e-001 1.59282087e+000
 5.96902604e-001 -1.69260296e+000 1.02101530e+000 2.71361826e+000
 6.28318531e-001 -2.00259844e+000 1.10177764e+000 3.10437608e+000
 6.59734457e-001 -1.61246837e+000 1.18553302e+000 2.79800139e+000
 6.91150384e-001 -7.16786524e-001 1.27230491e+000 1.98909143e+000
 7.22566310e-001 4.05904591e-001 1.36211218e+000 9.56207589e-001
 7.53982237e-001 1.48196196e+000 1.45496874e+000 2.69932133e-002
 7.85398163e-001 2.31359899e+000 1.55088320e+000 7.62715791e-001
 8.16814090e-001 2.81298625e+000 1.64985847e+000 1.16312779e+000
 8.48230016e-001 2.99595591e+000 1.75189144e+000 1.24406448e+000
 8.79645943e-001 2.94633238e+000 1.85697256e+000 1.08935982e+000
 9.11061870e-001 2.77033502e+000 1.96508546e+000 8.05249565e-001
 9.42477796e-001 2.56027228e+000 2.07620652e+000 4.84065763e-001
 9.73893723e-001 2.37892593e+000 2.19030447e+000 1.88621452e-001
 1.00530965e+000 2.26459570e+000 2.30733996e+000 4.27442580e-002
 1.03672558e+000 2.24689801e+000 2.42726507e+000 1.80367054e-001
 1.06814150e+000 2.35927661e+000 2.55002291e+000 1.90746298e-001
 1.09955743e+000 2.63731991e+000 2.67554714e+000 3.82272397e-002
 1.13097336e+000 3.10070323e+000 2.80376147e+000 2.96941754e-001
 1.16238928e+000 3.72674793e+000 2.93457919e+000 7.92168739e-001
 1.19380521e+000 4.43039455e+000 3.06790264e+000 1.36249191e+000
 1.22522113e+000 5.06538259e+000 3.20362276e+000 1.86175984e+000
 1.25663706e+000 5.45405229e+000 3.34161850e+000 2.11243379e+000
 1.28805299e+000 5.44109759e+000 3.48175637e+000 1.95934123e+000
 1.31946891e+000 4.95470466e+000 3.62388980e+000 1.33081485e+000
 1.35088484e+000 4.05200846e+000 3.76785871e+000 2.84149743e-001
 1.38230077e+000 2.92804961e+000 3.91348887e+000 9.85439257e-001
 1.41371669e+000 1.87844019e+000 4.06059136e+000 2.18215117e+000
 1.44513262e+000 1.22221972e+000 4.20896203e+000 2.98674231e+000
 1.47654855e+000 1.20699556e+000 4.35838090e+000 3.15138534e+000
 1.50796447e+000 1.92731272e+000 4.50861158e+000 2.58129886e+000
 1.53938040e+000 3.28535335e+000 4.65940072e+000 1.37404737e+000
 1.57079633e+000 5.01040493e+000 4.81047738e+000 1.99927550e-001
 1.60221225e+000 6.73401528e+000 4.96155248e+000 1.77246280e+000
 1.63362818e+000 8.09812878e+000 5.11231819e+000 2.98581059e+000
 1.66504411e+000 8.86094158e+000 5.26244735e+000 3.59849424e+000
 1.69646003e+000 8.96465376e+000 5.41159287e+000 3.55306089e+000
 1.72787596e+000 8.54150064e+000 5.55938719e+000 2.98211345e+000
 1.75929189e+000 7.85555410e+000 5.70544161e+000 2.15011249e+000
 1.79070781e+000 7.20053703e+000 5.84934583e+000 1.35119120e+000
 1.82212374e+000 6.79014316e+000 5.99066728e+000 7.99475876e-001
 1.85353967e+000 6.68099272e+000 6.12895062e+000 5.52042102e-001
 1.88495559e+000 6.75759581e+000 6.26371715e+000 4.93878663e-001
 1.91637152e+000 6.78687077e+000 6.39446431e+000 3.92406456e-001
 1.94778745e+000 6.52429990e+000 6.52066514e+000 3.63476154e-003
 1.97920337e+000 5.83370153e+000 6.64176775e+000 8.08066224e-001
 2.01061930e+000 4.77528248e+000 6.75719486e+000 1.98191238e+000
 2.04203522e+000 3.62528156e+000 6.86634331e+000 3.24106176e+000
 2.07345115e+000 2.81278764e+000 6.96858362e+000 4.15579598e+000
 2.10486708e+000 2.78802546e+000 7.06325955e+000 4.27523409e+000
 2.13628300e+000 3.86185165e+000 7.14968773e+000 3.28783608e+000
 2.16769893e+000 6.06947078e+000 7.22715726e+000 1.15768647e+000
 2.19911486e+000 9.10738506e+000 7.29492939e+000 1.81245568e+000
 2.23053078e+000 1.23719191e+001 7.35223721e+000 5.01968192e+000
 2.26194671e+000 1.50964925e+001 7.39828542e+000 7.69820707e+000
 2.29336264e+000 1.65529736e+001 7.43225005e+000 9.12072359e+000
 2.32477856e+000 1.62602289e+001 7.45327834e+000 8.80695060e+000
 2.35619449e+000 1.41377655e+001 7.46048854e+000 6.67727696e+000
 2.38761042e+000 1.05562282e+001 7.45296991e+000 3.10325832e+000
 2.41902634e+000 6.26549981e+000 7.42978262e+000 1.16428281e+000
 2.45044227e+000 2.21655351e+000 7.38995783e+000 5.17340433e+000
 2.48185820e+000 -6.75703285e-001 7.33249776e+000 8.00820105e+000
 2.51327412e+000 -1.76394812e+000 7.25637583e+000 9.02032395e+000
 2.54469005e+000 -8.31084430e-001 7.16053693e+000 7.99162136e+000
 2.57610598e+000 1.85962412e+000 7.04389766e+000 5.18427354e+000
 2.60752190e+000 5.63876542e+000 6.90534676e+000 1.26658133e+000
 2.63893783e+000 9.60670245e+000 6.74374551e+000 2.86295694e+000
 2.67035376e+000 1.28614166e+001 6.55792832e+000 6.30348827e+000
 2.70176968e+000 1.47161579e+001 6.34670335e+000 8.36945451e+000
 2.73318561e+000 1.48502341e+001 6.10885319e+000 8.74138093e+000
 2.76460154e+000 1.33571668e+001 5.84313575e+000 7.51403106e+000
 2.79601746e+000 1.06841627e+001 5.54828513e+000 5.13587755e+000
 2.82743339e+000 7.48660498e+000 5.22301271e+000 2.26359227e+000
 2.85884931e+000 4.44273061e+000 4.86600825e+000 4.23277635e-001
 2.89026524e+000 2.08132500e+000 4.47594118e+000 2.39461618e+000
 2.92168117e+000 6.67824603e-001 4.05146201e+000 3.38363741e+000
 2.95309709e+000 1.74665852e-001 3.59120382e+000 3.41653797e+000
 2.98451302e+000 3.36250586e-001 3.09378392e+000 2.75753333e+000
 3.01592895e+000 7.64981613e-001 2.55780566e+000 1.79282405e+000
 3.04734487e+000 1.08906227e+000 1.98186037e+000 8.92798099e-001
 3.07876080e+000 1.06913103e+000 1.36452942e+000 2.95398384e-001
 3.11017673e+000 6.59729934e-001 7.04386497e-001 4.46565626e-002
 3.14159265e+000 -1.65881428e-014 2.83382392e-015 1.94219667e-014
