 0.00000000e+000 0.00000000e+000 0.00000000e+000 0.00000000e+000
 3.14159265e-002 2.35069312e-002 3.24132214e-002 8.90629015e-003
 6.28318531e-002 4.86169234e-002 6.68623449e-002 1.82454215e-002
 9.42477796e-002 7.68075782e-002 1.03409224e-001 2.66016461e-002
 1.25663706e-001 1.09317484e-001 1.42115451e-001 3.27979671e-002
 1.57079633e-001 1.47055310e-001 1.83042214e-001 3.59869038e-002
 1.88495559e-001 1.90540067e-001 2.26250143e-001 3.57100759e-002
 2.19911486e-001 2.39878028e-001 2.71799158e-001 3.19211298e-002
 2.51327412e-001 2.94778190e-001 3.19748292e-001 2.49701025e-002
 2.82743339e-001 3.54604448e-001 3.70155520e-001 1.55510722e-002
 3.14159265e-001 4.18459065e-001 4.23077568e-001 4.61850364e-003
 3.45575192e-001 4.85289010e-001 4.78569719e-001 6.71929080e-003
 3.76991118e-001 5.54004587e-001 5.36685605e-001 1.73189819e-002
 4.08407045e-001 6.23598624e-001 5.97476992e-001 2.61216318e-002
 4.39822972e-001 6.93254563e-001 6.60993554e-001 3.22610082e-002
 4.71238898e-001 7.62432959e-001 7.27282634e-001 3.51503241e-002
 5.02654825e-001 8.30928147e-001 7.96388999e-001 3.45391482e-002
 5.34070751e-001 8.98889833e-001 8.68354578e-001 3.05352548e-002
 5.65486678e-001 9.66807912e-001 9.43218198e-001 2.35897142e-002
 5.96902604e-001 1.03546250e+000 1.02101530e+000 1.44471978e-002
 6.28318531e-001 1.10584457e+000 1.10177764e+000 4.06692904e-003
 6.59734457e-001 1.17905562e+000 1.18553302e+000 6.47739669e-003
 6.91150384e-001 1.25619655e+000 1.27230491e+000 1.61083601e-002
 7.22566310e-001 1.33825730e+000 1.36211218e+000 2.38548817e-002
 7.53982237e-001 1.42601834e+000 1.45496874e+000 2.89504069e-002
 7.85398163e-001 1.51997389e+000 1.55088320e+000 3.09093060e-002
 8.16814090e-001 1.62028461e+000 1.64985847e+000 2.95738591e-002
 8.48230016e-001 1.72676420e+000 1.75189144e+000 2.51272372e-002
 8.79645943e-001 1.83890118e+000 1.85697256e+000 1.80713823e-002
 9.11061870e-001 1.95591318e+000 1.96508546e+000 9.17227646e-003
 9.42477796e-001 2.07682811e+000 2.07620652e+000 6.21590521e-004
 9.73893723e-001 2.20058350e+000 2.19030447e+000 1.02790236e-002
 1.00530965e+000 2.32613378e+000 2.30733996e+000 1.87938283e-002
 1.03672558e+000 2.45255434e+000 2.42726507e+000 2.52892737e-002
 1.06814150e+000 2.57913145e+000 2.55002291e+000 2.91085358e-002
 1.09955743e+000 2.70542896e+000 2.67554714e+000 2.98818123e-002
 1.13097336e+000 2.83132470e+000 2.80376147e+000 2.75632269e-002
 1.16238928e+000 2.95701296e+000 2.93457919e+000 2.24337691e-002
 1.19380521e+000 3.08297267e+000 3.06790264e+000 1.50700345e-002
 1.22522113e+000 3.20990483e+000 3.20362276e+000 6.28207340e-003
 1.25663706e+000 3.33864536e+000 3.34161850e+000 2.97313872e-003
 1.28805299e+000 3.47006281e+000 3.48175637e+000 1.16935553e-002
 1.31946891e+000 3.60495123e+000 3.62388980e+000 1.89385762e-002
 1.35088484e+000 3.74392966e+000 3.76785871e+000 2.39290586e-002
 1.38230077e+000 3.88735857e+000 3.91348887e+000 2.61302967e-002
 1.41371669e+000 4.03528217e+000 4.06059136e+000 2.53091904e-002
 1.44513262e+000 4.18740254e+000 4.20896203e+000 2.15594864e-002
 1.47654855e+000 4.34308861e+000 4.35838090e+000 1.52922897e-002
 1.50796447e+000 4.50141891e+000 4.50861158e+000 7.19267199e-003
 1.53938040e+000 4.66125394e+000 4.65940072e+000 1.85322425e-003
 1.57079633e+000 4.82133044e+000 4.81047738e+000 1.08530547e-002
 1.60221225e+000 4.98036768e+000 4.96155248e+000 1.88151991e-002
 1.63362818e+000 5.13717466e+000 5.11231819e+000 2.48564661e-002
 1.66504411e+000 5.29074644e+000 5.26244735e+000 2.82990970e-002
 1.69646003e+000 5.44033947e+000 5.41159287e+000 2.87465920e-002
 1.72787596e+000 5.58551718e+000 5.55938719e+000 2.61299900e-002
 1.75929189e+000 5.72616087e+000 5.70544161e+000 2.07192549e-002
 1.79070781e+000 5.86244387e+000 5.84934583e+000 1.30980424e-002
 1.82212374e+000 5.99477126e+000 5.99066728e+000 4.10398172e-003
 1.85353967e+000 6.12369093e+000 6.12895062e+000 5.25968961e-003
 1.88495559e+000 6.24978500e+000 6.26371715e+000 1.39321495e-002
 1.91637152e+000 6.37355290e+000 6.39446431e+000 2.09114134e-002
 1.94778745e+000 6.49529837e+000 6.52066514e+000 2.53667657e-002
 1.97920337e+000 6.61503279e+000 6.64176775e+000 2.67349594e-002
 2.01061930e+000 6.73240548e+000 6.75719486e+000 2.47893806e-002
 2.04203522e+000 6.84666933e+000 6.86634331e+000 1.96739840e-002
 2.07345115e+000 6.95668628e+000 6.96858362e+000 1.18973418e-002
 2.10486708e+000 7.06097328e+000 7.06325955e+000 2.28627056e-003
 2.13628300e+000 7.15778494e+000 7.14968773e+000 8.09720392e-003
 2.16769893e+000 7.24522501e+000 7.22715726e+000 1.80677537e-002
 2.19911486e+000 7.32137578e+000 7.29492939e+000 2.64463925e-002
 2.23053078e+000 7.38443164e+000 7.35223721e+000 3.21944319e-002
 2.26194671e+000 7.43282277e+000 7.39828542e+000 3.45373525e-002
 2.29336264e+000 7.46531474e+000 7.43225005e+000 3.30646846e-002
 2.32477856e+000 7.48107228e+000 7.45327834e+000 2.77939467e-002
 2.35619449e+000 7.47967850e+000 7.46048854e+000 1.91899587e-002
 2.38761042e+000 7.46110506e+000 7.45296991e+000 8.13514985e-003
 2.41902634e+000 7.42563405e+000 7.42978262e+000 4.14857477e-003
 2.45044227e+000 7.37373710e+000 7.38995783e+000 1.62207306e-002
 2.48185820e+000 7.30592231e+000 7.33249776e+000 2.65754469e-002
 2.51327412e+000 7.22256332e+000 7.25637583e+000 3.38125168e-002
 2.54469005e+000 7.12372781e+000 7.16053693e+000 3.68091244e-002
 2.57610598e+000 7.00902379e+000 7.04389766e+000 3.48738742e-002
 2.60752190e+000 6.87748147e+000 6.90534676e+000 2.78652820e-002
 2.63893783e+000 6.72748635e+000 6.74374551e+000 1.62591591e-002
 2.67035376e+000 6.55677514e+000 6.55792832e+000 1.15318672e-003
 2.70176968e+000 6.36250121e+000 6.34670335e+000 1.57978598e-002
 2.73318561e+000 6.14136995e+000 6.10885319e+000 3.25167620e-002
 2.76460154e+000 5.88983830e+000 5.84313575e+000 4.67025557e-002
 2.79601746e+000 5.60436646e+000 5.54828513e+000 5.60813270e-002
 2.82743339e+000 5.28170455e+000 5.22301271e+000 5.86918442e-002
 2.85884931e+000 4.91919299e+000 4.86600825e+000 5.31847468e-002
 2.89026524e+000 4.51505289e+000 4.47594118e+000 3.91117069e-002
 2.92168117e+000 4.06864264e+000 4.05146201e+000 1.71806252e-002
 2.95309709e+000 3.58065844e+000 3.59120382e+000 1.05453810e-002
 2.98451302e+000 3.05326011e+000 3.09378392e+000 4.05238094e-002
 3.01592895e+000 2.49010894e+000 2.55780566e+000 6.76967233e-002
 3.04734487e+000 1.89631080e+000 1.98186037e+000 8.55495681e-002
 3.07876080e+000 1.27826508e+000 1.36452942e+000 8.62643370e-002
 3.11017673e+000 6.43427282e-001 7.04386497e-001 6.09592150e-002
 3.14159265e+000 1.65292971e-015 2.83382392e-015 1.18089421e-015
