 0.00000000e+000 0.00000000e+000 0.00000000e+000 0.00000000e+000
 3.14159265e-002 4.00333350e-002 3.24132214e-002 7.62011363e-003
 6.28318531e-002 7.94661261e-002 6.68623449e-002 1.26037812e-002
 9.42477796e-002 1.17924274e-001 1.03409224e-001 1.45150502e-002
 1.25663706e-001 1.55433625e-001 1.42115451e-001 1.33181735e-002
 1.57079633e-001 1.92499493e-001 1.83042214e-001 9.45727974e-003
 1.88495559e-001 2.30072390e-001 2.26250143e-001 3.82224714e-003
 2.19911486e-001 2.69405831e-001 2.71799158e-001 2.39332723e-003
 2.51327412e-001 3.11836637e-001 3.19748292e-001 7.91165485e-003
 2.82743339e-001 3.58535973e-001 3.70155520e-001 1.16195473e-002
 3.14159265e-001 4.10286454e-001 4.23077568e-001 1.27911142e-002
 3.45575192e-001 4.67335506e-001 4.78569719e-001 1.12342129e-002
 3.76991118e-001 5.29358685e-001 5.36685605e-001 7.32691964e-003
 4.08407045e-001 5.95542666e-001 5.97476992e-001 1.93432607e-003
 4.39822972e-001 6.64771253e-001 6.60993554e-001 3.77769814e-003
 4.71238898e-001 7.35874966e-001 7.27282634e-001 8.59233113e-003
 5.02654825e-001 8.07890566e-001 7.96388999e-001 1.15015675e-002
 5.34070751e-001 8.80274433e-001 8.68354578e-001 1.19198552e-002
 5.65486678e-001 9.53023643e-001 9.43218198e-001 9.80544466e-003
 5.96902604e-001 1.02667869e+000 1.02101530e+000 5.66339373e-003
 6.28318531e-001 1.10220768e+000 1.10177764e+000 4.30037063e-004
 6.59734457e-001 1.18079767e+000 1.18553302e+000 4.73534985e-003
 6.91150384e-001 1.26359921e+000 1.27230491e+000 8.70570136e-003
 7.22566310e-001 1.35148016e+000 1.36211218e+000 1.06320162e-002
 7.53982237e-001 1.44484269e+000 1.45496874e+000 1.01260571e-002
 7.85398163e-001 1.54354304e+000 1.55088320e+000 7.34015806e-003
 8.16814090e-001 1.64693121e+000 1.64985847e+000 2.92725761e-003
 8.48230016e-001 1.75400063e+000 1.75189144e+000 2.10919712e-003
 8.79645943e-001 1.86361408e+000 1.85697256e+000 6.64152191e-003
 9.11061870e-001 1.97475503e+000 1.96508546e+000 9.66957463e-003
 9.42477796e-001 2.08674848e+000 2.07620652e+000 1.05419604e-002
 9.73893723e-001 2.19940212e+000 2.19030447e+000 9.09764639e-003
 1.00530965e+000 2.31303688e+000 2.30733996e+000 5.69692449e-003
 1.03672558e+000 2.42840055e+000 2.42726507e+000 1.13548560e-003
 1.06814150e+000 2.54648443e+000 2.55002291e+000 3.53848070e-003
 1.09955743e+000 2.66828453e+000 2.67554714e+000 7.26261487e-003
 1.13097336e+000 2.79456116e+000 2.80376147e+000 9.20031746e-003
 1.16238928e+000 2.92565092e+000 2.93457919e+000 8.92826537e-003
 1.19380521e+000 3.06137320e+000 3.06790264e+000 6.52944357e-003
 1.22522113e+000 3.20105174e+000 3.20362276e+000 2.57101387e-003
 1.25663706e+000 3.34364612e+000 3.34161850e+000 2.02762097e-003
 1.28805299e+000 3.48796274e+000 3.48175637e+000 6.20637610e-003
 1.31946891e+000 3.63289728e+000 3.62388980e+000 9.00747048e-003
 1.35088484e+000 3.77765323e+000 3.76785871e+000 9.79451571e-003
 1.38230077e+000 3.92188665e+000 3.91348887e+000 8.39777839e-003
 1.41371669e+000 4.06574378e+000 4.06059136e+000 5.15241976e-003
 1.44513262e+000 4.20978287e+000 4.20896203e+000 8.20839360e-004
 1.47654855e+000 4.35479758e+000 4.35838090e+000 3.58332191e-003
 1.50796447e+000 4.50158216e+000 4.50861158e+000 7.02941949e-003
 1.53938040e+000 4.65069205e+000 4.65940072e+000 8.70866970e-003
 1.57079633e+000 4.80225470e+000 4.81047738e+000 8.22267721e-003
 1.60221225e+000 4.95587461e+000 4.96155248e+000 5.67787069e-003
 1.63362818e+000 5.11065478e+000 5.11231819e+000 1.66340576e-003
 1.66504411e+000 5.26533061e+000 5.26244735e+000 2.88326319e-003
 1.69646003e+000 5.41848588e+000 5.41159287e+000 6.89300535e-003
 1.72787596e+000 5.56880159e+000 5.55938719e+000 9.41440619e-003
 1.75929189e+000 5.71527998e+000 5.70544161e+000 9.83836233e-003
 1.79070781e+000 5.85739115e+000 5.84934583e+000 8.04531896e-003
 1.82212374e+000 5.99510707e+000 5.99066728e+000 4.43978443e-003
 1.85353967e+000 6.12881299e+000 6.12895062e+000 1.37627011e-004
 1.88495559e+000 6.25911506e+000 6.26371715e+000 4.60208607e-003
 1.91637152e+000 6.38658698e+000 6.39446431e+000 7.87733377e-003
 1.94778745e+000 6.51151382e+000 6.52066514e+000 9.15131587e-003
 1.97920337e+000 6.63369300e+000 6.64176775e+000 8.07475377e-003
 2.01061930e+000 6.75234014e+000 6.75719486e+000 4.85471901e-003
 2.04203522e+000 6.86612465e+000 6.86634331e+000 2.18658003e-004
 2.07345115e+000 6.97332965e+000 6.96858362e+000 4.74602523e-003
 2.10486708e+000 7.07210201e+000 7.06325955e+000 8.84245925e-003
 2.13628300e+000 7.16073613e+000 7.14968773e+000 1.10483999e-002
 2.16769893e+000 7.23792509e+000 7.22715726e+000 1.07678303e-002
 2.19911486e+000 7.30291879e+000 7.29492939e+000 7.98940611e-003
 2.23053078e+000 7.35554804e+000 7.35223721e+000 3.31082491e-003
 2.26194671e+000 7.39610359e+000 7.39828542e+000 2.18183190e-003
 2.29336264e+000 7.42509298e+000 7.43225005e+000 7.15707685e-003
 2.32477856e+000 7.44292745e+000 7.45327834e+000 1.03508816e-002
 2.35619449e+000 7.44961033e+000 7.46048854e+000 1.08782045e-002
 2.38761042e+000 7.44450102e+000 7.45296991e+000 8.46888287e-003
 2.41902634e+000 7.42621498e+000 7.42978262e+000 3.56763937e-003
 2.45044227e+000 7.39269114e+000 7.38995783e+000 2.73330390e-003
 2.48185820e+000 7.34142069e+000 7.33249776e+000 8.92292846e-003
 2.51327412e+000 7.26979291e+000 7.25637583e+000 1.34170753e-002
 2.54469005e+000 7.17548330e+000 7.16053693e+000 1.49463662e-002
 2.57610598e+000 7.05679434e+000 7.04389766e+000 1.28966812e-002
 2.60752190e+000 6.91286381e+000 6.90534676e+000 7.51705216e-003
 2.63893783e+000 6.74367969e+000 6.74374551e+000 6.58138608e-005
 2.67035376e+000 6.54988113e+000 6.55792832e+000 8.04719548e-003
 2.70176968e+000 6.33237212e+000 6.34670335e+000 1.43312296e-002
 2.73318561e+000 6.09182084e+000 6.10885319e+000 1.70323511e-002
 2.76460154e+000 5.82815061e+000 5.84313575e+000 1.49851357e-002
 2.79601746e+000 5.54014212e+000 5.54828513e+000 8.14301487e-003
 2.82743339e+000 5.22525541e+000 5.22301271e+000 2.24270226e-003
 2.85884931e+000 4.87974569e+000 4.86600825e+000 1.37374407e-002
 2.89026524e+000 4.49909406e+000 4.47594118e+000 2.31528814e-002
 2.92168117e+000 4.07871357e+000 4.05146201e+000 2.72515593e-002
 2.95309709e+000 3.61483273e+000 3.59120382e+000 2.36289126e-002
 2.98451302e+000 3.10541624e+000 3.09378392e+000 1.16323208e-002
 3.01592895e+000 2.55096358e+000 2.55780566e+000 6.84207643e-003
 3.04734487e+000 1.95503647e+000 1.98186037e+000 2.68238988e-002
 3.07876080e+000 1.32440411e+000 1.36452942e+000 4.01253094e-002
 3.11017673e+000 6.68755607e-001 7.04386497e-001 3.56308900e-002
 3.14159265e+000 1.82258726e-015 2.83382392e-015 1.01123667e-015
