 0.00000000e+000 0.00000000e+000 0.00000000e+000 0.00000000e+000
 3.14159265e-002 4.64348317e-001 3.24132214e-002 4.31935096e-001
 6.28318531e-002 3.08349349e+000 6.68623449e-002 3.01663115e+000
 9.42477796e-002 7.48327431e+000 1.03409224e-001 7.37986509e+000
 1.25663706e-001 1.05920819e+001 1.42115451e-001 1.04499664e+001
 1.57079633e-001 9.13230712e+000 1.83042214e-001 8.94926491e+000
 1.88495559e-001 2.70267269e+000 2.26250143e-001 2.47642255e+000
 2.19911486e-001 -5.26070044e+000 2.71799158e-001 5.53249960e+000
 2.51327412e-001 -9.67946063e+000 3.19748292e-001 9.99920893e+000
 2.82743339e-001 -7.58729683e+000 3.70155520e-001 7.95745235e+000
 3.14159265e-001 -4.62580083e-001 4.23077568e-001 8.85657652e-001
 3.45575192e-001 6.77818011e+000 4.78569719e-001 6.29961039e+000
 3.76991118e-001 9.36743835e+000 5.36685605e-001 8.83075275e+000
 4.08407045e-001 6.00870570e+000 5.97476992e-001 5.41122870e+000
 4.39822972e-001 -6.64113516e-001 6.60993554e-001 1.32510707e+000
 4.71238898e-001 -6.69156898e+000 7.27282634e-001 7.41885162e+000
 5.02654825e-001 -1.01107481e+001 7.96388999e-001 1.09071371e+001
 5.34070751e-001 -1.21034038e+001 8.68354578e-001 1.29717584e+001
 5.65486678e-001 -1.50302363e+001 9.43218198e-001 1.59734545e+001
 5.96902604e-001 -1.92222633e+001 1.02101530e+000 2.02432786e+001
 6.28318531e-001 -2.16386262e+001 1.10177764e+000 2.27404038e+001
 6.59734457e-001 -1.79962818e+001 1.18553302e+000 1.91818149e+001
 6.91150384e-001 -6.88871112e+000 1.27230491e+000 8.16101603e+000
 7.22566310e-001 7.64977756e+000 1.36211218e+000 6.28766538e+000
 7.53982237e-001 1.78051225e+001 1.45496874e+000 1.63501538e+001
 7.85398163e-001 1.72183025e+001 1.55088320e+000 1.56674193e+001
 8.16814090e-001 5.99285739e+000 1.64985847e+000 4.34299892e+000
 8.48230016e-001 -8.61235907e+000 1.75189144e+000 1.03642505e+001
 8.79645943e-001 -1.68222201e+001 1.85697256e+000 1.86791927e+001
 9.11061870e-001 -1.31711653e+001 1.96508546e+000 1.51362507e+001
 9.42477796e-001 -4.40782990e-001 2.07620652e+000 2.51698951e+000
 9.73893723e-001 1.23627521e+001 2.19030447e+000 1.01724476e+001
 1.00530965e+000 1.65389828e+001 2.30733996e+000 1.42316428e+001
 1.03672558e+000 9.76435283e+000 2.42726507e+000 7.33708776e+000
 1.06814150e+000 -2.90563934e+000 2.55002291e+000 5.45566225e+000
 1.09955743e+000 -1.36659577e+001 2.67554714e+000 1.63415048e+001
 1.13097336e+000 -1.82529877e+001 2.80376147e+000 2.10567492e+001
 1.16238928e+000 -1.86234490e+001 2.93457919e+000 2.15580282e+001
 1.19380521e+000 -1.98462617e+001 3.06790264e+000 2.29141644e+001
 1.22522113e+000 -2.40691605e+001 3.20362276e+000 2.72727832e+001
 1.25663706e+000 -2.71776018e+001 3.34161850e+000 3.05192203e+001
 1.28805299e+000 -2.17174112e+001 3.48175637e+000 2.51991676e+001
 1.31946891e+000 -4.22502855e+000 3.62388980e+000 7.84891835e+000
 1.35088484e+000 1.92583150e+001 3.76785871e+000 1.54904563e+001
 1.38230077e+000 3.50874196e+001 3.91348887e+000 3.11739307e+001
 1.41371669e+000 3.12694848e+001 4.06059136e+000 2.72088934e+001
 1.44513262e+000 7.57324616e+000 4.20896203e+000 3.36428413e+000
 1.47654855e+000 -2.18558431e+001 4.35838090e+000 2.62142240e+001
 1.50796447e+000 -3.68315427e+001 4.50861158e+000 4.13401543e+001
 1.53938040e+000 -2.54621779e+001 4.65940072e+000 3.01215786e+001
 1.57079633e+000 5.94038371e+000 4.81047738e+000 1.12990633e+000
 1.60221225e+000 3.55969931e+001 4.96155248e+000 3.06354406e+001
 1.63362818e+000 4.09346404e+001 5.11231819e+000 3.58223222e+001
 1.66504411e+000 1.52490533e+001 5.26244735e+000 9.98660593e+000
 1.69646003e+000 -2.59405433e+001 5.41159287e+000 3.13521362e+001
 1.72787596e+000 -5.42450102e+001 5.55938719e+000 5.98043974e+001
 1.75929189e+000 -4.74293792e+001 5.70544161e+000 5.31348208e+001
 1.79070781e+000 -4.62682130e+000 5.84934583e+000 1.04761671e+001
 1.82212374e+000 5.32745383e+001 5.99066728e+000 4.72838710e+001
 1.85353967e+000 9.82155600e+001 6.12895062e+000 9.20866094e+001
 1.88495559e+000 1.13495611e+002 6.26371715e+000 1.07231894e+002
 1.91637152e+000 1.02427402e+002 6.39446431e+000 9.60329379e+001
 1.94778745e+000 8.12692303e+001 6.52066514e+000 7.47485652e+001
 1.97920337e+000 6.32408946e+001 6.64176775e+000 5.65991269e+001
 2.01061930e+000 4.76569943e+001 6.75719486e+000 4.08997994e+001
 2.04203522e+000 2.38368734e+001 6.86634331e+000 1.69705300e+001
 2.07345115e+000 -1.34825299e+001 6.96858362e+000 2.04511135e+001
 2.10486708e+000 -5.15751838e+001 7.06325955e+000 5.86384433e+001
 2.13628300e+000 -6.37648770e+001 7.14968773e+000 7.09145647e+001
 2.16769893e+000 -3.06745798e+001 7.22715726e+000 3.79017371e+001
 2.19911486e+000 3.68454850e+001 7.29492939e+000 2.95505556e+001
 2.23053078e+000 9.42618479e+001 7.35223721e+000 8.69096107e+001
 2.26194671e+000 8.89398998e+001 7.39828542e+000 8.15416143e+001
 2.29336264e+000 2.02751197e+000 7.43225005e+000 5.40473808e+000
 2.32477856e+000 -1.22858049e+002 7.45327834e+000 1.30311327e+002
 2.35619449e+000 -1.90413588e+002 7.46048854e+000 1.97874076e+002
 2.38761042e+000 -1.05924391e+002 7.45296991e+000 1.13377361e+002
 2.41902634e+000 1.59267699e+002 7.42978262e+000 1.51837916e+002
 2.45044227e+000 5.32139245e+002 7.38995783e+000 5.24749287e+002
 2.48185820e+000 8.61466490e+002 7.33249776e+000 8.54133992e+002
 2.51327412e+000 9.93648958e+002 7.25637583e+000 9.86392582e+002
 2.54469005e+000 8.58650393e+002 7.16053693e+000 8.51489856e+002
 2.57610598e+000 5.13434519e+002 7.04389766e+000 5.06390621e+002
 2.60752190e+000 1.13902661e+002 6.90534676e+000 1.06997314e+002
 2.63893783e+000 -1.69856880e+002 6.74374551e+000 1.76600626e+002
 2.67035376e+000 -2.44481337e+002 6.55792832e+000 2.51039266e+002
 2.70176968e+000 -1.36039607e+002 6.34670335e+000 1.42386310e+002
 2.73318561e+000 3.89084084e+001 6.10885319e+000 3.27995552e+001
 2.76460154e+000 1.51989886e+002 5.84313575e+000 1.46146750e+002
 2.79601746e+000 1.39674075e+002 5.54828513e+000 1.34125790e+002
 2.82743339e+000 3.09268984e+001 5.22301271e+000 2.57038857e+001
 2.85884931e+000 -8.62209183e+001 4.86600825e+000 9.10869265e+001
 2.89026524e+000 -1.30889176e+002 4.47594118e+000 1.35365117e+002
 2.92168117e+000 -8.14453018e+001 4.05146201e+000 8.54967638e+001
 2.95309709e+000 1.91149843e+001 3.59120382e+000 1.55237805e+001
 2.98451302e+000 1.01991755e+002 3.09378392e+000 9.88979711e+001
 3.01592895e+000 1.23002244e+002 2.55780566e+000 1.20444438e+002
 3.04734487e+000 8.76208973e+001 1.98186037e+000 8.56390370e+001
 3.07876080e+000 3.61362171e+001 1.36452942e+000 3.47716877e+001
 3.11017673e+000 5.43782363e+000 7.04386497e-001 4.73343713e+000
 3.14159265e+000 1.42656463e-012 2.83382392e-015 1.42373080e-012
