 0.00000000e+000 0.00000000e+000 0.00000000e+000 0.00000000e+000
 3.14159265e-002 7.18709268e-002 3.24132214e-002 3.94577054e-002
 6.28318531e-002 1.39145844e-001 6.68623449e-002 7.22834992e-002
 9.42477796e-002 1.98239471e-001 1.03409224e-001 9.48302466e-002
 1.25663706e-001 2.47371784e-001 1.42115451e-001 1.05256333e-001
 1.57079633e-001 2.86977072e-001 1.83042214e-001 1.03934859e-001
 1.88495559e-001 3.19641809e-001 2.26250143e-001 9.33916656e-002
 2.19911486e-001 3.49587554e-001 2.71799158e-001 7.77883959e-002
 2.51327412e-001 3.81813126e-001 3.19748292e-001 6.20648337e-002
 2.82743339e-001 4.21082968e-001 3.70155520e-001 5.09274478e-002
 3.14159265e-001 4.70980291e-001 4.23077568e-001 4.79027230e-002
 3.45575192e-001 5.33227414e-001 4.78569719e-001 5.46576945e-002
 3.76991118e-001 6.07415542e-001 5.36685605e-001 7.07299365e-002
 4.08407045e-001 6.91195503e-001 5.97476992e-001 9.37185103e-002
 4.39822972e-001 7.80879704e-001 6.60993554e-001 1.19886150e-001
 4.71238898e-001 8.72316209e-001 7.27282634e-001 1.45033574e-001
 5.02654825e-001 9.61837858e-001 7.96388999e-001 1.65448859e-001
 5.34070751e-001 1.04707544e+000 8.68354578e-001 1.78720859e-001
 5.65486678e-001 1.12745671e+000 9.43218198e-001 1.84238516e-001
 5.96902604e-001 1.20428528e+000 1.02101530e+000 1.83269980e-001
 6.28318531e-001 1.28038816e+000 1.10177764e+000 1.78610511e-001
 6.59734457e-001 1.35941796e+000 1.18553302e+000 1.73884939e-001
 6.91150384e-001 1.44497228e+000 1.27230491e+000 1.72667372e-001
 7.22566310e-001 1.53973307e+000 1.36211218e+000 1.77620886e-001
 7.53982237e-001 1.64482296e+000 1.45496874e+000 1.89854216e-001
 7.85398163e-001 1.75952571e+000 1.55088320e+000 2.08642509e-001
 8.16814090e-001 1.88143470e+000 1.64985847e+000 2.31576235e-001
 8.48230016e-001 2.00699649e+000 1.75189144e+000 2.55105057e-001
 8.79645943e-001 2.13232632e+000 1.85697256e+000 2.75353757e-001
 9.11061870e-001 2.25411066e+000 1.96508546e+000 2.89025202e-001
 9.42477796e-001 2.37039145e+000 2.07620652e+000 2.94184929e-001
 9.73893723e-001 2.48105219e+000 2.19030447e+000 2.90747716e-001
 1.00530965e+000 2.58789284e+000 2.30733996e+000 2.80552889e-001
 1.03672558e+000 2.69427223e+000 2.42726507e+000 2.67007163e-001
 1.06814150e+000 2.80439389e+000 2.55002291e+000 2.54370982e-001
 1.09955743e+000 2.92239198e+000 2.67554714e+000 2.46844832e-001
 1.13097336e+000 3.05141913e+000 2.80376147e+000 2.47657651e-001
 1.16238928e+000 3.19293922e+000 2.93457919e+000 2.58360035e-001
 1.19380521e+000 3.34638268e+000 3.06790264e+000 2.78480041e-001
 1.22522113e+000 3.50924185e+000 3.20362276e+000 3.05619095e-001
 1.25663706e+000 3.67758607e+000 3.34161850e+000 3.35967564e-001
 1.28805299e+000 3.84688239e+000 3.48175637e+000 3.65126029e-001
 1.31946891e+000 4.01293989e+000 3.62388980e+000 3.89050085e-001
 1.35088484e+000 4.17276775e+000 3.76785871e+000 4.04909036e-001
 1.38230077e+000 4.32515726e+000 3.91348887e+000 4.11668392e-001
 1.41371669e+000 4.47085975e+000 4.06059136e+000 4.10268392e-001
 1.44513262e+000 4.61232390e+000 4.20896203e+000 4.03361866e-001
 1.47654855e+000 4.75305511e+000 4.35838090e+000 3.94674212e-001
 1.50796447e+000 4.89674515e+000 4.50861158e+000 3.88133571e-001
 1.53938040e+000 5.04637185e+000 4.65940072e+000 3.86971135e-001
 1.57079633e+000 5.20347529e+000 4.81047738e+000 3.92997904e-001
 1.60221225e+000 5.36777601e+000 4.96155248e+000 4.06223532e-001
 1.63362818e+000 5.53722231e+000 5.11231819e+000 4.24904121e-001
 1.66504411e+000 5.70845403e+000 5.26244735e+000 4.46006684e-001
 1.69646003e+000 5.87757389e+000 5.41159287e+000 4.65981017e-001
 1.72787596e+000 6.04104442e+000 5.55938719e+000 4.81657239e-001
 1.75929189e+000 6.19649773e+000 5.70544161e+000 4.91056116e-001
 1.79070781e+000 6.34326308e+000 5.84934583e+000 4.93917243e-001
 1.82212374e+000 6.48248101e+000 5.99066728e+000 4.91813725e-001
 1.85353967e+000 6.61676786e+000 6.12895062e+000 4.87817244e-001
 1.88495559e+000 6.74950002e+000 6.26371715e+000 4.85782874e-001
 1.91637152e+000 6.88387883e+000 6.39446431e+000 4.89414521e-001
 1.94778745e+000 7.02199309e+000 6.52066514e+000 5.01327957e-001
 1.97920337e+000 7.16410310e+000 6.64176775e+000 5.22335351e-001
 2.01061930e+000 7.30832495e+000 6.75719486e+000 5.51130091e-001
 2.04203522e+000 7.45080596e+000 6.86634331e+000 5.84462643e-001
 2.07345115e+000 7.58636998e+000 6.96858362e+000 6.17786357e-001
 2.10486708e+000 7.70950100e+000 7.06325955e+000 6.46241449e-001
 2.13628300e+000 7.81544934e+000 7.14968773e+000 6.65761605e-001
 2.16769893e+000 7.90120792e+000 7.22715726e+000 6.74050659e-001
 2.19911486e+000 7.96612626e+000 7.29492939e+000 6.71196872e-001
 2.23053078e+000 8.01200394e+000 7.35223721e+000 6.59766725e-001
 2.26194671e+000 8.04261929e+000 7.39828542e+000 6.44333874e-001
 2.29336264e+000 8.06277747e+000 7.43225005e+000 6.30527417e-001
 2.32477856e+000 8.07707654e+000 7.45327834e+000 6.23798206e-001
 2.35619449e+000 8.08866441e+000 7.46048854e+000 6.28175873e-001
 2.38761042e+000 8.09827393e+000 7.45296991e+000 6.45304024e-001
 2.41902634e+000 8.10377340e+000 7.42978262e+000 6.73990778e-001
 2.45044227e+000 8.10036272e+000 7.38995783e+000 7.10404886e-001
 2.48185820e+000 8.08140332e+000 7.33249776e+000 7.48905562e-001
 2.51327412e+000 8.03972298e+000 7.25637583e+000 7.83347145e-001
 2.54469005e+000 7.96911749e+000 7.16053693e+000 8.08580555e-001
 2.57610598e+000 7.86570786e+000 7.04389766e+000 8.21810201e-001
 2.60752190e+000 7.72882142e+000 6.90534676e+000 8.23474667e-001
 2.63893783e+000 7.56114951e+000 6.74374551e+000 8.17404007e-001
 2.67035376e+000 7.36807981e+000 6.55792832e+000 8.10151490e-001
 2.70176968e+000 7.15627838e+000 6.34670335e+000 8.09575032e-001
 2.73318561e+000 6.93177007e+000 6.10885319e+000 8.22916884e-001
 2.76460154e+000 6.69789774e+000 5.84313575e+000 8.54761990e-001
 2.79601746e+000 6.45360066e+000 5.54828513e+000 9.05315527e-001
 2.82743339e+000 6.19242433e+000 5.22301271e+000 9.69411625e-001
 2.85884931e+000 5.90255761e+000 4.86600825e+000 1.03654936e+000
 2.89026524e+000 5.56800896e+000 4.47594118e+000 1.09206778e+000
 2.92168117e+000 5.17081494e+000 4.05146201e+000 1.11935293e+000
 2.95309709e+000 4.69396332e+000 3.59120382e+000 1.10275950e+000
 2.98451302e+000 4.12455294e+000 3.09378392e+000 1.03076902e+000
 3.01592895e+000 3.45663641e+000 2.55780566e+000 8.98830746e-001
 3.04734487e+000 2.69321762e+000 1.98186037e+000 7.11357248e-001
 3.07876080e+000 1.84700313e+000 1.36452942e+000 4.82473714e-001
 3.11017673e+000 9.39712389e-001 7.04386497e-001 2.35325891e-001
 3.14159265e+000 2.16062601e-015 2.83382392e-015 6.73197910e-016
