 0.00000000e+000 0.00000000e+000 0.00000000e+000 0.00000000e+000
 3.14159265e-002 -3.25644681e-001 3.24132214e-002 3.58057902e-001
 6.28318531e-002 -2.53685686e+000 6.68623449e-002 2.60371920e+000
 9.42477796e-002 -6.83183195e+000 1.03409224e-001 6.93524118e+000
 1.25663706e-001 -1.13317838e+001 1.42115451e-001 1.14738992e+001
 1.57079633e-001 -1.33024661e+001 1.83042214e-001 1.34855083e+001
 1.88495559e-001 -1.10855768e+001 2.26250143e-001 1.13118270e+001
 2.19911486e-001 -5.31677283e+000 2.71799158e-001 5.58857198e+000
 2.51327412e-001 1.44189694e+000 3.19748292e-001 1.12214865e+000
 2.82743339e-001 6.34630305e+000 3.70155520e-001 5.97614753e+000
 3.14159265e-001 7.97818492e+000 4.23077568e-001 7.55510735e+000
 3.45575192e-001 6.93842918e+000 4.78569719e-001 6.45985946e+000
 3.76991118e-001 5.04250884e+000 5.36685605e-001 4.50582323e+000
 4.08407045e-001 3.86464377e+000 5.97476992e-001 3.26716678e+000
 4.39822972e-001 3.75880144e+000 6.60993554e-001 3.09780788e+000
 4.71238898e-001 3.98407575e+000 7.27282634e-001 3.25679311e+000
 5.02654825e-001 3.64111832e+000 7.96388999e-001 2.84472932e+000
 5.34070751e-001 2.53743026e+000 8.68354578e-001 1.66907568e+000
 5.65486678e-001 1.27461492e+000 9.43218198e-001 3.31396720e-001
 5.96902604e-001 5.81155045e-001 1.02101530e+000 4.39860254e-001
 6.28318531e-001 5.59355164e-001 1.10177764e+000 5.42422480e-001
 6.59734457e-001 5.47443036e-001 1.18553302e+000 6.38089982e-001
 6.91150384e-001 -2.73207238e-001 1.27230491e+000 1.54551215e+000
 7.22566310e-001 -2.06000147e+000 1.36211218e+000 3.42211365e+000
 7.53982237e-001 -4.00586813e+000 1.45496874e+000 5.46083687e+000
 7.85398163e-001 -4.84502789e+000 1.55088320e+000 6.39591109e+000
 8.16814090e-001 -3.78322227e+000 1.64985847e+000 5.43308074e+000
 8.48230016e-001 -1.11326084e+000 1.75189144e+000 2.86515228e+000
 8.79645943e-001 1.96671611e+000 1.85697256e+000 1.09743552e-001
 9.11061870e-001 4.17365733e+000 1.96508546e+000 2.20857187e+000
 9.42477796e-001 4.94978795e+000 2.07620652e+000 2.87358143e+000
 9.73893723e-001 4.66550410e+000 2.19030447e+000 2.47519963e+000
 1.00530965e+000 4.14124877e+000 2.30733996e+000 1.83390881e+000
 1.03672558e+000 3.95460116e+000 2.42726507e+000 1.52733609e+000
 1.06814150e+000 4.11129700e+000 2.55002291e+000 1.56127409e+000
 1.09955743e+000 4.28127376e+000 2.67554714e+000 1.60572661e+000
 1.13097336e+000 4.28751691e+000 2.80376147e+000 1.48375543e+000
 1.16238928e+000 4.33881614e+000 2.93457919e+000 1.40423695e+000
 1.19380521e+000 4.77532236e+000 3.06790264e+000 1.70741972e+000
 1.22522113e+000 5.58277795e+000 3.20362276e+000 2.37915519e+000
 1.25663706e+000 6.17991693e+000 3.34161850e+000 2.83829842e+000
 1.28805299e+000 5.76069185e+000 3.48175637e+000 2.27893548e+000
 1.31946891e+000 3.96734447e+000 3.62388980e+000 3.43454667e-001
 1.35088484e+000 1.33023228e+000 3.76785871e+000 2.43762644e+000
 1.38230077e+000 -9.47971880e-001 3.91348887e+000 4.86146075e+000
 1.41371669e+000 -1.76055981e+000 4.06059136e+000 5.82115117e+000
 1.44513262e+000 -8.43220897e-001 4.20896203e+000 5.05218293e+000
 1.47654855e+000 1.08552953e+000 4.35838090e+000 3.27285136e+000
 1.50796447e+000 2.89890560e+000 4.50861158e+000 1.60970598e+000
 1.53938040e+000 3.88874494e+000 4.65940072e+000 7.70655775e-001
 1.57079633e+000 4.19045493e+000 4.81047738e+000 6.20022449e-001
 1.60221225e+000 4.50001418e+000 4.96155248e+000 4.61538297e-001
 1.63362818e+000 5.36990587e+000 5.11231819e+000 2.57587682e-001
 1.66504411e+000 6.70653719e+000 5.26244735e+000 1.44408984e+000
 1.69646003e+000 7.88946388e+000 5.41159287e+000 2.47787101e+000
 1.72787596e+000 8.37399088e+000 5.55938719e+000 2.81460370e+000
 1.75929189e+000 8.21212466e+000 5.70544161e+000 2.50668305e+000
 1.79070781e+000 8.00638178e+000 5.84934583e+000 2.15703595e+000
 1.82212374e+000 8.32840571e+000 5.99066728e+000 2.33773843e+000
 1.85353967e+000 9.13255027e+000 6.12895062e+000 3.00359965e+000
 1.88495559e+000 9.72292771e+000 6.26371715e+000 3.45921056e+000
 1.91637152e+000 9.34711476e+000 6.39446431e+000 2.95265045e+000
 1.94778745e+000 7.90779280e+000 6.52066514e+000 1.38712766e+000
 1.97920337e+000 6.13078319e+000 6.64176775e+000 5.10984560e-001
 2.01061930e+000 4.97402569e+000 6.75719486e+000 1.78316917e+000
 2.04203522e+000 4.74802474e+000 6.86634331e+000 2.11831858e+000
 2.07345115e+000 4.74212185e+000 6.96858362e+000 2.22646177e+000
 2.10486708e+000 3.78588090e+000 7.06325955e+000 3.27737866e+000
 2.13628300e+000 1.37923124e+000 7.14968773e+000 5.77045649e+000
 2.16769893e+000 -1.53983643e+000 7.22715726e+000 8.76699369e+000
 2.19911486e+000 -2.93706234e+000 7.29492939e+000 1.02319917e+001
 2.23053078e+000 -1.03202198e+000 7.35223721e+000 8.38425919e+000
 2.26194671e+000 4.29672900e+000 7.39828542e+000 3.10155642e+000
 2.29336264e+000 1.11471808e+001 7.43225005e+000 3.71493073e+000
 2.32477856e+000 1.66311433e+001 7.45327834e+000 9.17786500e+000
 2.35619449e+000 1.86133933e+001 7.46048854e+000 1.11529048e+001
 2.38761042e+000 1.69108038e+001 7.45296991e+000 9.45783394e+000
 2.41902634e+000 1.31352022e+001 7.42978262e+000 5.70541953e+000
 2.45044227e+000 9.42148206e+000 7.38995783e+000 2.03152422e+000
 2.48185820e+000 7.10922966e+000 7.33249776e+000 2.23268104e-001
 2.51327412e+000 6.36227650e+000 7.25637583e+000 8.94099338e-001
 2.54469005e+000 6.80219979e+000 7.16053693e+000 3.58337143e-001
 2.57610598e+000 8.30025271e+000 7.04389766e+000 1.25635505e+000
 2.60752190e+000 1.09637235e+001 6.90534676e+000 4.05837678e+000
 2.63893783e+000 1.42112263e+001 6.74374551e+000 7.46748079e+000
 2.67035376e+000 1.59183206e+001 6.55792832e+000 9.36039223e+000
 2.70176968e+000 1.28942221e+001 6.34670335e+000 6.54751879e+000
 2.73318561e+000 2.99348392e+000 6.10885319e+000 3.11536927e+000
 2.76460154e+000 -1.23818008e+001 5.84313575e+000 1.82249365e+001
 2.79601746e+000 -2.74752275e+001 5.54828513e+000 3.30235127e+001
 2.82743339e+000 -3.43736280e+001 5.22301271e+000 3.95966407e+001
 2.85884931e+000 -2.74398064e+001 4.86600825e+000 3.23058146e+001
 2.89026524e+000 -7.29434763e+000 4.47594118e+000 1.17702888e+001
 2.92168117e+000 1.85330183e+001 4.05146201e+000 1.44815563e+001
 2.95309709e+000 3.92169695e+001 3.59120382e+000 3.56257657e+001
 2.98451302e+000 4.65635362e+001 3.09378392e+000 4.34697523e+001
 3.01592895e+000 3.95195924e+001 2.55780566e+000 3.69617868e+001
 3.04734487e+000 2.42670654e+001 1.98186037e+000 2.22852050e+001
 3.07876080e+000 9.79746614e+000 1.36452942e+000 8.43293672e+000
 3.11017673e+000 1.95274633e+000 7.04386497e-001 1.24835984e+000
 3.14159265e+000 4.41017181e-014 2.83382392e-015 4.12678942e-014
