 0.00000000e+000 0.00000000e+000 0.00000000e+000 0.00000000e+000
 3.14159265e-002 3.52108815e-003 3.24132214e-002 2.88921332e-002
 6.28318531e-002 1.13162561e-002 6.68623449e-002 5.55460888e-002
 9.42477796e-002 2.72740568e-002 1.03409224e-001 7.61351675e-002
 1.25663706e-001 5.45494565e-002 1.42115451e-001 8.75659948e-002
 1.57079633e-001 9.52870149e-002 1.83042214e-001 8.77551986e-002
 1.88495559e-001 1.50442059e-001 2.26250143e-001 7.58080846e-002
 2.19911486e-001 2.19716950e-001 2.71799158e-001 5.20822078e-002
 2.51327412e-001 3.01618229e-001 3.19748292e-001 1.81300636e-002
 2.82743339e-001 3.93628516e-001 3.70155520e-001 2.34729957e-002
 3.14159265e-001 4.92475830e-001 4.23077568e-001 6.93982621e-002
 3.45575192e-001 5.94473427e-001 4.78569719e-001 1.15903708e-001
 3.76991118e-001 6.95896440e-001 5.36685605e-001 1.59210835e-001
 4.08407045e-001 7.93358116e-001 5.97476992e-001 1.95881124e-001
 4.39822972e-001 8.84148621e-001 6.60993554e-001 2.23155067e-001
 4.71238898e-001 9.66503263e-001 7.27282634e-001 2.39220629e-001
 5.02654825e-001 1.03977413e+000 7.96388999e-001 2.43385129e-001
 5.34070751e-001 1.10448880e+000 8.68354578e-001 2.36134222e-001
 5.65486678e-001 1.16229114e+000 9.43218198e-001 2.19072939e-001
 5.96902604e-001 1.21577082e+000 1.02101530e+000 1.94755517e-001
 6.28318531e-001 1.26819939e+000 1.10177764e+000 1.66421749e-001
 6.59734457e-001 1.32319987e+000 1.18553302e+000 1.37666853e-001
 6.91150384e-001 1.38438325e+000 1.27230491e+000 1.12078345e-001
 7.22566310e-001 1.45498872e+000 1.36211218e+000 9.28765370e-002
 7.53982237e-001 1.53756349e+000 1.45496874e+000 8.25947469e-002
 7.85398163e-001 1.63371436e+000 1.55088320e+000 8.28311612e-002
 8.16814090e-001 1.74395539e+000 1.64985847e+000 9.40969273e-002
 8.48230016e-001 1.86766671e+000 1.75189144e+000 1.15775273e-001
 8.79645943e-001 2.00316775e+000 1.85697256e+000 1.46195185e-001
 9.11061870e-001 2.14789706e+000 1.96508546e+000 1.82811598e-001
 9.42477796e-001 2.29867981e+000 2.07620652e+000 2.22473289e-001
 9.73893723e-001 2.45205534e+000 2.19030447e+000 2.61750861e-001
 1.00530965e+000 2.60463112e+000 2.30733996e+000 2.97291162e-001
 1.03672558e+000 2.75342697e+000 2.42726507e+000 3.26161900e-001
 1.06814150e+000 2.89617420e+000 2.55002291e+000 3.46151284e-001
 1.09955743e+000 3.03153932e+000 2.67554714e+000 3.55992174e-001
 1.13097336e+000 3.15924943e+000 2.80376147e+000 3.55487958e-001
 1.16238928e+000 3.28010665e+000 2.93457919e+000 3.45527464e-001
 1.19380521e+000 3.39589020e+000 3.06790264e+000 3.27987563e-001
 1.22522113e+000 3.50915640e+000 3.20362276e+000 3.05533644e-001
 1.25663706e+000 3.62295713e+000 3.34161850e+000 2.81338622e-001
 1.28805299e+000 3.74050592e+000 3.48175637e+000 2.58749556e-001
 1.31946891e+000 3.86482617e+000 3.62388980e+000 2.40936368e-001
 1.35088484e+000 3.99841780e+000 3.76785871e+000 2.30559088e-001
 1.38230077e+000 4.14297710e+000 3.91348887e+000 2.29488235e-001
 1.41371669e+000 4.29919894e+000 4.06059136e+000 2.38607577e-001
 1.44513262e+000 4.46668210e+000 4.20896203e+000 2.57720073e-001
 1.47654855e+000 4.64394816e+000 4.35838090e+000 2.85567260e-001
 1.50796447e+000 4.82857216e+000 4.50861158e+000 3.19960578e-001
 1.53938040e+000 5.01741225e+000 4.65940072e+000 3.58011534e-001
 1.57079633e+000 5.20691459e+000 4.81047738e+000 3.96437213e-001
 1.60221225e+000 5.39346210e+000 4.96155248e+000 4.31909620e-001
 1.63362818e+000 5.57373069e+000 5.11231819e+000 4.61412498e-001
 1.66504411e+000 5.74501549e+000 5.26244735e+000 4.82568145e-001
 1.69646003e+000 5.90549235e+000 5.41159287e+000 4.93899475e-001
 1.72787596e+000 6.05438613e+000 5.55938719e+000 4.94998947e-001
 1.75929189e+000 6.19202697e+000 5.70544161e+000 4.86585359e-001
 1.79070781e+000 6.31978682e+000 5.84934583e+000 4.70440988e-001
 1.82212374e+000 6.43990123e+000 5.99066728e+000 4.49233950e-001
 1.85353967e+000 6.55519339e+000 6.12895062e+000 4.26242772e-001
 1.88495559e+000 6.66872781e+000 6.26371715e+000 4.05010668e-001
 1.91637152e+000 6.78342919e+000 6.39446431e+000 3.88964881e-001
 1.94778745e+000 6.90170592e+000 6.52066514e+000 3.81040782e-001
 1.97920337e+000 7.02511848e+000 6.64176775e+000 3.83350726e-001
 2.01061930e+000 7.15412869e+000 6.75719486e+000 3.96933827e-001
 2.04203522e+000 7.28795852e+000 6.86634331e+000 4.21615203e-001
 2.07345115e+000 7.42457605e+000 6.96858362e+000 4.55992432e-001
 2.10486708e+000 7.56081371e+000 7.06325955e+000 4.97554156e-001
 2.13628300e+000 7.69260981e+000 7.14968773e+000 5.42922082e-001
 2.16769893e+000 7.81535176e+000 7.22715726e+000 5.88194505e-001
 2.19911486e+000 7.92428764e+000 7.29492939e+000 6.29358253e-001
 2.23053078e+000 8.01496501e+000 7.35223721e+000 6.62727794e-001
 2.26194671e+000 8.08365147e+000 7.39828542e+000 6.85366053e-001
 2.29336264e+000 8.12769188e+000 7.43225005e+000 6.95441829e-001
 2.32477856e+000 8.14576189e+000 7.45327834e+000 6.92483554e-001
 2.35619449e+000 8.13798688e+000 7.46048854e+000 6.77498337e-001
 2.38761042e+000 8.10590763e+000 7.45296991e+000 6.52937725e-001
 2.41902634e+000 8.05228916e+000 7.42978262e+000 6.22506536e-001
 2.45044227e+000 7.98078466e+000 7.38995783e+000 5.90826826e-001
 2.48185820e+000 7.89548195e+000 7.33249776e+000 5.62984186e-001
 2.51327412e+000 7.80037240e+000 7.25637583e+000 5.43996563e-001
 2.54469005e+000 7.69879227e+000 7.16053693e+000 5.38255340e-001
 2.57610598e+000 7.59289116e+000 7.04389766e+000 5.48993495e-001
 2.60752190e+000 7.48318236e+000 6.90534676e+000 5.77835609e-001
 2.63893783e+000 7.36822476e+000 6.74374551e+000 6.24479254e-001
 2.67035376e+000 7.24447543e+000 6.55792832e+000 6.86547109e-001
 2.70176968e+000 7.10633826e+000 6.34670335e+000 7.59634917e-001
 2.73318561e+000 6.94641651e+000 6.10885319e+000 8.37563317e-001
 2.76460154e+000 6.75595888e+000 5.84313575e+000 9.12823137e-001
 2.79601746e+000 6.52547079e+000 5.54828513e+000 9.77185662e-001
 2.82743339e+000 6.24544603e+000 5.22301271e+000 1.02243332e+000
 2.85884931e+000 5.90716196e+000 4.86600825e+000 1.04115371e+000
 2.89026524e+000 5.50347323e+000 4.47594118e+000 1.02753205e+000
 2.92168117e+000 5.02953709e+000 4.05146201e+000 9.78075075e-001
 2.95309709e+000 4.48340672e+000 3.59120382e+000 8.92202900e-001
 2.98451302e+000 3.86643879e+000 3.09378392e+000 7.72654875e-001
 3.01592895e+000 3.18347524e+000 2.55780566e+000 6.25669575e-001
 3.04734487e+000 2.44277750e+000 1.98186037e+000 4.60917129e-001
 3.07876080e+000 1.65571165e+000 1.36452942e+000 2.91182232e-001
 3.11017673e+000 8.36203238e-001 7.04386497e-001 1.31816741e-001
 3.14159265e+000 1.53902707e-015 2.83382392e-015 1.29479685e-015
