 0.00000000e+000 0.00000000e+000 0.00000000e+000 0.00000000e+000
 3.14159265e-002 7.50234289e-002 3.24132214e-002 4.26102075e-002
 6.28318531e-002 1.49546038e-001 6.68623449e-002 8.26836931e-002
 9.42477796e-002 2.23087508e-001 1.03409224e-001 1.19678283e-001
 1.25663706e-001 2.95207912e-001 1.42115451e-001 1.53092461e-001
 1.57079633e-001 3.65526418e-001 1.83042214e-001 1.82484205e-001
 1.88495559e-001 4.33738233e-001 2.26250143e-001 2.07488090e-001
 2.19911486e-001 4.99629292e-001 2.71799158e-001 2.27830135e-001
 2.51327412e-001 5.63088243e-001 3.19748292e-001 2.43339950e-001
 2.82743339e-001 6.24115354e-001 3.70155520e-001 2.53959833e-001
 3.14159265e-001 6.82828068e-001 4.23077568e-001 2.59750499e-001
 3.45575192e-001 7.39463003e-001 4.78569719e-001 2.60893284e-001
 3.76991118e-001 7.94374316e-001 5.36685605e-001 2.57688711e-001
 4.08407045e-001 8.48028430e-001 5.97476992e-001 2.50551437e-001
 4.39822972e-001 9.00995253e-001 6.60993554e-001 2.40001699e-001
 4.71238898e-001 9.53936092e-001 7.27282634e-001 2.26653458e-001
 5.02654825e-001 1.00758857e+000 7.96388999e-001 2.11199569e-001
 5.34070751e-001 1.06274894e+000 8.68354578e-001 1.94394357e-001
 5.65486678e-001 1.12025227e+000 9.43218198e-001 1.77034071e-001
 5.96902604e-001 1.18095106e+000 1.02101530e+000 1.59935763e-001
 6.28318531e-001 1.24569281e+000 1.10177764e+000 1.43915167e-001
 6.59734457e-001 1.31529721e+000 1.18553302e+000 1.29764195e-001
 6.91150384e-001 1.39053361e+000 1.27230491e+000 1.18228703e-001
 7.22566310e-001 1.47209932e+000 1.36211218e+000 1.09987142e-001
 7.53982237e-001 1.56059947e+000 1.45496874e+000 1.05630731e-001
 7.85398163e-001 1.65652893e+000 1.55088320e+000 1.05645728e-001
 8.16814090e-001 1.76025681e+000 1.64985847e+000 1.10398342e-001
 8.48230016e-001 1.87201418e+000 1.75189144e+000 1.20122740e-001
 8.79645943e-001 1.99188511e+000 1.85697256e+000 1.34912553e-001
 9.11061870e-001 2.11980163e+000 1.96508546e+000 1.54716173e-001
 9.42477796e-001 2.25554255e+000 2.07620652e+000 1.79336033e-001
 9.73893723e-001 2.39873645e+000 2.19030447e+000 2.08431973e-001
 1.00530965e+000 2.54886861e+000 2.30733996e+000 2.41528652e-001
 1.03672558e+000 2.70529196e+000 2.42726507e+000 2.78026898e-001
 1.06814150e+000 2.86724165e+000 2.55002291e+000 3.17218736e-001
 1.09955743e+000 3.03385289e+000 2.67554714e+000 3.58305748e-001
 1.13097336e+000 3.20418181e+000 2.80376147e+000 4.00420331e-001
 1.16238928e+000 3.37722850e+000 2.93457919e+000 4.42649309e-001
 1.19380521e+000 3.55196194e+000 3.06790264e+000 4.84059302e-001
 1.22522113e+000 3.72734594e+000 3.20362276e+000 5.23723184e-001
 1.25663706e+000 3.90236542e+000 3.34161850e+000 5.60746920e-001
 1.28805299e+000 4.07605243e+000 3.48175637e+000 5.94296062e-001
 1.31946891e+000 4.24751095e+000 3.62388980e+000 6.23621149e-001
 1.35088484e+000 4.41594002e+000 3.76785871e+000 6.48081310e-001
 1.38230077e+000 4.58065423e+000 3.91348887e+000 6.67165361e-001
 1.41371669e+000 4.74110114e+000 4.06059136e+000 6.80509777e-001
 1.44513262e+000 4.89687499e+000 4.20896203e+000 6.87912960e-001
 1.47654855e+000 5.04772622e+000 4.35838090e+000 6.89345328e-001
 1.50796447e+000 5.19356642e+000 4.50861158e+000 6.84954841e-001
 1.53938040e+000 5.33446842e+000 4.65940072e+000 6.75067706e-001
 1.57079633e+000 5.47066148e+000 4.81047738e+000 6.60184101e-001
 1.60221225e+000 5.60252139e+000 4.96155248e+000 6.40968911e-001
 1.63362818e+000 5.73055577e+000 5.11231819e+000 6.18237583e-001
 1.66504411e+000 5.85538469e+000 5.26244735e+000 5.92937344e-001
 1.69646003e+000 5.97771704e+000 5.41159287e+000 5.66124162e-001
 1.72787596e+000 6.09832311e+000 5.55938719e+000 5.38935920e-001
 1.75929189e+000 6.21800405e+000 5.70544161e+000 5.12562440e-001
 1.79070781e+000 6.33755886e+000 5.84934583e+000 4.88213024e-001
 1.82212374e+000 6.45774960e+000 5.99066728e+000 4.67082322e-001
 1.85353967e+000 6.57926598e+000 6.12895062e+000 4.50315364e-001
 1.88495559e+000 6.70268980e+000 6.26371715e+000 4.38972653e-001
 1.91637152e+000 6.82846056e+000 6.39446431e+000 4.33996245e-001
 1.94778745e+000 6.95684287e+000 6.52066514e+000 4.36177729e-001
 1.97920337e+000 7.08789676e+000 6.64176775e+000 4.46129014e-001
 2.01061930e+000 7.22145165e+000 6.75719486e+000 4.64256786e-001
 2.04203522e+000 7.35708473e+000 6.86634331e+000 4.90741418e-001
 2.07345115e+000 7.49410468e+000 6.96858362e+000 5.25521056e-001
 2.10486708e+000 7.63154103e+000 7.06325955e+000 5.68281479e-001
 2.13628300e+000 7.76813995e+000 7.14968773e+000 6.18452217e-001
 2.16769893e+000 7.90236654e+000 7.22715726e+000 6.75209285e-001
 2.19911486e+000 8.03241411e+000 7.29492939e+000 7.37484729e-001
 2.23053078e+000 8.15622025e+000 7.35223721e+000 8.03983039e-001
 2.26194671e+000 8.27148974e+000 7.39828542e+000 8.73204319e-001
 2.29336264e+000 8.37572400e+000 7.43225005e+000 9.43473948e-001
 2.32477856e+000 8.46625664e+000 7.45327834e+000 1.01297831e+000
 2.35619449e+000 8.54029455e+000 7.46048854e+000 1.07980601e+000
 2.38761042e+000 8.59496382e+000 7.45296991e+000 1.14199391e+000
 2.41902634e+000 8.62735966e+000 7.42978262e+000 1.19757704e+000
 2.45044227e+000 8.63459941e+000 7.38995783e+000 1.24464158e+000
 2.48185820e+000 8.61387754e+000 7.33249776e+000 1.28137978e+000
 2.51327412e+000 8.56252156e+000 7.25637583e+000 1.30614573e+000
 2.54469005e+000 8.47804780e+000 7.16053693e+000 1.31751086e+000
 2.57610598e+000 8.35821565e+000 7.04389766e+000 1.31431799e+000
 2.60752190e+000 8.20107947e+000 6.90534676e+000 1.29573272e+000
 2.63893783e+000 8.00503664e+000 6.74374551e+000 1.26129113e+000
 2.67035376e+000 7.76887101e+000 6.55792832e+000 1.21094269e+000
 2.70176968e+000 7.49179056e+000 6.34670335e+000 1.14508722e+000
 2.73318561e+000 7.17345852e+000 6.10885319e+000 1.06460533e+000
 2.76460154e+000 6.81401707e+000 5.84313575e+000 9.70881321e-001
 2.79601746e+000 6.41410309e+000 5.54828513e+000 8.65817959e-001
 2.82743339e+000 5.97485552e+000 5.22301271e+000 7.51842815e-001
 2.85884931e+000 5.49791395e+000 4.86600825e+000 6.31905702e-001
 2.89026524e+000 4.98540836e+000 4.47594118e+000 5.09467176e-001
 2.92168117e+000 4.43994016e+000 4.05146201e+000 3.88478153e-001
 2.95309709e+000 3.86455469e+000 3.59120382e+000 2.73350877e-001
 2.98451302e+000 3.26270558e+000 3.09378392e+000 1.68921662e-001
 3.01592895e+000 2.63821166e+000 2.55780566e+000 8.04060006e-002
 3.04734487e+000 1.99520715e+000 1.98186037e+000 1.33467780e-002
 3.07876080e+000 1.33808590e+000 1.36452942e+000 2.64435204e-002
 3.11017673e+000 6.71440902e-001 7.04386497e-001 3.29455947e-002
 3.14159265e+000 1.96659292e-015 2.83382392e-015 8.67231003e-016
