 0.00000000e+000 0.00000000e+000 0.00000000e+000 0.00000000e+000
 3.14159265e-002 1.25229274e-002 3.24132214e-002 1.98902940e-002
 6.28318531e-002 3.16684335e-001 6.68623449e-002 2.49821991e-001
 9.42477796e-002 1.13383511e+000 1.03409224e-001 1.03042589e+000
 1.25663706e-001 2.56016428e+000 1.42115451e-001 2.41804883e+000
 1.57079633e-001 4.53929666e+000 1.83042214e-001 4.35625444e+000
 1.88495559e-001 6.86844340e+000 2.26250143e-001 6.64219326e+000
 2.19911486e-001 9.23688997e+000 2.71799158e-001 8.96509081e+000
 2.51327412e-001 1.12885804e+001 3.19748292e-001 1.09688321e+001
 2.82743339e-001 1.26953319e+001 3.70155520e-001 1.23251764e+001
 3.14159265e-001 1.32249215e+001 4.23077568e-001 1.28018439e+001
 3.45575192e-001 1.27894220e+001 4.78569719e-001 1.23108523e+001
 3.76991118e-001 1.14634661e+001 5.36685605e-001 1.09267804e+001
 4.08407045e-001 9.46864257e+000 5.97476992e-001 8.87116558e+000
 4.39822972e-001 7.12754792e+000 6.60993554e-001 6.46655437e+000
 4.71238898e-001 4.79753082e+000 7.27282634e-001 4.07024818e+000
 5.02654825e-001 2.79846939e+000 7.96388999e-001 2.00208040e+000
 5.34070751e-001 1.35007989e+000 8.68354578e-001 4.81725315e-001
 5.65486678e-001 5.32044160e-001 9.43218198e-001 4.11174038e-001
 5.96902604e-001 2.75163763e-001 1.02101530e+000 7.45851536e-001
 6.28318531e-001 3.84930365e-001 1.10177764e+000 7.16847280e-001
 6.59734457e-001 5.91847207e-001 1.18553302e+000 5.93685811e-001
 6.91150384e-001 6.17088168e-001 1.27230491e+000 6.55216739e-001
 7.22566310e-001 2.38884756e-001 1.36211218e+000 1.12322742e+000
 7.53982237e-001 -6.54936299e-001 1.45496874e+000 2.10990504e+000
 7.85398163e-001 -2.03961938e+000 1.55088320e+000 3.59050258e+000
 8.16814090e-001 -3.75703079e+000 1.64985847e+000 5.40688926e+000
 8.48230016e-001 -5.54892157e+000 1.75189144e+000 7.30081301e+000
 8.79645943e-001 -7.11221889e+000 1.85697256e+000 8.96919145e+000
 9.11061870e-001 -8.16392526e+000 1.96508546e+000 1.01290107e+001
 9.42477796e-001 -8.50126664e+000 2.07620652e+000 1.05774732e+001
 9.73893723e-001 -8.04398877e+000 2.19030447e+000 1.02342932e+001
 1.00530965e+000 -6.84983841e+000 2.30733996e+000 9.15717837e+000
 1.03672558e+000 -5.10032934e+000 2.42726507e+000 7.52759441e+000
 1.06814150e+000 -3.06051004e+000 2.55002291e+000 5.61053295e+000
 1.09955743e+000 -1.02213666e+000 2.67554714e+000 3.69768380e+000
 1.13097336e+000 7.56847277e-001 2.80376147e+000 2.04691420e+000
 1.16238928e+000 2.10307198e+000 2.93457919e+000 8.31507210e-001
 1.19380521e+000 2.95777219e+000 3.06790264e+000 1.10130452e-001
 1.22522113e+000 3.38003299e+000 3.20362276e+000 1.76410233e-001
 1.25663706e+000 3.52340303e+000 3.34161850e+000 1.81784525e-001
 1.28805299e+000 3.59209839e+000 3.48175637e+000 1.10342028e-001
 1.31946891e+000 3.78756928e+000 3.62388980e+000 1.63679479e-001
 1.35088484e+000 4.25820048e+000 3.76785871e+000 4.90341761e-001
 1.38230077e+000 5.06392761e+000 3.91348887e+000 1.15043874e+000
 1.41371669e+000 6.16382649e+000 4.06059136e+000 2.10323513e+000
 1.44513262e+000 7.42915482e+000 4.20896203e+000 3.22019279e+000
 1.47654855e+000 8.67820600e+000 4.35838090e+000 4.31982510e+000
 1.50796447e+000 9.72411006e+000 4.50861158e+000 5.21549848e+000
 1.53938040e+000 1.04236186e+001 4.65940072e+000 5.76421793e+000
 1.57079633e+000 1.07146779e+001 4.81047738e+000 5.90420052e+000
 1.60221225e+000 1.06332961e+001 4.96155248e+000 5.67174362e+000
 1.63362818e+000 1.03052327e+001 5.11231819e+000 5.19291456e+000
 1.66504411e+000 9.91420009e+000 5.26244735e+000 4.65175275e+000
 1.69646003e+000 9.65411728e+000 5.41159287e+000 4.24252440e+000
 1.72787596e+000 9.67708419e+000 5.55938719e+000 4.11769700e+000
 1.75929189e+000 1.00501189e+001 5.70544161e+000 4.34467725e+000
 1.79070781e+000 1.07319322e+001 5.84934583e+000 4.88258632e+000
 1.82212374e+000 1.15764358e+001 5.99066728e+000 5.58576851e+000
 1.85353967e+000 1.23633100e+001 6.12895062e+000 6.23435942e+000
 1.88495559e+000 1.28492642e+001 6.26371715e+000 6.58554702e+000
 1.91637152e+000 1.28282027e+001 6.39446431e+000 6.43373841e+000
 1.94778745e+000 1.21857121e+001 6.52066514e+000 5.66504692e+000
 1.97920337e+000 1.09338882e+001 6.64176775e+000 4.29212048e+000
 2.01061930e+000 9.21655025e+000 6.75719486e+000 2.45935539e+000
 2.04203522e+000 7.28153242e+000 6.86634331e+000 4.15189111e-001
 2.07345115e+000 5.42458567e+000 6.96858362e+000 1.54399795e+000
 2.10486708e+000 3.91665536e+000 7.06325955e+000 3.14660419e+000
 2.13628300e+000 2.93120852e+000 7.14968773e+000 4.21847921e+000
 2.16769893e+000 2.48957446e+000 7.22715726e+000 4.73758279e+000
 2.19911486e+000 2.43942082e+000 7.29492939e+000 4.85550857e+000
 2.23053078e+000 2.47491123e+000 7.35223721e+000 4.87732598e+000
 2.26194671e+000 2.19805022e+000 7.39828542e+000 5.20023520e+000
 2.29336264e+000 1.21111160e+000 7.43225005e+000 6.22113845e+000
 2.32477856e+000 -7.78002358e-001 7.45327834e+000 8.23128069e+000
 2.35619449e+000 -3.86021158e+000 7.46048854e+000 1.13207001e+001
 2.38761042e+000 -7.86214661e+000 7.45296991e+000 1.53151165e+001
 2.41902634e+000 -1.23330116e+001 7.42978262e+000 1.97627942e+001
 2.45044227e+000 -1.65896833e+001 7.38995783e+000 2.39796411e+001
 2.48185820e+000 -1.98165910e+001 7.33249776e+000 2.71490887e+001
 2.51327412e+000 -2.12051179e+001 7.25637583e+000 2.84614938e+001
 2.54469005e+000 -2.01078775e+001 7.16053693e+000 2.72684145e+001
 2.57610598e+000 -1.61783428e+001 7.04389766e+000 2.32222405e+001
 2.60752190e+000 -9.46721718e+000 6.90534676e+000 1.63725639e+001
 2.63893783e+000 -4.53720544e-001 6.74374551e+000 7.19746605e+000
 2.67035376e+000 9.99847217e+000 6.55792832e+000 3.44054385e+000
 2.70176968e+000 2.07567167e+001 6.34670335e+000 1.44100133e+001
 2.73318561e+000 3.05883342e+001 6.10885319e+000 2.44794811e+001
 2.76460154e+000 3.83539489e+001 5.84313575e+000 3.25108132e+001
 2.79601746e+000 4.31904130e+001 5.54828513e+000 3.76421278e+001
 2.82743339e+000 4.46493720e+001 5.22301271e+000 3.94263593e+001
 2.85884931e+000 4.27650452e+001 4.86600825e+000 3.78990369e+001
 2.89026524e+000 3.80376626e+001 4.47594118e+000 3.35617214e+001
 2.92168117e+000 3.13347943e+001 4.05146201e+000 2.72833323e+001
 2.95309709e+000 2.37284675e+001 3.59120382e+000 2.01372637e+001
 2.98451302e+000 1.62984062e+001 3.09378392e+000 1.32046223e+001
 3.01592895e+000 9.93844691e+000 2.55780566e+000 7.38064125e+000
 3.04734487e+000 5.20277419e+000 1.98186037e+000 3.22091382e+000
 3.07876080e+000 2.22108630e+000 1.36452942e+000 8.56556883e-001
 3.11017673e+000 6.98550864e-001 7.04386497e-001 5.83563336e-003
 3.14159265e+000 -3.22449567e-014 2.83382392e-015 3.50787806e-014
