 0.00000000e+000 0.00000000e+000 0.00000000e+000 0.00000000e+000
 3.14159265e-002 1.39230284e-001 3.24132214e-002 1.06817062e-001
 6.28318531e-002 2.76383723e-001 6.68623449e-002 2.09521379e-001
 9.42477796e-002 4.09439309e-001 1.03409224e-001 3.06030084e-001
 1.25663706e-001 5.36486277e-001 1.42115451e-001 3.94370826e-001
 1.57079633e-001 6.55775720e-001 1.83042214e-001 4.72733506e-001
 1.88495559e-001 7.65768069e-001 2.26250143e-001 5.39517926e-001
 2.19911486e-001 8.65175254e-001 2.71799158e-001 5.93376096e-001
 2.51327412e-001 9.52996449e-001 3.19748292e-001 6.33248157e-001
 2.82743339e-001 1.02854650e+000 3.70155520e-001 6.58390984e-001
 3.14159265e-001 1.09147633e+000 4.23077568e-001 6.68398761e-001
 3.45575192e-001 1.14178470e+000 4.78569719e-001 6.63214981e-001
 3.76991118e-001 1.17982119e+000 5.36685605e-001 6.43135581e-001
 4.08407045e-001 1.20628011e+000 5.97476992e-001 6.08803122e-001
 4.39822972e-001 1.22218571e+000 6.60993554e-001 5.61192160e-001
 4.71238898e-001 1.22886880e+000 7.27282634e-001 5.01586167e-001
 5.02654825e-001 1.22793559e+000 7.96388999e-001 4.31546595e-001
 5.34070751e-001 1.22122944e+000 8.68354578e-001 3.52874862e-001
 5.65486678e-001 1.21078641e+000 9.43218198e-001 2.67568213e-001
 5.96902604e-001 1.19878588e+000 1.02101530e+000 1.77770578e-001
 6.28318531e-001 1.18749733e+000 1.10177764e+000 8.57196848e-002
 6.59734457e-001 1.17922476e+000 1.18553302e+000 6.30826060e-003
 6.91150384e-001 1.17625002e+000 1.27230491e+000 9.60548910e-002
 7.22566310e-001 1.18077660e+000 1.36211218e+000 1.81335583e-001
 7.53982237e-001 1.19487523e+000 1.45496874e+000 2.60093517e-001
 7.85398163e-001 1.22043267e+000 1.55088320e+000 3.30450524e-001
 8.16814090e-001 1.25910505e+000 1.64985847e+000 3.90753413e-001
 8.48230016e-001 1.31227683e+000 1.75189144e+000 4.39614605e-001
 8.79645943e-001 1.38102653e+000 1.85697256e+000 4.75946029e-001
 9.11061870e-001 1.46610005e+000 1.96508546e+000 4.98985413e-001
 9.42477796e-001 1.56789223e+000 2.07620652e+000 5.08314291e-001
 9.73893723e-001 1.68643721e+000 2.19030447e+000 5.03867261e-001
 1.00530965e+000 1.82140771e+000 2.30733996e+000 4.85932243e-001
 1.03672558e+000 1.97212333e+000 2.42726507e+000 4.55141732e-001
 1.06814150e+000 2.13756766e+000 2.55002291e+000 4.12455252e-001
 1.09955743e+000 2.31641370e+000 2.67554714e+000 3.59133445e-001
 1.13097336e+000 2.50705701e+000 2.80376147e+000 2.96704467e-001
 1.16238928e+000 2.70765567e+000 2.93457919e+000 2.26923521e-001
 1.19380521e+000 2.91617607e+000 3.06790264e+000 1.51726573e-001
 1.22522113e+000 3.13044334e+000 3.20362276e+000 7.31794186e-002
 1.25663706e+000 3.34819508e+000 3.34161850e+000 6.57658047e-003
 1.28805299e+000 3.56713708e+000 3.48175637e+000 8.53807154e-002
 1.31946891e+000 3.78499945e+000 3.62388980e+000 1.61109644e-001
 1.35088484e+000 3.99959186e+000 3.76785871e+000 2.31733143e-001
 1.38230077e+000 4.20885631e+000 3.91348887e+000 2.95367444e-001
 1.41371669e+000 4.41091614e+000 4.06059136e+000 3.50324783e-001
 1.44513262e+000 4.60411987e+000 4.20896203e+000 3.95157838e-001
 1.47654855e+000 4.78707881e+000 4.35838090e+000 4.28697916e-001
 1.50796447e+000 4.95869743e+000 4.50861158e+000 4.50085848e-001
 1.53938040e+000 5.11819549e+000 4.65940072e+000 4.58794768e-001
 1.57079633e+000 5.26512154e+000 4.81047738e+000 4.54644158e-001
 1.60221225e+000 5.39935721e+000 4.96155248e+000 4.37804734e-001
 1.63362818e+000 5.52111220e+000 5.11231819e+000 4.08794010e-001
 1.66504411e+000 5.63090996e+000 5.26244735e+000 3.68462613e-001
 1.69646003e+000 5.72956452e+000 5.41159287e+000 3.17971643e-001
 1.72787596e+000 5.81814880e+000 5.55938719e+000 2.58761618e-001
 1.75929189e+000 5.89795539e+000 5.70544161e+000 1.92513779e-001
 1.79070781e+000 5.97045053e+000 5.84934583e+000 1.21104698e-001
 1.82212374e+000 6.03722263e+000 5.99066728e+000 4.65553518e-002
 1.85353967e+000 6.09992657e+000 6.12895062e+000 2.90240495e-002
 1.88495559e+000 6.16022509e+000 6.26371715e+000 1.03492059e-001
 1.91637152e+000 6.21972901e+000 6.39446431e+000 1.74735299e-001
 1.94778745e+000 6.27993761e+000 6.52066514e+000 2.40727526e-001
 1.97920337e+000 6.34218086e+000 6.64176775e+000 2.99586885e-001
 2.01061930e+000 6.40756506e+000 6.75719486e+000 3.49629796e-001
 2.04203522e+000 6.47692329e+000 6.86634331e+000 3.89420022e-001
 2.07345115e+000 6.55077210e+000 6.96858362e+000 4.17811517e-001
 2.10486708e+000 6.62927571e+000 7.06325955e+000 4.33983845e-001
 2.13628300e+000 6.71221865e+000 7.14968773e+000 4.37469079e-001
 2.16769893e+000 6.79898792e+000 7.22715726e+000 4.28169339e-001
 2.19911486e+000 6.88856508e+000 7.29492939e+000 4.06364310e-001
 2.23053078e+000 6.97952888e+000 7.35223721e+000 3.72708333e-001
 2.26194671e+000 7.07006849e+000 7.39828542e+000 3.28216929e-001
 2.29336264e+000 7.15800721e+000 7.43225005e+000 2.74242841e-001
 2.32477856e+000 7.24083635e+000 7.45327834e+000 2.12441982e-001
 2.35619449e+000 7.31575866e+000 7.46048854e+000 1.44729875e-001
 2.38761042e+000 7.37974044e+000 7.45296991e+000 7.32294640e-002
 2.41902634e+000 7.42957127e+000 7.42978262e+000 2.11352519e-004
 2.45044227e+000 7.46193008e+000 7.38995783e+000 7.19722431e-002
 2.48185820e+000 7.47345616e+000 7.33249776e+000 1.40958398e-001
 2.51327412e+000 7.46082349e+000 7.25637583e+000 2.04447655e-001
 2.54469005e+000 7.42081673e+000 7.16053693e+000 2.60279802e-001
 2.57610598e+000 7.35040717e+000 7.04389766e+000 3.06509509e-001
 2.60752190e+000 7.24682683e+000 6.90534676e+000 3.41480075e-001
 2.63893783e+000 7.10763905e+000 6.74374551e+000 3.63893542e-001
 2.67035376e+000 6.93080384e+000 6.55792832e+000 3.72875513e-001
 2.70176968e+000 6.71473645e+000 6.34670335e+000 3.68033101e-001
 2.73318561e+000 6.45835776e+000 6.10885319e+000 3.49504570e-001
 2.76460154e+000 6.16113518e+000 5.84313575e+000 3.17999430e-001
 2.79601746e+000 5.82311305e+000 5.54828513e+000 2.74827920e-001
 2.82743339e+000 5.44493178e+000 5.22301271e+000 2.21919069e-001
 2.85884931e+000 5.02783500e+000 4.86600825e+000 1.61826754e-001
 2.89026524e+000 4.57366465e+000 4.47594118e+000 9.77234653e-002
 2.92168117e+000 4.08484375e+000 4.05146201e+000 3.33817351e-002
 2.95309709e+000 3.56434730e+000 3.59120382e+000 2.68565191e-002
 2.98451302e+000 3.01566170e+000 3.09378392e+000 7.81222223e-002
 3.01592895e+000 2.44273349e+000 2.55780566e+000 1.15072166e-001
 3.04734487e+000 1.84990856e+000 1.98186037e+000 1.31951812e-001
 3.07876080e+000 1.24186278e+000 1.36452942e+000 1.22666634e-001
 3.11017673e+000 6.23525928e-001 7.04386497e-001 8.08605692e-002
 3.14159265e+000 1.24550508e-015 2.83382392e-015 1.58831885e-015
